NaN NaN NaN NaN NaN NaN NaN 
NaN NaN NaN NaN NaN NaN NaN 
NaN NaN NaN NaN NaN NaN NaN 
NaN NaN NaN NaN NaN NaN NaN 
NaN NaN NaN NaN NaN NaN NaN 
-0.118288 -1.828713 1.291548 -4.103115 1.513626 -2.264680 -12.436087 
-0.463506 -2.195702 1.117171 -4.292367 1.745903 -1.585737 -12.708838 
-0.918657 -2.579065 1.096967 -4.679273 1.361866 -2.162862 -12.508631 
-1.079356 -3.137011 0.815792 -4.773875 1.381227 -1.998017 -12.013510 
-1.683032 -3.381918 0.132654 -5.149327 1.343501 -1.363989 -11.579051 
-1.545522 -3.893790 -0.097546 -4.802462 1.572821 -0.837503 -10.556084 
-1.982015 -4.073174 0.096149 -4.470953 1.599939 0.239872 -9.761511 
-1.992650 -4.046026 0.036436 -4.215499 1.407202 0.186783 -9.303901 
-2.350148 -4.433202 0.297730 -4.619831 1.498239 0.647585 -9.020542 
-2.202263 -4.656672 -0.119333 -5.182527 1.381934 0.469093 -8.898953 
-2.310508 -4.998626 -0.632736 -5.818895 0.721167 0.170702 -9.137159 
-2.257903 -4.990286 -0.515181 -6.179582 0.901338 -0.393923 -8.537594 
-2.019958 -4.948468 -0.724084 -6.107199 1.142366 0.848251 -8.154153 
-2.202811 -5.134380 -0.566485 -6.398071 0.848893 0.477294 -7.686165 
-1.834761 -5.183215 -0.332333 -6.320195 0.238972 0.189256 -7.734792 
-1.737650 -5.425957 -0.623645 -6.828657 -0.528074 -0.508943 -8.275394 
-1.602810 -5.673914 -1.053152 -7.589286 -0.786328 -1.149429 -8.868414 
-1.839455 -5.818482 -1.169664 -7.914556 -0.545377 -0.836913 -9.144995 
-1.613103 -5.599175 -1.505838 -7.981900 -0.650564 -0.672613 -9.180044 
-1.645974 -5.537013 -1.437455 -7.912670 -0.624162 -0.436908 -8.790326 
-1.582767 -5.311903 -1.393826 -7.760972 -0.141377 -0.070323 -8.110990 
-1.633235 -5.249872 -1.390817 -7.719492 -0.014462 0.058375 -7.883593 
-1.784371 -5.192375 -1.287869 -8.009420 -0.126322 -0.022479 -7.747365 
-2.006945 -5.779405 -2.030475 -8.760941 -1.111282 -0.605841 -9.097624 
-1.968492 -5.983726 -2.064481 -9.450293 -1.359269 -0.646551 -9.614453 
-1.864550 -5.731548 -2.027098 -9.887804 -1.390999 0.103892 -10.022151 
-1.598791 -5.495612 -1.965207 -9.970294 -1.421296 0.969411 -9.762133 
-1.413048 -5.432321 -1.704724 -9.891325 -1.781560 0.747765 -9.263204 
-1.364109 -5.527748 -1.846653 -9.753652 -1.723182 0.877921 -8.829588 
-1.206179 -5.354684 -1.612476 -9.383257 -1.978657 1.362754 -8.462378 
-0.982931 -5.083960 -1.787829 -9.267654 -2.221068 1.382838 -7.866211 
-1.008831 -4.988149 -1.306914 -8.990237 -2.787908 1.957109 -7.278229 
-1.337265 -5.129832 -1.119912 -8.790310 -3.169128 1.411539 -7.128750 
-1.015866 -4.663680 -0.492152 -8.140724 -2.476166 2.479599 -6.361455 
-0.965025 -4.257410 -0.317230 -7.802698 -1.883982 2.654787 -5.552029 
-0.818840 -3.905773 -0.070472 -7.019702 -1.256207 2.399996 -4.738811 
-0.972124 -3.855488 -0.367582 -6.550428 -1.310998 1.899053 -3.857884 
-1.111314 -3.659369 -0.043688 -6.095661 -1.491166 2.215032 -3.539569 
-1.330648 -3.336996 0.301540 -5.733408 -1.718749 1.755007 -3.235678 
-1.402886 -3.252550 0.511097 -5.143723 -1.560076 1.795991 -3.273459 
-1.544782 -3.274478 0.950102 -4.625642 -1.077152 1.667862 -3.111110 
-1.303846 -2.919814 0.404378 -3.977134 -0.801350 1.074577 -3.406010 
-0.423546 -2.267483 0.383344 -3.472619 -0.136319 1.046390 -3.108235 
-0.361134 -1.460405 0.514507 -2.583209 0.436704 1.136280 -1.942035 
-0.189722 -1.388849 0.371870 -2.206132 0.069139 0.942258 -1.071874 
-0.248441 -1.181053 0.250616 -2.244475 -0.350129 0.991848 -0.565804 
-0.036041 -0.914821 0.562416 -1.581272 0.143225 0.897169 -0.447932 
0.155447 -0.563746 0.196359 -1.418662 0.499820 0.292025 -0.207740 
0.292051 -0.196680 0.011149 -1.071160 0.719287 0.276963 -0.014174 
0.279925 0.108860 -0.268354 -0.610129 0.620104 -0.215922 0.466737 
0.368371 0.455924 -0.102222 -0.061012 0.171489 -0.576193 0.385887 
0.331717 0.601942 0.023573 0.434229 0.488321 -0.521891 0.780332 
0.399502 0.749734 -0.315745 0.943231 0.287045 -0.405780 1.093433 
0.471874 0.812475 -0.277719 1.308681 0.147941 -0.518262 1.228539 
0.329397 1.425453 -0.377449 2.172938 0.618620 -0.637334 1.195186 
0.327410 1.576492 -0.312600 2.949719 0.410995 -1.176749 1.438270 
0.352427 1.916469 -0.365853 3.354052 -0.468922 -0.823094 1.629141 
0.312414 2.070921 -0.480422 3.938664 -0.598605 -0.727268 1.843144 
0.232806 2.168279 -0.529063 4.448233 -0.605964 -1.112440 1.965853 
0.254173 2.280785 -0.638887 4.301698 -0.574248 -1.610438 1.848393 
0.562599 2.408137 -1.080107 4.573578 -0.343237 -1.806801 2.053454 
1.019673 2.369254 -1.228610 4.457954 -0.350934 -1.748491 2.527197 
0.790131 2.322764 -1.021430 5.171785 -0.695705 -2.239411 2.671859 
0.958804 2.611886 -1.119047 5.627652 -0.941936 -2.722925 2.751514 
1.148502 2.685877 -0.959024 5.920399 -1.282438 -2.743032 3.063534 
1.134527 2.702098 -1.173463 5.870593 -1.686928 -3.142476 2.987599 
0.968084 2.691978 -1.589718 5.585729 -1.471159 -4.283105 3.160057 
0.982056 3.027671 -1.910217 5.236919 -1.755842 -4.631887 3.138955 
1.265031 3.197616 -1.959919 5.129013 -2.262006 -4.650638 3.088024 
1.500546 3.395484 -1.945611 5.417822 -1.996432 -4.586760 3.399381 
1.334719 3.507690 -2.122456 5.025377 -2.465748 -4.686165 3.564380 
0.965640 4.014703 -2.219583 4.957477 -3.217198 -4.688257 3.578168 
0.870300 4.207896 -2.626181 4.243875 -3.140714 -4.411995 3.905116 
0.707053 4.379904 -2.907486 3.805183 -3.061111 -4.134323 3.781943 
1.026274 4.414281 -3.142843 3.367330 -3.146766 -4.105260 3.696306 
1.046624 4.644589 -3.487126 3.032477 -3.033992 -3.303816 3.950515 
0.979042 4.931948 -3.320590 2.855019 -3.086131 -2.750063 3.770348 
1.039471 4.917011 -3.474081 3.093300 -2.750062 -2.364389 3.817467 
1.024457 4.801466 -3.700577 3.197336 -2.536164 -2.387915 3.809104 
1.254612 4.974962 -4.224513 3.329709 -2.646195 -1.938042 4.091516 
1.502744 4.844640 -4.272328 3.658220 -2.589974 -1.426529 4.219014 
1.701770 4.592706 -4.538209 3.413280 -2.412445 -1.414447 4.332750 
1.755709 4.936778 -4.635346 3.671163 -2.137013 -1.395638 4.365999 
2.206052 4.842199 -4.797045 3.871795 -2.344566 -1.666639 4.569877 
2.108783 4.853614 -5.254096 4.171739 -2.274303 -1.755642 4.774770 
2.069658 4.932865 -5.387816 4.436139 -2.023357 -1.554264 4.660404 
2.510740 5.071257 -5.839422 4.616021 -1.985985 -1.526429 5.053061 
2.588894 5.028204 -5.860702 4.899487 -2.240442 -2.083496 5.626874 
2.780583 5.203556 -5.953614 4.932210 -2.764611 -2.044804 6.379809 
2.649780 5.265887 -5.862130 4.924290 -2.836011 -2.416577 6.728611 
2.404946 5.531487 -6.064797 4.784243 -2.470903 -2.344631 7.189236 
2.337496 5.775732 -6.278198 5.493061 -2.452676 -2.509426 7.419128 
2.655668 5.611410 -6.636604 5.294532 -2.619441 -2.546187 7.713972 
2.992153 5.686710 -7.066269 5.285807 -2.883708 -2.469940 7.942185 
3.030372 5.944211 -7.233424 5.338894 -3.227659 -2.675821 7.907736 
3.346527 5.964548 -7.201657 5.663990 -3.655515 -3.209029 8.442566 
3.548248 5.957567 -7.318140 5.884363 -3.877569 -3.557013 8.531957 
3.881576 5.902879 -7.564440 5.842805 -4.365098 -3.320240 8.414419 
3.866840 5.857576 -7.855656 6.117118 -4.130064 -3.276236 8.464579 
3.924847 5.829546 -8.116275 6.146654 -4.344528 -3.633267 8.316180 
4.275261 5.947445 -8.748589 6.187379 -4.641233 -4.433359 8.190194 
4.395761 5.805790 -8.842504 6.151540 -4.939969 -4.761664 8.181357 
4.279684 6.004660 -9.277185 6.803056 -5.791359 -4.860252 8.322472 
4.068920 6.174638 -9.184970 6.946227 -5.718765 -4.576460 8.748186 
4.258153 6.085304 -9.381056 7.290960 -5.792127 -3.737192 9.500719 
4.301802 6.084318 -9.694590 7.400214 -5.973640 -3.668683 9.592381 
4.342919 6.137034 -9.738617 7.509818 -6.224904 -3.209130 9.619361 
4.253117 6.274437 -10.059622 7.743067 -6.412318 -3.125314 10.037006 
4.406266 6.240062 -10.241447 8.067852 -6.730695 -2.865337 10.312042 
4.906652 6.154702 -10.262485 8.294179 -6.988735 -2.592647 10.620766 
5.188117 6.007058 -10.264221 8.806426 -7.204219 -2.014876 11.082192 
5.370868 6.098402 -10.403486 8.737053 -7.226938 -1.561850 11.742702 
5.626901 5.982441 -10.164487 8.828050 -6.716407 -1.799013 12.185235 
5.863581 5.914874 -10.679840 9.283502 -7.079571 -2.348033 12.394226 
6.275769 6.037244 -10.879197 9.538160 -7.438976 -2.686564 12.384218 
6.400180 6.148399 -11.028572 9.482695 -7.630348 -2.540028 12.358113 
6.395150 6.203668 -11.268371 10.014993 -7.133510 -2.927433 12.776211 
6.654300 6.521869 -11.552849 10.586352 -7.052082 -2.682220 13.193936 
6.875377 6.602312 -11.808840 10.911808 -7.269001 -3.156155 13.588738 
7.020314 6.577587 -12.265344 11.141752 -7.744796 -2.902649 14.029992 
7.126211 6.693191 -12.299994 11.352837 -8.102556 -2.852277 14.118393 
7.167899 6.639200 -12.568485 11.766465 -8.440608 -2.755196 14.069023 
7.047496 6.404530 -12.898705 11.871389 -9.387677 -3.089947 14.545974 
6.794983 6.194589 -12.815764 11.710151 -9.680494 -3.046673 15.036710 
6.542396 6.083834 -12.850124 11.889901 -9.978297 -3.336287 15.540961 
6.517739 5.755676 -13.182133 12.379614 -9.848868 -3.748437 15.983787 
6.344155 5.462015 -13.453785 12.482032 -10.173084 -2.939192 16.385714 
6.230238 5.251497 -13.504702 12.036540 -10.620554 -2.699721 16.765672 
6.206322 5.232002 -13.648226 11.744657 -11.002638 -2.356893 17.346625 
5.804289 5.023498 -13.624192 11.644003 -11.333686 -2.162953 17.985601 
5.300930 4.908974 -13.840378 11.465068 -11.458207 -2.824494 18.827645 
5.307257 4.828993 -14.071980 11.369419 -11.237302 -2.791151 19.341308 
5.766572 4.846914 -14.279273 11.865277 -10.745359 -1.791256 19.594603 
5.828571 4.869717 -14.390149 12.032269 -10.675201 -1.401655 20.140414 
5.526322 4.820913 -14.738808 11.697785 -10.773410 -0.796880 20.666473 
5.572804 4.774246 -14.905347 11.517245 -10.948351 -0.573362 20.969666 
5.654228 4.467097 -15.168843 11.267100 -11.482876 -0.982153 21.086581 
5.573183 4.276847 -15.135106 11.657134 -11.244494 -0.561094 21.152730 
5.425765 4.123418 -15.285797 11.624556 -11.128057 -0.007899 21.579744 
5.380483 4.057951 -15.389597 11.408067 -10.666345 -0.389833 21.844357 
5.634870 3.884493 -15.502587 11.773162 -10.779975 -0.042700 22.225106 
NaN NaN NaN NaN NaN NaN NaN 
NaN NaN NaN NaN NaN NaN NaN 
NaN NaN NaN NaN NaN NaN NaN 
NaN NaN NaN NaN NaN NaN NaN 
