NaN NaN NaN NaN NaN NaN NaN 
NaN NaN NaN NaN NaN NaN NaN 
NaN NaN NaN NaN NaN NaN NaN 
NaN NaN NaN NaN NaN NaN NaN 
NaN NaN NaN NaN NaN NaN NaN 
1.423307 3.454456 5.432682 10.669195 10.614230 -0.272360 8.872318 
1.267894 3.866896 5.737774 9.282638 9.648649 -0.212676 8.133467 
1.114993 3.835682 6.743608 11.953555 9.062964 0.507948 7.672887 
2.041647 3.884147 8.600859 11.892243 9.998933 0.470619 7.938192 
3.412812 4.675661 10.383084 12.770625 10.809772 2.425151 8.350554 
3.983265 4.399273 9.521398 10.945270 10.331961 2.645366 8.556773 
4.022157 4.357391 8.785956 12.454922 10.807540 2.751520 8.770274 
4.205130 5.322076 10.073578 13.173100 11.197634 3.376183 8.957153 
4.175307 4.848740 9.762505 14.104849 11.894331 3.456011 9.491453 
5.213085 5.013069 9.092775 14.970491 13.823610 3.394203 10.012745 
5.555317 5.186098 8.916116 16.271477 13.990409 3.514093 10.361438 
6.536455 4.979920 8.370011 17.678739 13.578974 2.847926 11.014692 
7.620765 5.510026 7.198137 17.003527 13.232583 2.331875 11.971082 
7.817164 5.783300 6.662038 17.186464 12.735903 3.933897 11.998713 
7.271016 5.549810 5.551046 17.065285 12.102810 2.859760 11.595990 
7.276905 5.711283 6.075618 16.626604 11.961652 2.654435 10.993896 
8.472840 5.711512 5.984071 16.555987 12.187232 2.598277 10.770306 
8.256804 4.730330 3.957932 15.729906 10.731197 1.986135 9.999434 
7.068036 5.734406 2.875527 15.482072 10.948703 1.411435 9.066084 
6.620243 5.947446 2.691267 13.225358 8.851671 1.651312 8.627267 
6.910651 6.359943 3.450606 11.730892 8.496238 0.913415 8.199040 
6.312740 7.120195 3.224564 10.697646 9.587383 1.511706 7.993506 
5.028707 6.831465 3.378737 10.295659 9.387100 1.450831 6.446511 
4.108126 6.604587 3.778319 11.942975 8.899595 -0.040834 5.932130 
3.319088 4.941207 2.973889 13.605594 9.654977 0.265967 5.896187 
3.429049 4.443706 2.334450 14.743556 9.559622 0.590270 5.441914 
2.850762 5.345537 1.996647 13.901737 8.594068 2.019908 4.531632 
2.997538 5.440827 1.680149 13.805642 9.636953 2.131169 4.608588 
4.331189 5.226911 2.187231 13.833919 9.087650 2.197337 4.006518 
4.001292 4.954653 2.245639 14.748294 9.476138 1.675317 3.471370 
3.667067 4.098548 2.208652 14.892151 9.113381 1.278223 3.472719 
2.796797 3.155975 1.937647 15.312668 7.969810 0.899854 3.439659 
4.406757 2.272407 1.166605 14.389390 7.902926 0.708832 3.311403 
5.843841 1.846227 0.261632 14.437205 9.160878 1.698565 4.030482 
6.251569 3.538203 0.033862 12.720073 7.869311 1.585566 3.756232 
5.823931 4.987601 -0.399238 12.094954 8.618278 1.516511 3.800846 
6.138264 4.651563 0.727768 11.781323 8.249744 0.312228 3.987885 
5.319473 4.088611 2.392582 11.858924 8.156431 0.302155 4.300593 
4.315333 3.358392 3.326726 11.803304 7.228538 0.944133 4.680966 
3.462015 2.898689 3.020308 9.849938 6.850633 1.158904 4.373407 
3.316385 3.161446 2.057700 8.692655 6.900657 2.979602 4.163172 
4.054704 3.037625 3.315995 8.441126 6.357444 2.853326 3.292313 
2.965797 2.589855 3.535525 8.194203 6.284208 2.112189 3.206527 
2.133803 1.870392 3.438164 5.735763 4.257490 1.240871 1.689279 
1.269016 0.745421 3.598901 5.596293 4.637905 1.107017 1.578816 
0.852546 -1.135554 3.505346 3.471004 2.369626 1.283475 1.122516 
0.663894 -1.906432 1.576455 2.242834 1.338231 0.929175 0.395913 
1.293057 -1.723920 -0.376469 0.786889 0.983576 -0.187598 0.114023 
1.225247 -1.416830 -1.179401 0.118025 0.371950 -0.871975 -0.448966 
0.739551 -1.522048 -1.825321 0.008407 -0.212124 -0.834029 -0.630889 
-0.164911 -1.470632 -1.827636 -0.453893 -0.618404 -1.025008 -1.223366 
-0.822207 -1.548537 -2.668756 -1.480598 -1.008565 -1.537286 -1.093837 
-0.881496 -1.042596 -2.420687 -2.765504 -2.066761 -1.031258 -1.228122 
-1.055338 -0.493927 -2.563585 -3.380605 -2.833035 -0.870189 -1.354769 
-1.341951 0.049991 -2.242715 -4.730076 -4.057000 -1.808556 -1.604407 
-1.900772 0.741789 -1.254717 -4.904337 -3.985096 -2.669525 -1.656609 
-2.910950 0.409847 -1.080679 -5.217823 -3.856435 -1.796103 -1.333262 
-3.114795 0.136037 -0.927977 -5.715580 -4.811668 -0.540607 -1.689476 
-3.021335 -0.115615 -1.530606 -7.510709 -4.832043 0.465204 -1.688243 
-3.300247 -0.366309 -1.129535 -7.128071 -5.219956 0.201278 -1.610611 
-3.261876 -0.380578 -1.131090 -7.667278 -5.686054 -0.645018 -1.559902 
-3.450870 -0.679775 -1.411201 -8.673410 -6.586549 -0.594956 -1.796146 
-3.366132 -2.148254 -2.767344 -9.293525 -6.956800 -1.322436 -2.750486 
-3.888828 -2.300448 -4.227898 -10.097712 -6.794442 -1.729572 -2.305572 
-4.029025 -2.361469 -5.423856 -11.119045 -7.260821 -0.795211 -2.894073 
-3.716748 -3.589833 -6.816701 -12.113775 -7.799306 -0.790093 -3.124254 
-3.868196 -4.098702 -6.848003 -13.112559 -9.264516 -2.451174 -3.726436 
-4.836250 -4.247441 -7.297825 -14.534270 -9.344161 -2.590463 -4.373313 
-6.195163 -4.673788 -8.127397 -14.292637 -9.908055 -4.102760 -4.915870 
-5.834557 -4.718814 -9.451554 -15.814351 -11.136145 -4.178811 -6.092488 
-5.201369 -5.683868 -9.106174 -15.456235 -12.030099 -3.766175 -6.334591 
-4.550361 -6.462222 -9.482376 -16.457295 -11.993457 -3.732890 -6.474914 
-5.273580 -5.911917 -8.313121 -16.747532 -11.770285 -4.295467 -6.063800 
-6.248622 -6.126576 -7.499272 -17.684199 -12.537968 -5.059699 -7.518457 
-6.747701 -7.493345 -7.930934 -17.858158 -13.463564 -5.838765 -7.412417 
-6.518344 -7.654722 -7.373475 -17.200496 -14.429675 -5.435444 -7.811735 
-5.960019 -7.551014 -7.277809 -18.054192 -14.153875 -5.089454 -7.660133 
-6.209600 -7.904695 -8.731784 -17.274610 -14.865742 -5.507365 -8.251966 
-5.353465 -7.975247 -9.940374 -18.778930 -15.234458 -5.942151 -9.178333 
-5.500395 -8.532799 -9.884557 -19.150966 -15.117660 -6.741445 -9.007342 
-5.662213 -9.710411 -11.962074 -20.676342 -15.340594 -7.650323 -9.206916 
-7.451861 -10.744105 -12.697418 -20.612036 -15.536857 -8.562946 -9.634481 
-8.238855 -10.460340 -14.785072 -20.269852 -16.804240 -8.319545 -9.888371 
-7.609307 -11.246202 -16.428586 -20.838148 -17.371215 -7.827516 -9.754691 
-7.139032 -11.596571 -16.630095 -21.938387 -17.590775 -8.287842 -10.168043 
-7.928762 -11.276839 -18.708646 -23.958239 -16.732149 -8.816991 -10.418581 
-8.962671 -11.756512 -20.374378 -24.142294 -17.659593 -9.119202 -10.855338 
-9.817496 -12.031063 -20.438328 -25.272710 -19.004282 -9.456258 -10.414069 
-10.908029 -12.594621 -20.580572 -26.661502 -19.637097 -8.978892 -9.940526 
-11.355107 -13.075083 -20.933238 -27.143437 -19.251953 -8.554703 -10.088569 
-12.016341 -12.980169 -21.033159 -27.801625 -19.273944 -8.456151 -11.185004 
-12.206075 -12.312538 -22.167800 -29.050640 -19.479932 -7.581474 -12.376234 
-12.134546 -13.737684 -21.819412 -30.629783 -20.273769 -9.051415 -12.987753 
-12.674590 -14.430386 -21.751935 -31.672284 -20.376363 -9.232198 -12.750744 
-12.747961 -14.970074 -22.829203 -31.984210 -20.896691 -9.840870 -13.374512 
-13.158391 -15.509860 -22.557545 -32.847921 -22.384465 -11.031018 -13.758683 
-13.099960 -15.754554 -22.494646 -34.010260 -22.708189 -12.002833 -14.208277 
-13.102149 -16.663265 -22.968695 -35.292946 -22.296155 -12.589204 -14.670842 
-12.852636 -17.498098 -22.930369 -34.390637 -22.785394 -13.756231 -14.781470 
-13.534014 -17.354173 -23.606135 -34.901908 -24.864402 -14.301824 -15.282595 
-14.963887 -17.803369 -24.016204 -36.044520 -25.997986 -14.774309 -15.397247 
-15.484909 -17.866916 -24.800542 -35.589491 -26.403134 -16.074835 -15.481364 
-16.302669 -18.383501 -25.606015 -35.750153 -26.359246 -14.647560 -15.370187 
-18.479700 -18.248554 -25.580546 -36.135696 -27.267705 -13.938864 -16.265078 
-19.498066 -18.108192 -25.474446 -36.909183 -27.925853 -13.801173 -16.427813 
-20.117505 -18.242733 -26.026111 -36.914866 -27.697894 -13.533965 -17.253856 
-20.902665 -18.381936 -26.718660 -37.201819 -28.408821 -13.172041 -18.368128 
-21.086967 -19.044490 -26.802856 -37.409274 -28.893294 -12.377437 -19.769371 
-22.537991 -19.513509 -27.015907 -39.043798 -29.282354 -11.794588 -20.488864 
-23.342410 -20.477447 -27.518994 -39.548643 -29.183919 -11.529634 -21.002068 
-23.184686 -21.075270 -28.132975 -40.092524 -29.824996 -11.830963 -20.944170 
-23.050228 -21.954567 -27.427543 -41.299087 -31.069511 -11.009128 -20.847698 
-23.693728 -21.285521 -27.972048 -41.848089 -31.514132 -11.856282 -21.113799 
-22.267361 -22.108321 -29.241410 -42.438651 -31.591293 -13.305085 -21.342286 
-21.807343 -22.967075 -28.924493 -42.669608 -31.220828 -12.904390 -22.068248 
-21.097529 -24.059575 -29.780824 -43.767445 -31.950825 -13.138758 -22.276661 
-21.947249 -25.210789 -29.443917 -44.033699 -32.156201 -13.331876 -22.390788 
-23.233505 -25.669790 -29.894470 -44.045979 -32.801413 -14.065047 -22.100064 
-23.854452 -25.550878 -30.466099 -44.214386 -33.494557 -15.471560 -22.389099 
-23.144644 -26.141499 -30.844895 -44.798137 -34.492065 -15.981011 -22.526097 
-22.524451 -26.395702 -31.165281 -44.753444 -34.625622 -16.095554 -23.616456 
-22.932315 -26.841758 -32.170781 -45.673331 -34.637146 -16.945386 -23.940495 
-23.382292 -27.891200 -32.524147 -46.342102 -34.957530 -17.306720 -24.094027 
-23.737161 -27.755952 -32.220873 -46.229396 -36.012139 -17.086757 -24.273663 
-24.475765 -27.549970 -32.962395 -47.013422 -37.339178 -17.471914 -24.595259 
-25.202034 -28.845866 -32.935275 -46.731598 -37.444029 -18.133962 -25.088444 
-25.236971 -28.946471 -33.713027 -46.801232 -37.763263 -18.314384 -25.195843 
-24.503656 -28.920593 -33.998679 -47.959631 -37.868632 -18.247251 -25.235916 
-23.150979 -30.362761 -34.432114 -48.764704 -38.358851 -18.134543 -25.604683 
-22.419100 -31.288772 -34.499102 -49.875540 -38.017112 -18.576161 -26.263675 
-23.175867 -31.201037 -34.256080 -50.789737 -38.767184 -19.901212 -25.994466 
-23.359387 -31.139742 -34.098517 -51.563707 -40.266526 -19.958580 -26.646508 
-22.658732 -31.411379 -34.532078 -52.081059 -40.928869 -20.607193 -27.669725 
-22.384771 -32.345255 -36.186972 -52.229051 -41.391618 -21.233634 -28.202456 
-22.700077 -32.232849 -37.222268 -52.639444 -41.380665 -22.121866 -28.041964 
-23.552321 -31.343035 -37.941865 -53.667923 -42.020214 -22.228950 -27.876874 
-23.211288 -31.720573 -38.280745 -54.869122 -42.142231 -23.248033 -28.729938 
-22.763859 -32.499486 -38.581624 -55.205845 -42.679203 -25.013256 -29.462440 
-23.601085 -32.805288 -38.609747 -55.160608 -43.233205 -25.023801 -29.392699 
-24.846942 -32.914612 -39.491506 -55.476650 -43.875516 -24.643411 -29.843166 
-25.792354 -33.396473 -40.613227 -56.730999 -43.573235 -23.529986 -30.216235 
NaN NaN NaN NaN NaN NaN NaN 
NaN NaN NaN NaN NaN NaN NaN 
NaN NaN NaN NaN NaN NaN NaN 
NaN NaN NaN NaN NaN NaN NaN 
