NaN NaN NaN NaN NaN NaN NaN NaN NaN NaN NaN NaN NaN NaN NaN NaN NaN NaN NaN NaN NaN NaN NaN NaN NaN NaN NaN NaN 
NaN NaN NaN NaN NaN NaN NaN NaN NaN NaN NaN NaN NaN NaN NaN NaN NaN NaN NaN NaN NaN NaN NaN NaN NaN NaN NaN NaN 
NaN NaN NaN NaN NaN NaN NaN NaN NaN NaN NaN NaN NaN NaN NaN NaN NaN NaN NaN NaN NaN NaN NaN NaN NaN NaN NaN NaN 
NaN NaN NaN NaN NaN NaN NaN NaN NaN NaN NaN NaN NaN NaN NaN NaN NaN NaN NaN NaN NaN NaN NaN NaN NaN NaN NaN NaN 
NaN NaN NaN NaN NaN NaN NaN NaN NaN NaN NaN NaN NaN NaN NaN NaN NaN NaN NaN NaN NaN NaN NaN NaN NaN NaN NaN NaN 
13.371230 10.459448 12.663164 -1.364425 11.083635 10.594424 -4.539679 -0.942708 0.991463 3.939177 17.463236 -0.308622 9.774891 -6.603414 4.798525 11.094194 9.866172 9.731252 12.586853 16.751483 -3.409931 17.290664 2.355407 16.780557 7.708800 3.209841 21.897586 3.013106 
12.604061 10.305296 10.778098 -0.458256 10.435214 10.789040 -4.661489 0.245796 1.129638 4.912969 16.522844 -0.230116 10.250448 -5.874582 4.638378 10.422800 9.261358 9.726323 11.959497 15.859412 -3.015811 16.590069 2.124162 16.902922 7.747932 2.999629 20.726794 3.728516 
11.875893 10.150516 9.012737 0.390263 9.824852 10.949548 -4.764894 1.360603 1.259435 5.811241 15.614491 -0.143237 10.681059 -5.174418 4.483336 9.779282 8.682978 9.713504 11.364729 15.011169 -2.638005 15.913129 1.906393 16.991788 7.785227 2.808386 19.608864 4.393246 
11.185325 9.994947 7.363157 1.182716 9.250945 11.077272 -4.850595 2.403585 1.380993 6.636382 14.737683 -0.048885 11.068002 -4.502672 4.333231 9.162955 8.130344 9.692759 10.801205 14.205170 -2.276326 15.259180 1.701712 17.048256 7.820148 2.635097 18.542059 5.008664 
10.530973 9.838436 5.825486 1.920666 8.711915 11.173518 -4.919288 3.376589 1.494453 7.390752 13.891926 0.052057 11.412539 -3.859095 4.187897 8.573143 7.602773 9.664055 10.267607 13.439851 -1.930590 14.627566 1.509732 17.073410 7.852170 2.478765 17.524668 5.576119 
9.911476 9.680831 4.395907 2.605658 8.206213 11.239568 -4.971659 4.281442 1.599951 8.076679 13.076723 0.158722 11.715913 -3.243433 4.047167 8.009174 7.099591 9.627362 9.762638 12.713673 -1.600612 14.017638 1.330068 17.068318 7.880785 2.338410 16.555004 6.096947 
9.325492 9.521987 3.070655 3.239215 7.732314 11.276687 -5.008385 5.119948 1.697624 8.696459 12.291579 0.270260 11.979352 -2.655431 3.910877 7.470387 6.620129 9.582656 9.285023 12.025118 -1.286206 13.428754 1.162336 17.034032 7.905493 2.213071 15.631409 6.572467 
8.771701 9.361763 1.846017 3.822844 7.288724 11.286116 -5.030134 5.893891 1.787606 9.252358 11.535997 0.385838 12.204070 -2.094832 3.778863 6.956127 6.163723 9.529913 8.833512 11.372693 -0.987186 12.860279 1.006154 16.971586 7.925813 2.101803 14.752245 7.003982 
8.248801 9.200021 0.718334 4.358028 6.873972 11.269078 -5.037566 6.605030 1.870028 9.746606 10.809482 0.504641 12.391262 -1.561378 3.650962 6.465747 5.729718 9.469115 8.406873 10.754925 -0.703365 12.311587 0.861141 16.882001 7.941275 2.003679 13.915905 7.392778 
7.755515 9.036630 -0.316000 4.846235 6.486616 11.226774 -5.031331 7.255106 1.945020 10.181407 10.111535 0.625870 12.542106 -1.054807 3.527013 5.998605 5.317464 9.400246 8.003900 10.170368 -0.434556 11.782057 0.726919 16.766280 7.951420 1.917790 13.120805 7.740127 
7.290581 8.871463 -1.260540 5.288910 6.125241 11.160383 -5.012072 7.845834 2.012712 10.558928 9.441660 0.748742 12.657767 -0.574856 3.406854 5.554069 4.926318 9.323294 7.623409 9.617593 -0.180572 11.271078 0.603109 16.625410 7.955807 1.843245 12.365387 8.047284 
6.852762 8.704395 -2.118786 5.687479 5.788458 11.071067 -4.980422 8.378910 2.073231 10.881309 8.799358 0.872494 12.739390 -0.121261 3.290326 5.131514 4.555641 9.238251 7.264237 9.095200 0.058775 10.778043 0.489337 16.460363 7.954007 1.779169 11.648117 8.315489 
6.440840 8.535309 -2.894185 6.043351 5.474906 10.959962 -4.937005 8.856008 2.126700 11.150654 8.184130 0.996376 12.788106 0.306245 3.177269 4.730322 4.204805 9.145112 6.925245 8.601807 0.283673 10.302355 0.385229 16.272094 7.945601 1.724705 10.967489 8.545964 
6.053616 8.364090 -3.590133 6.357913 5.183250 10.828188 -4.882437 9.278778 2.173243 11.369040 7.595478 1.119659 12.805029 0.707932 3.067527 4.349882 3.873184 9.043874 6.605315 8.136057 0.494311 9.843422 0.290411 16.061541 7.930189 1.679015 10.322022 8.739917 
5.689915 8.190630 -4.209971 6.632532 4.912183 10.676843 -4.817326 9.648851 2.212982 11.538507 7.032902 1.241627 12.791256 1.084070 2.960942 3.989591 3.560160 8.934540 6.303353 7.696615 0.690878 9.400663 0.204514 15.829629 7.907381 1.641276 9.710260 8.898539 
5.348579 8.014824 -4.756988 6.868558 4.660425 10.507002 -4.742269 9.967834 2.246037 11.661069 6.495903 1.361585 12.747870 1.434933 2.857358 3.648854 3.265123 8.817116 6.018287 7.282170 0.873563 8.973499 0.127168 15.577264 7.876802 1.610685 9.130772 9.023006 
5.028473 7.836571 -5.234420 7.067319 4.426721 10.319722 -4.657856 10.237314 2.272524 11.738703 5.983979 1.478852 12.675935 1.760796 2.756621 3.327081 2.987467 8.691610 5.749065 6.891433 1.042556 8.561362 0.058005 15.305336 7.838088 1.586454 8.582153 9.114478 
4.728482 7.655776 -5.645451 7.230124 4.209845 10.116039 -4.564667 10.458853 2.292561 11.773358 5.496630 1.592765 12.576499 2.061936 2.658577 3.023692 2.726594 8.558034 5.494662 6.523138 1.198048 8.163691 -0.003340 15.014721 7.790892 1.567815 8.063025 9.174098 
4.447510 7.472348 -5.993210 7.358263 4.008598 9.896966 -4.463275 10.633995 2.306261 11.766949 5.033355 1.702678 12.450595 2.338631 2.563073 2.738114 2.481911 8.416404 5.254072 6.176042 1.340228 7.779932 -0.057232 14.706277 7.734878 1.554017 7.572033 9.202995 
4.184483 7.286200 -6.280776 7.453007 3.821807 9.663498 -4.354243 10.764259 2.313738 11.721362 4.593652 1.807961 12.299239 2.591164 2.469957 2.469780 2.252833 8.266740 5.026312 5.848923 1.469289 7.409536 -0.104033 14.380847 7.669724 1.544325 7.107849 9.202279 
3.938348 7.097251 -6.511171 7.515606 3.648327 9.416607 -4.238125 10.851144 2.315101 11.638449 4.177019 1.908003 12.123430 2.819816 2.379079 2.218132 2.038780 8.109064 4.810423 5.540584 1.585420 7.051964 -0.144105 14.039258 7.595122 1.538023 6.669172 9.173046 
3.708071 6.905423 -6.687368 7.547291 3.487038 9.157247 -4.115466 10.896126 2.310460 11.520031 3.782952 2.002208 11.924152 3.024874 2.290289 1.982618 1.839180 7.943402 4.605466 5.249851 1.688815 6.706684 -0.177807 13.682319 7.510777 1.534412 6.254722 9.116377 
3.492640 6.710643 -6.812286 7.549273 3.336848 8.886349 -3.986804 10.900661 2.299921 11.367897 3.410950 2.089998 11.702372 3.206625 2.203438 1.762694 1.653464 7.769784 4.410527 4.975570 1.779665 6.373169 -0.205496 13.310825 7.416408 1.532810 5.863251 9.033336 
3.291063 6.512844 -6.888789 7.522746 3.196694 8.604825 -3.852667 10.866180 2.283591 11.183806 3.060508 2.170812 11.459040 3.365357 2.118378 1.557825 1.481075 7.588243 4.224713 4.716614 1.858163 6.050904 -0.227529 12.925555 7.311747 1.532554 5.493530 8.924970 
3.102368 6.311960 -6.919691 7.468880 3.065538 8.313563 -3.713574 10.794096 2.261573 10.969483 2.731122 2.244105 11.195091 3.501363 2.034962 1.367480 1.321456 7.398816 4.047154 4.471875 1.924502 5.739375 -0.244260 12.527270 7.196540 1.532997 5.144361 8.792312 
2.925605 6.107935 -6.907751 7.388830 2.942367 8.013434 -3.570036 10.685796 2.233969 10.726622 2.422288 2.309351 10.911443 3.614934 1.953045 1.191138 1.174062 7.201542 3.877001 4.240270 1.978876 5.438080 -0.256043 12.116716 7.070545 1.533510 4.814567 8.636378 
2.759842 5.900712 -6.855676 7.283727 2.826200 7.705287 -3.422554 10.542648 2.200878 10.456887 2.133500 2.366038 10.608996 3.706367 1.872482 1.028286 1.038351 6.996466 3.713429 4.020738 2.021478 5.146523 -0.263228 11.694625 6.933535 1.533483 4.503001 8.458168 
2.604171 5.690242 -6.766121 7.154687 2.716078 7.389950 -3.271622 10.365998 2.162400 10.161908 1.864254 2.413673 10.288638 3.775959 1.793130 0.878416 0.913789 6.783634 3.555636 3.812240 2.052502 4.864215 -0.266166 11.261708 6.785296 1.532321 4.208537 8.258667 
2.457701 5.476479 -6.641686 7.002803 2.611073 7.068231 -3.117724 10.157168 2.118630 9.843284 1.614043 2.451781 9.951235 3.824009 1.714845 0.741028 0.799846 6.563096 3.402841 3.613762 2.072143 4.590674 -0.265204 10.818665 6.625627 1.529449 3.930079 8.038843 
2.319564 5.259384 -6.484919 6.829150 2.510280 6.740915 -2.961335 9.917461 2.069663 9.502584 1.382362 2.479901 9.597642 3.850818 1.637486 0.615631 0.696003 6.334907 3.254285 3.424312 2.080597 4.325426 -0.260689 10.366178 6.454342 1.524306 3.666553 7.799648 
2.188912 5.038919 -6.298315 6.634782 2.412824 6.408769 -2.802922 9.648157 2.015592 9.141344 1.168702 2.497590 9.228694 3.856690 1.560912 0.501740 0.601742 6.099124 3.109234 3.242919 2.078058 4.068003 -0.252965 9.904910 6.271267 1.516353 3.416912 7.542020 
2.064916 4.815053 -6.084318 6.420736 2.317857 6.072539 -2.642944 9.350512 1.956509 8.761067 0.972558 2.504424 8.845211 3.841930 1.484983 0.398877 0.516556 5.855808 2.966974 3.068636 2.064723 3.817946 -0.242376 9.435513 6.076242 1.505066 3.180135 7.266878 
1.946771 4.587758 -5.845316 6.188027 2.224556 5.732948 -2.481849 9.025764 1.892502 8.363226 0.793421 2.499994 8.447997 3.806846 1.409561 0.306574 0.439941 5.605024 2.826815 2.900540 2.040787 3.574801 -0.229263 8.958620 5.869120 1.489938 2.955226 6.975127 
1.833688 4.357013 -5.583645 5.937651 2.132126 5.390702 -2.320078 8.675125 1.823660 7.949263 0.630782 2.483908 8.037839 3.751746 1.334508 0.224367 0.371401 5.346838 2.688087 2.737730 2.006448 3.338125 -0.213967 8.474848 5.649768 1.470481 2.741214 6.667656 
1.724903 4.122799 -5.301589 5.670586 2.039799 5.046481 -2.158063 8.299789 1.750067 7.520587 0.484134 2.455791 7.615508 3.676943 1.259687 0.151802 0.310446 5.081322 2.550146 2.579327 1.961902 3.107478 -0.196825 7.984799 5.418066 1.446224 2.537155 6.345339 
1.619670 3.885103 -5.001379 5.387789 1.946834 4.700950 -1.996226 7.900926 1.671809 7.078574 0.352968 2.415286 7.181759 3.582749 1.184962 0.088431 0.256594 4.808552 2.412369 2.424475 1.907347 2.882431 -0.178175 7.489057 5.173909 1.416714 2.342130 6.009031 
1.517264 3.643916 -4.685193 5.090197 1.852516 4.354750 -1.834982 7.479685 1.588967 6.624572 0.236772 2.362053 6.737329 3.469481 1.110199 0.033814 0.209367 4.528605 2.274153 2.272342 1.842980 2.662559 -0.158351 6.988192 4.917203 1.381513 2.155244 5.659573 
1.416979 3.399233 -4.355155 4.778728 1.756160 4.008502 -1.674737 7.037191 1.501622 6.159895 0.135039 2.295767 6.282941 3.337455 1.035265 -0.012482 0.168294 4.241563 2.134921 2.122118 1.769001 2.447446 -0.137686 6.482757 4.647869 1.340205 1.975629 5.297792 
1.318134 3.151056 -4.013336 4.454282 1.657104 3.662806 -1.515886 6.574551 1.409852 5.685825 0.047256 2.216121 5.819300 3.186991 0.960026 -0.050882 0.132912 3.947511 1.994117 1.973015 1.685607 2.236684 -0.116514 5.973288 4.365841 1.292387 1.802444 4.924495 
1.220063 2.899388 -3.661757 4.117736 1.554716 3.318241 -1.358818 6.092846 1.313735 5.203613 -0.027086 2.122827 5.347096 3.018411 0.884350 -0.081805 0.102762 3.646538 1.851208 1.824269 1.592997 2.029870 -0.095163 5.460308 4.071068 1.237677 1.634870 4.540477 
1.122125 2.644240 -3.302383 3.769951 1.448388 2.975367 -1.203912 5.593138 1.213345 4.714478 -0.088500 2.015610 4.867002 2.832038 0.808108 -0.105660 0.077393 3.338736 1.705681 1.675140 1.491372 1.826611 -0.073962 4.944320 3.763510 1.175709 1.472116 4.146513 
1.023697 2.385625 -2.937127 3.411767 1.337543 2.634721 -1.051539 5.076466 1.108756 4.219608 -0.137497 1.894216 4.379673 2.628198 0.731169 -0.122851 0.056360 3.024200 1.557049 1.524907 1.380931 1.626519 -0.053239 4.425813 3.443142 1.106134 1.313417 3.743367 
0.924178 2.123562 -2.567849 3.044003 1.221627 2.296821 -0.902059 4.543848 1.000040 3.720159 -0.174589 1.758404 3.885750 2.407219 0.653405 -0.133774 0.039225 2.703029 1.404845 1.372875 1.261874 1.429214 -0.033318 3.905260 3.109953 1.028621 1.158031 3.331782 
0.822986 1.858074 -2.196357 2.667460 1.100115 1.962164 -0.755826 3.996279 0.887265 3.217255 -0.200290 1.607955 3.385857 2.169429 0.574688 -0.138817 0.025555 2.375327 1.248626 1.218371 1.134401 1.234324 -0.014524 3.383117 2.763943 0.942858 1.005245 2.912488 
0.719561 1.589189 -1.824404 2.282921 0.972510 1.631225 -0.613184 3.434731 0.770501 2.711989 -0.215112 1.442661 2.880602 1.915160 0.494891 -0.138360 0.014924 2.041199 1.087970 1.060744 0.998715 1.041484 0.002822 2.859825 2.405127 0.848548 0.854368 2.486199 
0.613363 1.316939 -1.453693 1.891145 0.838339 1.304459 -0.474468 2.860159 0.649813 2.205422 -0.219570 1.262336 2.370576 1.644747 0.413889 -0.132778 0.006914 1.700754 0.922479 0.899368 0.855016 0.850335 0.018399 2.335808 2.033535 0.745413 0.704737 2.053613 
0.503872 1.041360 -1.085872 1.492876 0.697159 0.982302 -0.340005 2.273490 0.525266 1.698582 -0.214177 1.066808 1.856354 1.358524 0.331558 -0.122436 0.001110 1.354105 0.751776 0.733637 0.703506 0.660527 0.031888 1.811475 1.649209 0.633193 0.555715 1.615410 
0.390590 0.762495 -0.722536 1.088836 0.548551 0.665167 -0.210113 1.675633 0.396923 1.192468 -0.199449 0.855924 1.338493 1.056830 0.247772 -0.107693 -0.002892 1.001369 0.575507 0.562969 0.544388 0.471716 0.042973 1.287218 1.252203 0.511644 0.406687 1.172258 
0.273038 0.480389 -0.365229 0.679728 0.392126 0.353447 -0.085099 1.067474 0.264843 0.688045 -0.175899 0.629546 0.817537 0.740003 0.162410 -0.088900 -0.005495 0.642666 0.393340 0.386806 0.377864 0.283566 0.051336 0.763412 0.842587 0.380540 0.257067 0.724804 
0.150757 0.195092 -0.015439 0.266235 0.227519 0.047514 0.034734 0.449878 0.129088 0.186247 -0.144045 0.387554 0.294012 0.408387 0.075351 -0.066401 -0.007091 0.278118 0.204968 0.204611 0.204137 0.095748 0.056666 0.240418 0.420443 0.239674 0.106294 0.273684 
0.023312 -0.093339 0.325396 -0.150979 0.054395 -0.252280 0.149096 -0.176313 -0.010287 -0.312023 -0.104401 0.129844 -0.231574 0.062324 -0.013527 -0.040534 -0.008068 -0.092146 0.010102 0.015870 0.023411 -0.092059 0.058648 -0.281420 -0.014133 0.088855 -0.046169 -0.180484 
-0.109715 -0.384846 0.655893 -0.571269 -0.127556 -0.545604 0.257704 -0.810279 -0.153226 -0.805893 -0.057485 -0.143668 -0.758727 -0.297840 -0.104343 -0.011625 -0.008807 -0.467998 -0.191521 -0.179906 -0.164110 -0.280170 0.056973 -0.801774 -0.461031 -0.072090 -0.200831 -0.637100 
-0.248720 -0.679365 0.974720 -0.994011 -0.318617 -0.832147 0.360284 -1.451221 -0.299675 -1.294526 -0.003813 -0.433053 -1.286970 -0.671757 -0.197216 0.020002 -0.009682 -0.849303 -0.400142 -0.383187 -0.358223 -0.468892 0.051332 -1.320333 -0.920128 -0.243316 -0.358178 -1.095576 
-0.394079 -0.976825 1.280599 -1.418600 -0.519042 -1.111621 0.456571 -2.098362 -0.449581 -1.777113 0.056097 -0.738363 -1.815843 -1.059077 -0.292263 0.054034 -0.011062 -1.235924 -0.615982 -0.594416 -0.558722 -0.658525 0.041416 -1.836801 -1.391289 -0.424963 -0.518669 -1.555343 
-0.546146 -1.277155 1.572305 -1.844450 -0.729062 -1.383757 0.546308 -2.750947 -0.602896 -2.252879 0.121728 -1.059633 -2.344901 -1.459448 -0.389601 0.090163 -0.013308 -1.627721 -0.839236 -0.814017 -0.765402 -0.849362 0.026921 -2.350899 -1.874363 -0.617149 -0.682738 -2.015846 
-0.705257 -1.580277 1.848666 -2.270995 -0.948877 -1.648307 0.629248 -3.408244 -0.759569 -2.721079 0.192560 -1.396881 -2.873717 -1.872518 -0.489345 0.128090 -0.016776 -2.024549 -1.070080 -1.042388 -0.978058 -1.041687 0.007541 -2.862362 -2.369187 -0.819979 -0.850793 -2.476547 
-0.871726 -1.886106 2.108563 -2.697689 -1.178663 -1.905042 0.705151 -4.069540 -0.919556 -3.181002 0.268076 -1.750108 -3.401879 -2.297929 -0.591611 0.167524 -0.021815 -2.426260 -1.308665 -1.279907 -1.196485 -1.235779 -0.017025 -3.370944 -2.875585 -1.033537 -1.023217 -2.936925 
-1.045845 -2.194558 2.350929 -3.124004 -1.418566 -2.153758 0.773788 -4.734147 -1.082810 -3.631965 0.347756 -2.119300 -3.928993 -2.735324 -0.696512 0.208180 -0.028767 -2.832704 -1.555120 -1.526926 -1.420474 -1.431908 -0.047079 -3.876413 -3.393365 -1.257891 -1.200366 -3.396472 
-1.227887 -2.505539 2.574751 -3.549434 -1.668708 -2.394267 0.834938 -5.401398 -1.249289 -4.073321 0.431081 -2.504423 -4.454678 -3.184343 -0.804159 0.249780 -0.037969 -3.243727 -1.809552 -1.783778 -1.649821 -1.630338 -0.082921 -4.378553 -3.922325 -1.493092 -1.382573 -3.854698 
-1.418106 -2.818954 2.779067 -3.973490 -1.929182 -2.626405 0.888387 -6.070646 -1.418952 -4.504451 0.517529 -2.905429 -4.978573 -3.644624 -0.914666 0.292055 -0.049750 -3.659169 -2.072047 -2.050770 -1.884318 -1.831325 -0.124846 -4.877166 -4.462247 -1.739173 -1.570143 -4.311128 
-1.616733 -3.134702 2.962971 -4.395705 -2.200055 -2.850026 0.933931 -6.741267 -1.591758 -4.924770 0.606582 -3.322249 -5.500331 -4.115804 -1.028143 0.334743 -0.064434 -4.078869 -2.342665 -2.328188 -2.123757 -2.035119 -0.173153 -5.372069 -5.012901 -1.996148 -1.763357 -4.765304 
-1.823979 -3.452678 3.125608 -4.815629 -2.481366 -3.065009 0.971377 -7.412661 -1.767671 -5.333723 0.697716 -3.754802 -6.019623 -4.597516 -1.144698 0.377588 -0.082337 -4.502663 -2.621448 -2.616293 -2.367931 -2.241960 -0.228135 -5.863095 -5.574042 -2.264016 -1.962469 -5.216784 
-2.040035 -3.772772 3.266176 -5.232834 -2.773130 -3.271248 1.000536 -8.084247 -1.946655 -5.730789 0.790412 -4.202986 -6.536136 -5.089392 -1.264441 0.420343 -0.103771 -4.930383 -2.908411 -2.915327 -2.616631 -2.452083 -0.290086 -6.350092 -6.145412 -2.542757 -2.167709 -5.665140 
-2.265071 -4.094868 3.383925 -5.646910 -3.075331 -3.468663 1.021233 -8.755467 -2.128674 -6.115476 0.884146 -4.666684 -7.049571 -5.591063 -1.387480 0.462767 -0.129039 -5.361855 -3.203550 -3.225506 -2.869648 -2.665715 -0.359295 -6.832926 -6.726741 -2.832334 -2.379281 -6.109963 
-2.499237 -4.418849 3.478161 -6.057466 -3.387929 -3.657191 1.033297 -9.425784 -2.313697 -6.487326 0.978397 -5.145761 -7.559649 -6.102157 -1.513920 0.504629 -0.158439 -5.796905 -3.506836 -3.547024 -3.126774 -2.883076 -0.436054 -7.311478 -7.317745 -3.132691 -2.597363 -6.550856 
-2.742661 -4.744591 3.548239 -6.464133 -3.710855 -3.836792 1.036569 -10.094684 -2.501694 -6.845910 1.072641 -5.640067 -8.066105 -6.622299 -1.643868 0.545703 -0.192263 -6.235355 -3.818221 -3.880052 -3.387799 -3.104378 -0.520650 -7.785645 -7.918124 -3.443756 -2.822108 -6.987441 
-2.995453 -5.071965 3.593570 -6.866560 -4.044014 -4.007446 1.030898 -10.761676 -2.692635 -7.190834 1.166356 -6.149433 -8.568690 -7.151113 -1.777427 0.585770 -0.230796 -6.677021 -4.137631 -4.224739 -3.652512 -3.329828 -0.613369 -8.255342 -8.527568 -3.765440 -3.053642 -7.419355 
-3.257700 -5.400839 3.613616 -7.264415 -4.387284 -4.169152 1.016141 -11.426287 -2.886493 -7.521733 1.259017 -6.673674 -9.067173 -7.688222 -1.914703 0.624621 -0.274316 -7.121718 -4.464971 -4.581211 -3.920705 -3.559622 -0.714496 -8.720497 -9.145751 -4.097635 -3.292068 -7.846250 
-3.529470 -5.731075 3.607894 -7.657387 -4.740517 -4.321933 0.992164 -12.088069 -3.083243 -7.838274 1.350099 -7.212587 -9.561339 -8.233246 -2.055796 0.662052 -0.323095 -7.569256 -4.800123 -4.949571 -4.192165 -3.793951 -0.824314 -9.181056 -9.772335 -4.440216 -3.537461 -8.267797 
-3.810810 -6.062532 3.575972 -8.045183 -5.103536 -4.465830 0.958843 -12.746596 -3.282861 -8.140158 1.439079 -7.765953 -10.050987 -8.785801 -2.200808 0.697868 -0.377399 -8.019444 -5.142948 -5.329899 -4.466683 -4.033000 -0.943105 -9.636980 -10.406969 -4.793041 -3.789871 -8.683680 
-4.101745 -6.395062 3.517470 -8.427531 -5.476138 -4.600906 0.916060 -13.401462 -3.485327 -8.427115 1.525431 -8.333536 -10.535937 -9.345505 -2.349841 0.731880 -0.437488 -8.472084 -5.493283 -5.722251 -4.744046 -4.276944 -1.071149 -10.088248 -11.049286 -5.155950 -4.049325 -9.093598 
-4.402283 -6.728516 3.432065 -8.804177 -5.858094 -4.727245 0.863710 -14.052284 -3.690619 -8.698907 1.608629 -8.915083 -11.016020 -9.911971 -2.502994 0.763908 -0.503614 -8.926977 -5.850944 -6.126664 -5.024042 -4.525952 -1.208723 -10.534854 -11.698908 -5.528764 -4.315820 -9.497270 
-4.712407 -7.062738 3.319483 -9.174889 -6.249146 -4.844950 0.801692 -14.698701 -3.898720 -8.955329 1.688147 -9.510324 -11.491088 -10.484812 -2.660365 0.793777 -0.576024 -9.383921 -6.215723 -6.543147 -5.306459 -4.780185 -1.356105 -10.976806 -12.355442 -5.911290 -4.589331 -9.894427 
-5.032083 -7.397566 3.179504 -9.539452 -6.649011 -4.954147 0.729918 -15.340373 -4.109614 -9.196206 1.763459 -10.118971 -11.961006 -11.063636 -2.822051 0.821323 -0.654958 -9.842707 -6.587390 -6.971691 -5.591085 -5.039799 -1.513569 -11.414132 -13.018483 -6.303314 -4.869806 -10.284819 
-5.361256 -7.732838 3.011961 -9.897672 -7.057377 -5.054981 0.648305 -15.976983 -4.323285 -9.421398 1.834037 -10.740721 -12.425656 -11.648051 -2.988150 0.846386 -0.740650 -10.303127 -6.965693 -7.412261 -5.877706 -5.304939 -1.681389 -11.846874 -13.687612 -6.704607 -5.157168 -10.668209 
-5.699847 -8.068382 2.816741 -10.249374 -7.473908 -5.147619 0.556782 -16.608235 -4.539722 -9.630792 1.899354 -11.375252 -12.884938 -12.237664 -3.158757 0.868815 -0.833328 -10.764967 -7.350357 -7.864801 -6.166109 -5.575747 -1.859837 -12.275089 -14.362395 -7.114920 -5.451313 -11.044378 
-6.047762 -8.404026 2.593783 -10.594402 -7.898238 -5.232247 0.455284 -17.233855 -4.758912 -9.824310 1.958882 -12.022226 -13.338768 -12.832079 -3.333965 0.888466 -0.933212 -11.228009 -7.741086 -8.329231 -6.456080 -5.852354 -2.049182 -12.698852 -15.042386 -7.533989 -5.752114 -11.413122 
-6.404881 -8.739592 2.343079 -10.932622 -8.329975 -5.309073 0.343758 -17.853591 -4.980848 -10.001904 2.012092 -12.681290 -13.787075 -13.430896 -3.513870 0.905203 -1.040516 -11.692034 -8.137559 -8.805448 -6.747404 -6.134886 -2.249693 -13.118253 -15.727125 -7.961531 -6.059417 -11.774254 
-6.771068 -9.074895 2.064673 -11.263917 -8.768701 -5.378325 0.222157 -18.467213 -5.205520 -10.163559 2.058456 -13.352069 -14.229809 -14.033717 -3.698563 0.918897 -1.155450 -12.156817 -8.539436 -9.293328 -7.039867 -6.423461 -2.461638 -13.533399 -16.416140 -8.397245 -6.373041 -12.127602 
-7.146163 -9.409749 1.758663 -11.588189 -9.213970 -5.440254 0.090443 -19.074513 -5.432924 -10.309291 2.097444 -14.034177 -14.666934 -14.640138 -3.888136 0.929427 -1.278215 -12.622131 -8.946350 -9.792722 -7.333254 -6.718189 -2.685280 -13.944413 -17.108943 -8.840815 -6.692783 -12.473009 
-7.529988 -9.743962 1.425200 -11.905364 -9.665310 -5.495129 -0.051413 -19.675304 -5.663056 -10.439148 2.128526 -14.727206 -15.098430 -15.249755 -4.082678 0.936677 -1.409005 -13.087745 -9.357916 -10.303460 -7.627349 -7.019174 -2.920885 -14.351432 -17.805035 -9.291903 -7.018410 -12.810337 
-7.922342 -10.077336 1.064488 -12.215382 -10.122220 -5.543239 -0.203428 -20.269421 -5.895914 -10.553208 2.151173 -15.430734 -15.524294 -15.862162 -4.282281 0.940542 -1.548011 -13.553425 -9.773724 -10.825348 -7.921936 -7.326512 -3.168713 -14.754612 -18.503902 -9.750159 -7.349667 -13.139460 
-8.323006 -10.409671 0.676783 -12.518206 -10.584174 -5.584898 -0.365616 -20.856723 -6.131497 -10.651583 2.164852 -16.144322 -15.944540 -16.476951 -4.487032 0.940922 -1.695415 -14.018933 -10.193342 -11.358171 -8.216799 -7.640293 -3.429026 -15.154124 -19.205016 -10.215211 -7.686273 -13.460271 
-8.731739 -10.740760 0.262395 -12.813817 -11.050619 -5.620436 -0.537979 -21.437089 -6.369806 -10.734416 2.169034 -16.867511 -16.359196 -17.093711 -4.697019 0.937725 -1.851392 -14.484027 -10.616315 -11.901687 -8.511722 -7.960596 -3.702081 -15.550154 -19.907837 -10.686671 -8.027920 -13.772678 
-9.148279 -11.070394 -0.178315 -13.102217 -11.520974 -5.650207 -0.720508 -22.010418 -6.610846 -10.801881 2.163186 -17.599830 -16.768310 -17.712030 -4.912327 0.930866 -2.016113 -14.948463 -11.042169 -12.455637 -8.806486 -8.287498 -3.988137 -15.942905 -20.611812 -11.164135 -8.374274 -14.076605 
-9.572345 -11.398357 -0.644930 -13.383427 -11.994631 -5.674584 -0.913191 -22.576635 -6.854620 -10.854184 2.146776 -18.340786 -17.171943 -18.331494 -5.133044 0.920269 -2.189740 -15.411992 -11.470402 -13.019734 -9.100875 -8.621065 -4.287449 -16.332597 -21.316372 -11.647179 -8.724979 -14.371990 
-10.003633 -11.724430 -1.136983 -13.657487 -12.470956 -5.693961 -1.116002 -23.135685 -7.101136 -10.891562 2.119272 -19.089872 -17.570173 -18.951686 -5.359253 0.905863 -2.372432 -15.874363 -11.900493 -13.593671 -9.394670 -8.961357 -4.600270 -16.719464 -22.020936 -12.135362 -9.079649 -14.658790 
-10.441823 -12.048389 -1.653952 -13.924457 -12.949287 -5.708753 -1.328909 -23.687533 -7.350403 -10.914286 2.080141 -19.846564 -17.963097 -19.572188 -5.591037 0.887587 -2.564338 -16.335321 -12.331899 -14.177118 -9.687653 -9.308426 -4.926853 -17.103758 -22.724911 -12.628227 -9.437875 -14.936977 
-10.886568 -12.370005 -2.195263 -14.184416 -13.428937 -5.719396 -1.551870 -24.232168 -7.602430 -10.922656 2.028849 -20.610320 -18.350824 -20.192579 -5.828479 0.865385 -2.765603 -16.794607 -12.764053 -14.769722 -9.979606 -9.662318 -5.267448 -17.485746 -23.427687 -13.125299 -9.799222 -15.206538 
-11.337507 -12.689045 -2.760290 -14.437463 -13.909189 -5.726346 -1.784835 -24.769602 -7.857230 -10.917005 1.964861 -21.380582 -18.733484 -20.812437 -6.071661 0.839210 -2.976364 -17.251959 -13.196366 -15.371106 -10.270310 -10.023070 -5.622305 -17.865712 -24.128644 -13.626083 -10.163230 -15.467476 
-11.794254 -13.005271 -3.348353 -14.683717 -14.389301 -5.730080 -2.027745 -25.299865 -8.114817 -10.897698 1.887645 -22.156773 -19.111218 -21.431337 -6.320662 0.809022 -3.196753 -17.707112 -13.628226 -15.980872 -10.559543 -10.390714 -5.991670 -18.243954 -24.827147 -14.130070 -10.529413 -15.719810 
-12.256403 -13.318441 -3.958718 -14.923316 -14.868504 -5.731096 -2.280532 -25.823013 -8.375206 -10.865130 1.796664 -22.938301 -19.484189 -22.048854 -6.575563 0.774788 -3.426895 -18.159795 -14.059000 -16.598598 -10.847088 -10.765272 -6.375791 -18.620789 -25.522547 -14.636732 -10.897257 -15.963577 
-12.723530 -13.628308 -4.590600 -15.156418 -15.346001 -5.729913 -2.543119 -26.339120 -8.638415 -10.819729 1.691384 -23.724558 -19.852573 -22.664557 -6.836442 0.736482 -3.666908 -18.609738 -14.488031 -17.223839 -11.132723 -11.146762 -6.774910 -18.996549 -26.214183 -15.145522 -11.266228 -16.198827 
-13.195188 -13.934620 -5.243161 -15.383200 -15.820970 -5.727069 -2.815422 -26.848286 -8.904462 -10.761956 1.571268 -24.514916 -20.216562 -23.278018 -7.103376 0.694088 -3.916904 -19.056663 -14.914641 -17.856129 -11.416228 -11.535191 -7.189270 -19.371580 -26.901379 -15.655878 -11.635760 -16.425627 
-13.670910 -14.237121 -5.915509 -15.603858 -16.292559 -5.723125 -3.097346 -27.350630 -9.173371 -10.692300 1.435780 -25.308731 -20.576366 -23.888803 -7.376442 0.647594 -4.176989 -19.500292 -15.338128 -18.494977 -11.697382 -11.930562 -7.619112 -19.746248 -27.583446 -16.167219 -12.005267 -16.644061 
-14.150210 -14.535552 -6.606699 -15.818610 -16.759892 -5.718662 -3.388788 -27.846293 -9.445162 -10.611284 1.284385 -26.105345 -20.932210 -24.496478 -7.655715 0.596998 -4.447263 -19.940340 -15.757769 -19.139870 -11.975962 -12.332868 -8.064676 -20.120931 -28.259682 -16.678946 -12.374134 -16.854228 
-14.632578 -14.829645 -7.315734 -16.027691 -17.222065 -5.714280 -3.689636 -28.335439 -9.719860 -10.519464 1.116543 -26.904078 -21.284337 -25.100607 -7.941269 0.542303 -4.727819 -20.376523 -16.172817 -19.790273 -12.251748 -12.742097 -8.526199 -20.496025 -28.929371 -17.190445 -12.741721 -17.056242 
-15.117487 -15.119133 -8.041563 -16.231356 -17.678145 -5.710602 -3.999771 -28.818254 -9.997492 -10.417426 0.931718 -27.704238 -21.633005 -25.700749 -8.233178 0.483522 -5.018742 -20.808550 -16.582505 -20.445626 -12.524516 -13.158229 -9.003918 -20.871944 -29.591785 -17.701081 -13.107364 -17.250234 
-15.604387 -15.403740 -8.783084 -16.429882 -18.127176 -5.708271 -4.319062 -29.294944 -10.278087 -10.305786 0.729372 -28.505112 -21.978488 -26.296466 -8.531515 0.420674 -5.320113 -21.236128 -16.986040 -21.105350 -12.794044 -13.581237 -9.498065 -21.249114 -30.246180 -18.210203 -13.470372 -17.436352 
-16.092710 -15.683187 -9.539141 -16.623561 -18.568171 -5.707950 -4.647373 -29.765738 -10.561673 -10.185195 0.508966 -29.305972 -22.321078 -26.887314 -8.836350 0.353785 -5.632007 -21.658960 -17.382610 -21.768839 -13.060108 -14.011084 -10.008875 -21.627981 -30.891800 -18.717145 -13.830029 -17.614758 
-16.581865 -15.957192 -10.308524 -16.812709 -19.000120 -5.710323 -4.984556 -30.230888 -10.848283 -10.056333 0.269961 -30.106074 -22.661082 -27.472849 -9.147755 0.282890 -5.954489 -22.076746 -17.771379 -22.435467 -13.322486 -14.447730 -10.536579 -22.009004 -31.527876 -19.221218 -14.185593 -17.785630 
-17.071241 -16.225466 -11.089971 -16.997659 -19.421981 -5.716096 -5.330456 -30.690667 -11.137951 -9.919915 0.011817 -30.904654 -22.998822 -28.052624 -9.465798 0.208029 -6.287622 -22.489181 -18.151487 -23.104584 -13.580953 -14.891125 -11.081405 -22.392661 -32.153624 -19.721721 -14.536297 -17.949164 
-17.560207 -16.487716 -11.882167 -17.178765 -19.832691 -5.725993 -5.684908 -31.145368 -11.430710 -9.776683 -0.266005 -31.700935 -23.334641 -28.626191 -9.790547 0.129252 -6.631460 -22.895959 -18.522056 -23.775517 -13.835285 -15.341213 -11.643582 -22.779443 -32.768247 -20.217933 -14.881348 -18.105569 
-18.048113 -16.743645 -12.683745 -17.356399 -20.231155 -5.740763 -6.047741 -31.595309 -11.726600 -9.627415 -0.564045 -32.494119 -23.668893 -29.193098 -10.122072 0.046614 -6.986050 -23.296769 -18.882180 -24.447572 -14.085257 -15.797929 -12.223337 -23.169859 -33.370937 -20.709114 -15.219927 -18.255073 
-18.534284 -16.992953 -13.493284 -17.530955 -20.616253 -5.761171 -6.418771 -32.040827 -12.025657 -9.472918 -0.882846 -33.283393 -24.001952 -29.752892 -10.460436 -0.039820 -7.351435 -23.691298 -19.230935 -25.120029 -14.330643 -16.261203 -12.820893 -23.564434 -33.960869 -21.194509 -15.551191 -18.397918 
-19.018029 -17.235331 -14.309310 -17.702843 -20.986840 -5.788005 -6.797809 -32.482284 -12.327924 -9.314031 -1.222948 -34.067928 -24.334206 -30.305120 -10.805707 -0.129979 -7.727650 -24.079226 -19.567373 -25.792149 -14.571219 -16.730956 -13.436474 -23.963709 -34.537205 -21.673344 -15.874271 -18.534362 
-19.498634 -17.470470 -15.130297 -17.872495 -21.341739 -5.822074 -7.184654 -32.920062 -12.633442 -9.151627 -1.584893 -34.846876 -24.666061 -30.849325 -11.157948 -0.223786 -8.114724 -24.460234 -19.890522 -26.463166 -14.806759 -17.207103 -14.070302 -24.368240 -35.099097 -22.144828 -16.188270 -18.664679 
-19.975366 -17.698054 -15.954665 -18.040363 -21.679752 -5.864208 -7.579100 -33.354564 -12.942255 -8.986607 -1.969222 -35.619374 -24.997938 -31.385047 -11.517224 -0.321154 -8.512679 -24.833996 -20.199390 -27.132295 -15.037035 -17.689550 -14.722595 -24.778600 -35.645679 -22.608153 -16.492270 -18.789160 
-20.447469 -17.917763 -16.780782 -18.206917 -21.999649 -5.915256 -7.980930 -33.786216 -13.254410 -8.819907 -2.376480 -36.384541 -25.330277 -31.911826 -11.883595 -0.421990 -8.921532 -25.200184 -20.492961 -27.798727 -15.261821 -18.178197 -15.393573 -25.195379 -36.176074 -23.062492 -16.785322 -18.908110 
-20.914170 -18.129273 -17.606962 -18.372647 -22.300176 -5.976089 -8.389917 -34.215466 -13.569955 -8.652492 -2.807209 -37.141478 -25.663530 -32.429198 -12.257124 -0.526193 -9.341292 -25.558468 -20.770197 -28.461628 -15.480891 -18.672937 -16.083452 -25.619182 -36.689392 -23.507002 -17.066456 -19.021853 
-21.374671 -18.332254 -18.431468 -18.538064 -22.580052 -6.047598 -8.805828 -34.642783 -13.888938 -8.485361 -3.261952 -37.889270 -25.998168 -32.936700 -12.637870 -0.633655 -9.771963 -25.908512 -21.030038 -29.120144 -15.694015 -19.173656 -16.792446 -26.050630 -37.184727 -23.940822 -17.334675 -19.130725 
-21.828158 -18.526372 -19.252508 -18.703696 -22.837966 -6.130696 -9.228418 -35.068660 -14.211411 -8.319543 -3.741255 -38.626987 -26.334679 -33.433864 -13.025894 -0.744262 -10.213541 -26.249978 -21.271401 -29.773398 -15.900967 -19.680230 -17.520769 -26.490359 -37.661163 -24.363073 -17.588956 -19.235082 
-22.273794 -18.711291 -20.068237 -18.870092 -23.072584 -6.226315 -9.657438 -35.493609 -14.537427 -8.156099 -4.245660 -39.353678 -26.673567 -33.920222 -13.421253 -0.857888 -10.666018 -26.582523 -21.493180 -30.420488 -16.101518 -20.192531 -18.268633 -26.939024 -38.117767 -24.772859 -17.828249 -19.335292 
-22.710721 -18.886665 -20.876760 -19.037822 -23.282543 -6.335409 -10.092625 -35.918166 -14.867041 -7.996122 -4.775714 -40.068378 -27.015350 -34.395301 -13.824005 -0.974406 -11.129376 -26.905803 -21.694249 -31.060491 -16.295440 -20.710423 -19.036248 -27.397294 -38.553595 -25.169265 -18.051482 -19.431741 
-23.138062 -19.052149 -21.676126 -19.207472 -23.466453 -6.458953 -10.533711 -36.342887 -15.200310 -7.840738 -5.331962 -40.770105 -27.360565 -34.858631 -14.234207 -1.093676 -11.603595 -27.219468 -21.873456 -31.692461 -16.482502 -21.233761 -19.823821 -27.865854 -38.967688 -25.551362 -18.257556 -19.524832 
-23.554918 -19.207390 -22.464332 -19.379652 -23.622897 -6.597941 -10.980417 -36.768352 -15.537291 -7.691101 -5.914950 -41.457859 -27.709764 -35.309735 -14.651913 -1.215554 -12.088645 -27.523166 -22.029629 -32.315429 -16.662476 -21.762393 -20.631561 -28.345407 -39.359076 -25.918199 -18.445344 -19.614982 
-23.960371 -19.352032 -23.239322 -19.554986 -23.750432 -6.753388 -11.432456 -37.195162 -15.878046 -7.548400 -6.525224 -42.130622 -28.063516 -35.748137 -15.077178 -1.339887 -12.584492 -27.816542 -22.161572 -32.928403 -16.835131 -22.296163 -21.459672 -28.836669 -39.726771 -26.268811 -18.613696 -19.702624 
-24.353481 -19.485714 -23.998989 -19.734123 -23.847587 -6.926333 -11.889534 -37.623939 -16.222637 -7.413855 -7.163331 -42.787362 -28.422405 -36.173357 -15.510055 -1.466516 -13.091093 -28.099236 -22.268070 -33.530369 -17.000237 -22.834904 -22.308357 -29.340375 -40.069777 -26.602213 -18.761436 -19.788208 
-24.733289 -19.608069 -24.741169 -19.917729 -23.912864 -7.117831 -12.351344 -38.055327 -16.571126 -7.288718 -7.829818 -43.427027 -28.787034 -36.584915 -15.950596 -1.595272 -13.608401 -28.370885 -22.347880 -34.120288 -17.157563 -23.378443 -23.177819 -29.857274 -40.387080 -26.917405 -18.887363 -19.872200 
-25.098814 -19.718728 -25.463650 -20.106490 -23.944739 -7.328961 -12.817575 -38.489994 -16.923580 -7.174270 -8.525233 -44.048550 -29.158021 -36.982328 -16.398853 -1.725981 -14.136362 -28.631123 -22.399742 -34.697101 -17.306878 -23.926599 -24.068258 -30.388133 -40.677655 -27.213367 -18.990250 -19.955080 
-25.449054 -19.817316 -26.164163 -20.301110 -23.941660 -7.560820 -13.287904 -38.928627 -17.280066 -7.071826 -9.250125 -44.650847 -29.535998 -37.365110 -16.854877 -1.858461 -14.674914 -28.879581 -22.422369 -35.259724 -17.447951 -24.479187 -24.979872 -30.933733 -40.940463 -27.489063 -19.068842 -20.037347 
-25.782989 -19.903454 -26.840388 -20.502315 -23.902049 -7.814530 -13.762000 -39.371937 -17.640652 -6.982734 -10.005042 -45.232816 -29.921617 -37.732775 -17.318716 -1.992522 -15.223992 -29.115885 -22.414455 -35.807052 -17.580549 -25.036010 -25.912859 -31.494874 -41.174451 -27.743439 -19.121863 -20.119514 
-26.099576 -19.976757 -27.489952 -20.710850 -23.824300 -8.091229 -14.239524 -39.820655 -18.005411 -6.908370 -10.790534 -45.793338 -30.315544 -38.084833 -17.790418 -2.127968 -15.783521 -29.339659 -22.374670 -36.337955 -17.704440 -25.596866 -26.867414 -32.072368 -41.378553 -27.975423 -19.148009 -20.202109 
-26.397753 -20.036838 -28.110428 -20.927478 -23.706780 -8.392078 -14.720128 -40.275536 -18.374414 -6.850145 -11.607149 -46.331278 -30.718463 -38.420794 -18.270032 -2.264594 -16.353422 -29.550523 -22.301661 -36.851283 -17.819391 -26.161547 -27.843731 -32.667046 -41.551690 -28.183926 -19.145948 -20.285678 
-26.676436 -20.083302 -28.699338 -21.152983 -23.547831 -8.718259 -15.203454 -40.737354 -18.747736 -6.809500 -12.455438 -46.845483 -31.131072 -38.740164 -18.757602 -2.402188 -16.933607 -29.748093 -22.194054 -37.345861 -17.925169 -26.729836 -28.842002 -33.279755 -41.692768 -28.367842 -19.114328 -20.370782 
-26.934522 -20.115753 -29.254149 -21.388168 -23.345766 -9.070974 -15.689137 -41.206909 -19.125453 -6.787908 -13.335952 -47.334784 -31.554088 -39.042448 -19.253176 -2.540530 -17.523986 -29.931982 -22.050452 -37.820493 -18.021541 -27.301508 -29.862418 -33.911357 -41.800681 -28.526047 -19.051767 -20.457998 
-27.170886 -20.133788 -29.772277 -21.633857 -23.098871 -9.451445 -16.176803 -41.685019 -19.507644 -6.786874 -14.249241 -47.797995 -31.988243 -39.327150 -19.756796 -2.679396 -18.124458 -30.101799 -21.869434 -38.273957 -18.108272 -27.876333 -30.905167 -34.562730 -41.874308 -28.657399 -18.956859 -20.547919 
-27.384383 -20.137001 -30.251084 -21.890891 -22.805406 -9.860918 -16.666067 -42.172525 -19.894387 -6.807933 -15.195857 -48.233912 -32.434284 -39.593769 -20.268506 -2.818549 -18.734918 -30.257152 -21.649560 -38.705011 -18.185127 -28.454072 -31.970437 -35.234771 -41.912518 -28.760738 -18.828173 -20.641153 
-27.573849 -20.124980 -30.687879 -22.160132 -22.463604 -10.300655 -17.156538 -42.670292 -20.285765 -6.852655 -16.176353 -48.641315 -32.892978 -39.841805 -20.788349 -2.957749 -19.355254 -30.397641 -21.389364 -39.112390 -18.251873 -29.034480 -33.058414 -35.928388 -41.914161 -28.834889 -18.664250 -20.738326 
-27.738097 -20.097309 -31.079919 -22.442462 -22.071670 -10.771942 -17.647816 -43.179203 -20.681861 -6.922638 -17.191279 -49.018967 -33.365104 -40.070754 -21.316365 -3.096747 -19.985348 -30.522867 -21.087360 -39.494805 -18.308274 -29.617304 -34.169281 -36.644509 -41.878079 -28.878656 -18.463609 -20.840078 
-27.875921 -20.053568 -31.424406 -22.738782 -21.627784 -11.276084 -18.139490 -43.700166 -21.082760 -7.019514 -18.241190 -49.365614 -33.851461 -40.280112 -21.852596 -3.235287 -20.625076 -30.632425 -20.742038 -39.850946 -18.354094 -30.202283 -35.303221 -37.384077 -41.803097 -28.890828 -18.224742 -20.947066 
-27.986094 -19.993331 -31.718491 -23.050012 -21.130096 -11.814409 -18.631142 -44.234110 -21.488549 -7.144947 -19.326638 -49.679983 -34.352862 -40.469370 -22.397079 -3.373105 -21.274305 -30.725907 -20.351866 -40.179478 -18.389097 -30.789150 -36.460415 -38.148051 -41.688028 -28.870177 -17.946113 -21.059962 
-28.067368 -19.916170 -31.959272 -23.377092 -20.576732 -12.388263 -19.122344 -44.781985 -21.899316 -7.300630 -20.448177 -49.960788 -34.870137 -40.638021 -22.949854 -3.509930 -21.932900 -30.802902 -19.915290 -40.479044 -18.413047 -31.377630 -37.641042 -38.937406 -41.531671 -28.815454 -17.626164 -21.179455 
-28.118475 -19.821650 -32.143793 -23.720982 -19.965789 -12.999015 -19.612662 -45.344764 -22.315153 -7.488291 -21.606362 -50.206722 -35.404133 -40.785551 -23.510957 -3.645483 -22.600714 -30.862995 -19.430733 -40.748265 -18.425707 -31.967441 -38.845280 -39.753133 -41.332811 -28.725396 -17.263310 -21.306250 
-28.138126 -19.709332 -32.269047 -24.082662 -19.295338 -13.648053 -20.101651 -45.923441 -22.736151 -7.709687 -22.801747 -50.416464 -35.955712 -40.911449 -24.080426 -3.779479 -23.277600 -30.905767 -18.896596 -40.985738 -18.426839 -32.558294 -40.073305 -40.596239 -41.090222 -28.598721 -16.855940 -21.441066 
-28.125012 -19.578773 -32.331972 -24.463130 -18.563424 -14.336786 -20.588856 -46.519033 -23.162404 -7.966608 -24.034887 -50.588675 -36.525754 -41.015199 -24.658294 -3.911624 -23.963399 -30.930798 -18.311258 -41.190039 -18.416207 -33.149892 -41.325290 -41.467748 -40.802661 -28.434129 -16.402419 -21.584641 
-28.077804 -19.429525 -32.329453 -24.863404 -17.768063 -15.066644 -21.073816 -47.132578 -23.594009 -8.260875 -25.306339 -50.721998 -37.115154 -41.096284 -25.244597 -4.041618 -24.657949 -30.937662 -17.673073 -41.359719 -18.393572 -33.741931 -42.601409 -42.368700 -40.468874 -28.230303 -15.901083 -21.737725 
-27.995151 -19.261135 -32.258325 -25.284523 -16.907244 -15.839079 -21.556060 -47.765136 -24.031062 -8.594342 -26.616657 -50.815061 -37.724824 -41.154183 -25.839367 -4.169152 -25.361080 -30.925930 -16.980377 -41.493307 -18.358695 -34.334101 -43.901833 -43.300149 -40.087592 -27.985910 -15.350247 -21.901089 
-27.875683 -19.073148 -32.115366 -25.727544 -15.978931 -16.655561 -22.035108 -48.417788 -24.473664 -8.968894 -27.966398 -50.866474 -38.355692 -41.188376 -26.442637 -4.293911 -26.072617 -30.895170 -16.231479 -41.589310 -18.311338 -34.926082 -45.226731 -44.263167 -39.657535 -27.699596 -14.748198 -22.075514 
-27.718007 -18.865100 -31.897305 -26.193543 -14.981060 -17.517584 -22.510472 -49.091639 -24.921915 -9.386447 -29.356121 -50.874829 -39.008703 -41.198340 -27.054439 -4.415572 -26.792377 -30.844946 -15.424668 -41.646211 -18.251262 -35.517549 -46.576271 -45.258842 -39.177406 -27.369993 -14.093197 -22.261803 
-27.520712 -18.636526 -31.600815 -26.683618 -13.911540 -18.426659 -22.981654 -49.787813 -25.375918 -9.848948 -30.786381 -50.838702 -39.684817 -41.183549 -27.674801 -4.533804 -27.520171 -30.774821 -14.558210 -41.662471 -18.178227 -36.108169 -47.950619 -46.288278 -38.645897 -26.995714 -13.383480 -22.460770 
NaN NaN NaN NaN NaN NaN NaN NaN NaN NaN NaN NaN NaN NaN NaN NaN NaN NaN NaN NaN NaN NaN NaN NaN NaN NaN NaN NaN 
NaN NaN NaN NaN NaN NaN NaN NaN NaN NaN NaN NaN NaN NaN NaN NaN NaN NaN NaN NaN NaN NaN NaN NaN NaN NaN NaN NaN 
NaN NaN NaN NaN NaN NaN NaN NaN NaN NaN NaN NaN NaN NaN NaN NaN NaN NaN NaN NaN NaN NaN NaN NaN NaN NaN NaN NaN 
NaN NaN NaN NaN NaN NaN NaN NaN NaN NaN NaN NaN NaN NaN NaN NaN NaN NaN NaN NaN NaN NaN NaN NaN NaN NaN NaN NaN 
