NaN NaN NaN NaN NaN NaN NaN NaN NaN NaN NaN NaN NaN NaN NaN NaN NaN NaN NaN NaN NaN 
NaN NaN NaN NaN NaN NaN NaN NaN NaN NaN NaN NaN NaN NaN NaN NaN NaN NaN NaN NaN NaN 
NaN NaN NaN NaN NaN NaN NaN NaN NaN NaN NaN NaN NaN NaN NaN NaN NaN NaN NaN NaN NaN 
NaN NaN NaN NaN NaN NaN NaN NaN NaN NaN NaN NaN NaN NaN NaN NaN NaN NaN NaN NaN NaN 
NaN NaN NaN NaN NaN NaN NaN NaN NaN NaN NaN NaN NaN NaN NaN NaN NaN NaN NaN NaN NaN 
-6.430362 3.215532 -7.299796 -1.224648 -16.247572 -12.372909 -4.043170 -13.129812 -15.299213 -10.609037 -1.117014 -3.433111 -3.404403 -1.792622 -3.711253 -5.250241 -2.117220 -4.887849 -9.766827 1.178644 -8.360133 
-6.604865 2.847423 -7.830912 -1.481315 -16.123914 -12.908856 -4.797386 -13.386522 -15.166161 -10.563157 -1.156530 -3.429596 -2.929337 -2.505495 -4.174265 -5.250314 -2.767726 -5.058869 -9.258983 -0.030131 -9.289183 
-6.755063 2.499670 -8.310829 -1.716816 -15.977241 -13.383784 -5.501665 -13.615792 -15.021488 -10.500785 -1.183879 -3.420608 -2.496519 -3.167459 -4.602054 -5.242089 -3.373280 -5.215215 -8.775921 -1.154248 -10.139769 
-6.881847 2.171708 -8.741262 -1.931853 -15.808678 -13.799849 -6.157113 -13.818030 -14.865539 -10.422655 -1.199824 -3.406347 -2.103981 -3.780013 -4.995583 -5.225868 -3.935092 -5.357128 -8.316742 -2.196355 -10.914379 
-6.986092 1.862979 -9.123904 -2.127121 -15.619334 -14.159177 -6.764826 -13.993636 -14.698651 -10.329489 -1.205110 -3.387012 -1.749786 -4.344632 -5.355802 -5.201947 -4.454352 -5.484847 -7.880559 -3.159067 -11.615462 
-7.068665 1.572927 -9.460424 -2.303305 -15.410300 -14.463865 -7.325887 -14.143012 -14.521157 -10.221997 -1.200470 -3.362800 -1.432029 -4.862773 -5.683651 -5.170617 -4.932240 -5.598612 -7.466498 -4.044963 -12.245439 
-7.130415 1.301008 -9.752473 -2.461083 -15.182647 -14.715975 -7.841373 -14.266556 -14.333383 -10.100878 -1.186623 -3.333903 -1.148838 -5.335874 -5.980058 -5.132164 -5.369919 -5.698659 -7.073698 -4.856593 -12.806694 
-7.172181 1.046678 -10.001678 -2.601121 -14.937428 -14.917543 -8.312346 -14.364667 -14.135651 -9.966818 -1.164274 -3.300512 -0.898371 -5.765350 -6.245938 -5.086870 -5.768538 -5.785225 -6.701311 -5.596468 -13.301577 
-7.194789 0.809402 -10.209643 -2.724080 -14.675677 -15.070571 -8.739861 -14.437738 -13.928275 -9.820493 -1.134114 -3.262818 -0.678820 -6.152601 -6.482195 -5.035014 -6.129230 -5.858545 -6.348499 -6.267070 -13.732406 
-7.199050 0.588651 -10.377951 -2.830610 -14.398411 -15.177031 -9.124961 -14.486164 -13.711565 -9.662567 -1.096820 -3.221005 -0.488409 -6.499002 -6.689720 -4.976867 -6.453116 -5.918854 -6.014440 -6.870843 -14.101464 
-7.185764 0.383902 -10.508166 -2.921352 -14.106627 -15.238867 -9.468678 -14.510335 -13.485824 -9.493691 -1.053055 -3.175258 -0.325393 -6.805911 -6.869394 -4.912699 -6.741299 -5.966384 -5.698321 -7.410201 -14.411000 
-7.155717 0.194636 -10.601825 -2.996941 -13.801303 -15.257988 -9.772035 -14.510640 -13.251350 -9.314505 -1.003469 -3.125759 -0.188060 -7.074665 -7.022086 -4.842772 -6.994869 -6.001367 -5.399346 -7.887521 -14.663230 
-7.109681 0.020343 -10.660448 -3.057999 -13.483401 -15.236275 -10.036043 -14.487467 -13.008435 -9.125639 -0.948698 -3.072686 -0.074729 -7.306583 -7.148651 -4.767345 -7.214901 -6.024034 -5.116728 -8.305150 -14.860336 
-7.048418 -0.139485 -10.685529 -3.105143 -13.153863 -15.175578 -10.261704 -14.441201 -12.757366 -8.927709 -0.889362 -3.016217 0.016247 -7.502962 -7.249934 -4.686673 -7.402456 -6.034616 -4.849694 -8.665397 -15.004467 
-6.972673 -0.285345 -10.678543 -3.138980 -12.813611 -15.077716 -10.450008 -14.372227 -12.498423 -8.721321 -0.826071 -2.956525 0.086485 -7.665080 -7.326769 -4.601006 -7.558579 -6.033340 -4.597484 -8.970542 -15.097737 
-6.883181 -0.417733 -10.640943 -3.160107 -12.463551 -14.944478 -10.601935 -14.280925 -12.231881 -8.507067 -0.759417 -2.893784 0.137568 -7.794195 -7.379975 -4.510588 -7.684302 -6.020434 -4.359349 -9.222827 -15.142226 
-6.780664 -0.537135 -10.574158 -3.169115 -12.104569 -14.777621 -10.718456 -14.167675 -11.958008 -8.285531 -0.689981 -2.828162 0.171050 -7.891545 -7.410362 -4.415660 -7.780640 -5.996124 -4.134554 -9.424463 -15.139982 
-6.665828 -0.644034 -10.479597 -3.166584 -11.737533 -14.578872 -10.800529 -14.032854 -11.677068 -8.057282 -0.618329 -2.759826 0.188448 -7.958348 -7.418728 -4.316458 -7.848594 -5.960636 -3.922377 -9.577625 -15.093017 
-6.539370 -0.738906 -10.358647 -3.153085 -11.363293 -14.349928 -10.849105 -13.876840 -11.389318 -7.822879 -0.545013 -2.688942 0.191252 -7.995802 -7.405857 -4.213212 -7.889152 -5.914195 -3.722106 -9.684458 -15.003312 
-6.401970 -0.822221 -10.212673 -3.129183 -10.982680 -14.092454 -10.865120 -13.700005 -11.095010 -7.582869 -0.470571 -2.615672 0.180918 -8.005086 -7.372524 -4.106150 -7.903285 -5.857022 -3.533046 -9.747070 -14.872812 
-6.254298 -0.894441 -10.043017 -3.095431 -10.596505 -13.808085 -10.849503 -13.502722 -10.794391 -7.337787 -0.395529 -2.540175 0.158868 -7.987359 -7.319490 -3.995493 -7.891951 -5.789340 -3.354510 -9.767535 -14.703428 
-6.097010 -0.956027 -9.851000 -3.052376 -10.205563 -13.498426 -10.803172 -13.285361 -10.487699 -7.088157 -0.320396 -2.462610 0.126494 -7.943759 -7.247506 -3.881458 -7.856092 -5.711370 -3.185826 -9.747896 -14.497040 
-5.930749 -1.007429 -9.637922 -3.000554 -9.810629 -13.165051 -10.727033 -13.048289 -10.175170 -6.834490 -0.245669 -2.383132 0.085156 -7.875405 -7.157309 -3.764259 -7.796636 -5.623332 -3.026335 -9.690161 -14.255490 
-5.756144 -1.049093 -9.405061 -2.940494 -9.412461 -12.809501 -10.621984 -12.791873 -9.857032 -6.577288 -0.171831 -2.301893 0.036181 -7.783396 -7.049625 -3.644102 -7.714496 -5.525444 -2.875390 -9.596304 -13.980591 
-5.573812 -1.081461 -9.153671 -2.872716 -9.011795 -12.433290 -10.488909 -12.516478 -9.533507 -6.317039 -0.099352 -2.219043 -0.019135 -7.668810 -6.925170 -3.521193 -7.610570 -5.417924 -2.732355 -9.468265 -13.674118 
-5.384357 -1.104965 -8.884986 -2.797729 -8.609354 -12.037900 -10.328685 -12.222465 -9.204814 -6.054219 -0.028685 -2.134732 -0.079530 -7.532708 -6.784646 -3.395729 -7.485742 -5.300989 -2.596609 -9.307951 -13.337815 
-5.188370 -1.120035 -8.600219 -2.716037 -8.205837 -11.624780 -10.142177 -11.910195 -8.871163 -5.789294 0.039727 -2.049104 -0.143772 -7.376127 -6.628743 -3.267904 -7.340880 -5.174853 -2.467543 -9.117235 -12.973391 
-4.986428 -1.127092 -8.300558 -2.628133 -7.801927 -11.195351 -9.930240 -11.580027 -8.532760 -5.522717 0.105457 -1.962302 -0.210661 -7.200088 -6.458141 -3.137909 -7.176840 -5.039730 -2.344560 -8.897956 -12.582521 
-4.779097 -1.126553 -7.987172 -2.534501 -7.398289 -10.751003 -9.693717 -11.232317 -8.189804 -5.254931 0.168093 -1.874468 -0.279032 -7.005590 -6.273507 -3.005927 -6.994460 -4.895835 -2.227076 -8.651921 -12.166849 
-4.566927 -1.118827 -7.661208 -2.435617 -6.995570 -10.293095 -9.433442 -10.867419 -7.842490 -4.986366 0.227234 -1.785739 -0.347748 -6.793613 -6.075497 -2.872139 -6.794564 -4.743379 -2.114519 -8.380901 -11.727980 
-4.350459 -1.104321 -7.323789 -2.331949 -6.594395 -9.822954 -9.150239 -10.485687 -7.491006 -4.717441 0.282494 -1.696253 -0.415708 -6.565116 -5.864753 -2.736722 -6.577964 -4.582573 -2.006330 -8.086634 -11.267490 
-4.130216 -1.083431 -6.976018 -2.223955 -6.195374 -9.341879 -8.844921 -10.087471 -7.135534 -4.448562 0.333503 -1.606142 -0.481840 -6.321039 -5.641907 -2.599845 -6.345454 -4.413627 -1.901963 -7.770824 -10.786920 
-3.906713 -1.056551 -6.618976 -2.112085 -5.799098 -8.851136 -8.518288 -9.673121 -6.776252 -4.180124 0.379902 -1.515538 -0.545106 -6.062302 -5.407580 -2.461676 -6.097814 -4.236749 -1.800884 -7.435143 -10.287776 
-3.680448 -1.024066 -6.253722 -1.996779 -5.406137 -8.351961 -8.171135 -9.242983 -6.413329 -3.912512 0.421347 -1.424569 -0.604499 -5.789806 -5.162379 -2.322375 -5.835810 -4.052147 -1.702572 -7.081228 -9.771530 
-3.451908 -0.986358 -5.881292 -1.878470 -5.017046 -7.845560 -7.804241 -8.797401 -6.046932 -3.646097 0.457508 -1.333362 -0.659044 -5.504429 -4.906901 -2.182101 -5.560194 -3.860028 -1.606520 -6.710682 -9.239623 
-3.221566 -0.943801 -5.502701 -1.757582 -4.632359 -7.333107 -7.418378 -8.336721 -5.677219 -3.381240 0.488068 -1.242041 -0.707799 -5.207033 -4.641730 -2.041005 -5.271702 -3.660596 -1.512229 -6.325075 -8.693459 
-2.989884 -0.896764 -5.118943 -1.634530 -4.252593 -6.815746 -7.014306 -7.861281 -5.304345 -3.118290 0.512726 -1.150727 -0.749854 -4.898458 -4.367438 -1.899236 -4.971055 -3.454057 -1.419218 -5.925943 -8.134410 
-2.757309 -0.845609 -4.730989 -1.509718 -3.878245 -6.294592 -6.592775 -7.371422 -4.928457 -2.857582 0.531193 -1.059540 -0.784330 -4.579524 -4.084586 -1.756937 -4.658960 -3.240613 -1.327016 -5.514788 -7.563815 
-2.524275 -0.790694 -4.339788 -1.383546 -3.509794 -5.770726 -6.154525 -6.867481 -4.549697 -2.599443 0.543195 -0.968597 -0.810381 -4.251032 -3.793723 -1.614246 -4.336109 -3.020466 -1.235164 -5.093078 -6.982977 
-2.291203 -0.732368 -3.946268 -1.256401 -3.147702 -5.245201 -5.700284 -6.349794 -4.168202 -2.344187 0.548470 -0.878012 -0.827193 -3.913763 -3.495386 -1.471297 -4.003180 -2.793818 -1.143218 -4.662249 -6.393166 
-2.058503 -0.670976 -3.551335 -1.128663 -2.792411 -4.719038 -5.230771 -5.818693 -3.784102 -2.092114 0.546771 -0.787897 -0.833983 -3.568478 -3.190101 -1.328221 -3.660835 -2.560868 -1.050743 -4.223702 -5.795620 
-1.826569 -0.606858 -3.155873 -1.000704 -2.444343 -4.193228 -4.746695 -5.274511 -3.397522 -1.843516 0.537867 -0.698361 -0.830003 -3.215917 -2.878380 -1.185140 -3.309723 -2.321814 -0.957321 -3.778804 -5.191541 
-1.595784 -0.540347 -2.760744 -0.872886 -2.103906 -3.668730 -4.248752 -4.717578 -3.008581 -1.598672 0.521537 -0.609513 -0.814533 -2.856802 -2.560726 -1.042177 -2.950475 -2.076856 -0.862542 -3.328888 -4.582099 
-1.366517 -0.471769 -2.366787 -0.745562 -1.771484 -3.146474 -3.737630 -4.148219 -2.617393 -1.357847 0.497577 -0.521456 -0.786888 -2.491833 -2.237628 -0.899445 -2.583712 -1.826188 -0.766012 -2.875256 -3.968428 
-1.139125 -0.401445 -1.974822 -0.619078 -1.447448 -2.627359 -3.214005 -3.566763 -2.224065 -1.121298 0.465795 -0.434293 -0.746414 -2.121693 -1.909563 -0.757057 -2.210036 -1.570007 -0.667349 -2.419173 -3.351630 
-0.913950 -0.329690 -1.585645 -0.493770 -1.132145 -2.112252 -2.678544 -2.973532 -1.828698 -0.889268 0.426015 -0.348125 -0.692490 -1.747043 -1.576999 -0.615118 -1.830037 -1.308507 -0.566183 -1.961872 -2.732773 
-0.691324 -0.256814 -1.200029 -0.369965 -0.825908 -1.601991 -2.131902 -2.368848 -1.431389 -0.661989 0.378071 -0.263048 -0.624525 -1.368523 -1.240388 -0.473730 -1.444289 -1.041880 -0.462156 -1.504551 -2.112891 
-0.471564 -0.183119 -0.818729 -0.247982 -0.529050 -1.097383 -1.574725 -1.753032 -1.032228 -0.439682 0.321816 -0.179159 -0.541963 -0.986756 -0.900175 -0.332989 -1.053351 -0.770320 -0.354924 -1.048377 -1.492985 
-0.254973 -0.108903 -0.442475 -0.128132 -0.241863 -0.599203 -1.007647 -1.126401 -0.631300 -0.222555 0.257112 -0.096549 -0.444278 -0.602344 -0.556788 -0.192989 -0.657769 -0.494017 -0.244154 -0.594480 -0.874020 
-0.041843 -0.034457 -0.071976 -0.010715 0.035375 -0.108196 -0.431293 -0.489271 -0.228683 -0.010805 0.183838 -0.015310 -0.330976 -0.215868 -0.210648 -0.053817 -0.258072 -0.213160 -0.129527 -0.143959 -0.256930 
0.167548 0.039935 0.292081 0.103976 0.302408 0.374923 0.153724 0.158042 0.175551 0.195383 0.101887 0.064471 -0.201596 0.172110 0.137840 0.084444 0.145225 0.072060 -0.010737 0.302123 0.357386 
0.372934 0.113992 0.649031 0.215657 0.558996 0.849470 0.746800 0.815228 0.581333 0.395834 0.011163 0.142708 -0.055709 0.561047 0.488279 0.221716 0.551620 0.361457 0.112512 0.742735 0.968064 
0.574064 0.187442 0.998230 0.324053 0.804921 1.314792 1.347343 1.481974 0.988602 0.590388 -0.088413 0.219317 0.107082 0.950421 0.840287 0.357924 0.960627 0.654845 0.240500 1.176881 1.574271 
0.770698 0.260017 1.339056 0.428898 1.039980 1.770266 1.954769 2.157974 1.397304 0.778893 -0.196907 0.294218 0.287143 1.339730 1.193493 0.493000 1.371776 0.952037 0.373497 1.603597 2.175211 
0.962611 0.331455 1.670910 0.529933 1.263990 2.215301 2.568508 2.842921 1.807387 0.961211 -0.314373 0.367333 0.484806 1.728492 1.547536 0.626878 1.784610 1.252849 0.511759 2.021954 2.770118 
1.149589 0.401502 1.993214 0.626910 1.476786 2.649336 3.187997 3.536509 2.218808 1.137215 -0.440848 0.438585 0.700372 2.116244 1.902069 0.759499 2.198687 1.557098 0.655531 2.431057 3.358264 
1.331431 0.469908 2.305412 0.719590 1.678222 3.071840 3.812685 4.238436 2.631528 1.306789 -0.576357 0.507901 0.934111 2.502543 2.256756 0.890808 2.613581 1.864602 0.805043 2.830044 3.938951 
1.507952 0.536429 2.606970 0.807739 1.868171 3.482314 4.442033 4.948402 3.045516 1.469830 -0.720912 0.575209 1.186258 2.886966 2.611272 1.020753 3.028879 2.175180 0.960514 3.218086 4.511517 
1.678977 0.600827 2.897375 0.891136 2.046523 3.880287 5.075509 5.666107 3.460743 1.626246 -0.874509 0.640440 1.457019 3.269111 2.965306 1.149289 3.444183 2.488651 1.122150 3.594390 5.075333 
1.844345 0.662872 3.176137 0.969566 2.213188 4.265323 5.712595 6.391255 3.877190 1.775957 -1.037131 0.703529 1.746566 3.648594 3.318558 1.276374 3.859111 2.804838 1.290144 3.958194 5.629804 
2.003908 0.722338 3.442787 1.042825 2.368094 4.637013 6.352781 7.123551 4.294840 1.918893 -1.208747 0.764411 2.055040 4.025052 3.670737 1.401971 4.273294 3.123563 1.464679 4.308772 6.174368 
2.157531 0.779004 3.696879 1.110716 2.511187 4.994980 6.995569 7.862701 4.713685 2.054999 -1.389313 0.823024 2.382550 4.398143 4.021568 1.526049 4.686380 3.444648 1.645921 4.645430 6.708499 
2.305093 0.832657 3.937988 1.173050 2.642431 5.338878 7.640471 8.608415 5.133720 2.184228 -1.578770 0.879310 2.729171 4.767542 4.370786 1.648579 5.098029 3.767919 1.834026 4.967508 7.231701 
2.446484 0.883090 4.165711 1.229649 2.761812 5.668392 8.287008 9.360404 5.554948 2.306546 -1.777046 0.933210 3.094947 5.132947 4.718137 1.769538 5.507918 4.093200 2.029138 5.274381 7.743516 
2.581608 0.930100 4.379666 1.280342 2.869329 5.983235 8.934714 10.118379 5.977376 2.421933 -1.984053 0.984672 3.479892 5.494073 5.063381 1.888909 5.915738 4.420319 2.231386 5.565456 8.243517 
2.710383 0.973492 4.579495 1.324969 2.965004 6.283155 9.583131 10.882056 6.401018 2.530377 -2.199693 1.033642 3.883986 5.850657 5.406287 2.006677 6.321193 4.749104 2.440889 5.840176 8.731311 
2.832739 1.013076 4.764860 1.363375 3.048876 6.567927 10.231814 11.651151 6.825894 2.631880 -2.423850 1.080071 4.307175 6.202455 5.746638 2.122834 6.724006 5.079383 2.657752 6.098014 9.206539 
2.948618 1.048667 4.935445 1.395417 3.121002 6.837358 10.880327 12.425382 7.252027 2.726454 -2.656398 1.123912 4.749378 6.549243 6.084228 2.237375 7.123909 5.410987 2.882068 6.338481 9.668877 
3.057978 1.080089 5.090957 1.420959 3.181458 7.091287 11.528244 13.204471 7.679450 2.814125 -2.897193 1.165120 5.210476 6.890818 6.418863 2.350299 7.520654 5.743746 3.113917 6.561118 10.118033 
3.160788 1.107168 5.231124 1.439875 3.230338 7.329581 12.175151 13.988140 8.108199 2.894928 -3.146080 1.203652 5.690323 7.226994 6.750362 2.461613 7.914004 6.077493 3.353365 6.765503 10.553750 
3.257029 1.129739 5.355696 1.452047 3.267756 7.552140 12.820643 14.776112 8.538316 2.968913 -3.402890 1.239468 6.188737 7.557607 7.078553 2.571325 8.303739 6.412062 3.600468 6.951244 10.975804 
3.346697 1.147642 5.464444 1.457365 3.293843 7.758894 13.464326 15.568114 8.969850 3.036137 -3.667439 1.272532 6.705507 7.882514 7.403278 2.679450 8.689653 6.747286 3.855269 7.117986 11.384005 
3.429801 1.160723 5.557163 1.455729 3.308748 7.949803 14.105817 16.363874 9.402854 3.096674 -3.939529 1.302806 7.240388 8.201589 7.724390 2.786005 9.071555 7.083001 4.117796 7.265407 11.778197 
3.506361 1.168833 5.633668 1.447047 3.312641 8.124858 14.744742 17.163122 9.837388 3.150604 -4.218950 1.330259 7.793104 8.514729 8.041755 2.891015 9.449267 7.419045 4.388067 7.393217 12.158258 
3.576412 1.171830 5.693796 1.431236 3.305708 8.284081 15.380740 17.965590 10.273517 3.198025 -4.505476 1.354861 8.363346 8.821847 8.355250 2.994508 9.822628 7.755254 4.666086 7.501161 12.524098 
3.640002 1.169578 5.737407 1.408221 3.288155 8.427524 16.013458 18.771011 10.711313 3.239040 -4.798867 1.376582 8.950774 9.122880 8.664763 3.096515 10.191492 8.091468 4.951845 7.589018 12.875663 
3.697191 1.161947 5.764383 1.377938 3.260206 8.555272 16.642554 19.579123 11.150853 3.273769 -5.098872 1.395397 9.555015 9.417783 8.970195 3.197074 10.555724 8.427526 5.245324 7.656601 13.212933 
3.748052 1.148812 5.774625 1.340330 3.222103 8.667437 17.267698 20.389662 11.592219 3.302342 -5.405223 1.411283 10.175664 9.706529 9.271459 3.296228 10.915208 8.763271 5.546488 7.703754 13.535918 
3.792671 1.130055 5.768059 1.295347 3.174108 8.764165 17.888569 21.202368 12.035500 3.324898 -5.717639 1.424220 10.812284 9.989115 9.568478 3.394021 11.269841 9.098543 5.855292 7.730359 13.844667 
3.831149 1.105563 5.744631 1.242951 3.116500 8.845630 18.504857 22.016983 12.480790 3.341593 -6.035826 1.434188 11.464406 10.265555 9.861190 3.490506 11.619535 9.433187 6.171678 7.736328 14.139259 
3.863598 1.075231 5.704311 1.183111 3.049576 8.912039 19.116261 22.833250 12.928190 3.352589 -6.359475 1.441171 12.131529 10.535882 10.149541 3.585738 11.964215 9.767047 6.495573 7.721608 14.419807 
3.890143 1.038957 5.647088 1.115806 2.973654 8.963627 19.722494 23.650915 13.377804 3.358063 -6.688265 1.445156 12.813121 10.800153 10.433491 3.679777 12.303824 10.099968 6.826895 7.686180 14.686461 
3.910922 0.996646 5.572976 1.041021 2.889068 9.000664 20.323275 24.469725 13.829746 3.358204 -7.021858 1.446132 13.508616 11.058441 10.713013 3.772689 12.638316 10.431796 7.165546 7.630059 14.939400 
3.926089 0.948211 5.482007 0.958753 2.796172 9.023445 20.918337 25.289429 14.284131 3.353211 -7.359905 1.444089 14.217417 11.310839 10.988090 3.864542 12.967664 10.762381 7.511419 7.553293 15.178841 
3.935806 0.893569 5.374239 0.869005 2.695339 9.032301 21.507422 26.109778 14.741084 3.343295 -7.702041 1.439022 14.938894 11.557464 11.258716 3.955412 13.291852 11.091570 7.864391 7.455964 15.405032 
3.940251 0.832643 5.249748 0.771792 2.586958 9.027591 22.090283 26.930526 15.200732 3.328679 -8.047889 1.430925 15.672386 11.798447 11.524900 4.045377 13.610880 11.419214 8.224328 7.338187 15.618256 
3.939616 0.765362 5.108636 0.667133 2.471439 9.009703 22.666683 27.751428 15.663212 3.309598 -8.397057 1.419798 16.417200 12.033944 11.786659 4.134520 13.924764 11.745163 8.591083 7.200112 15.818829 
3.934104 0.691661 4.951023 0.555061 2.349209 8.979061 23.236395 28.572241 16.128662 3.286298 -8.749140 1.405640 17.172609 12.264128 12.044025 4.222929 14.233532 12.069270 8.964497 7.041923 16.007103 
3.923932 0.611482 4.777053 0.435614 2.220715 8.936113 23.799203 29.392723 16.597230 3.259037 -9.103717 1.388456 17.937858 12.489193 12.297041 4.310697 14.537230 12.391389 9.344398 6.863834 16.183460 
3.909329 0.524772 4.586891 0.308839 2.086421 8.881344 24.354902 30.212635 17.069067 3.228085 -9.460355 1.368250 18.712154 12.709351 12.545760 4.397922 14.835916 12.711372 9.730601 6.666099 16.348319 
3.890538 0.431484 4.380724 0.174795 1.946810 8.815265 24.903298 31.031741 17.544331 3.193722 -9.818607 1.345031 19.494678 12.924837 12.790249 4.484706 15.129664 13.029077 10.122909 6.448999 16.502131 
3.867815 0.331577 4.158762 0.033545 1.802383 8.738420 25.444205 31.849804 18.023185 3.156243 -10.178012 1.318808 20.284575 13.135904 13.030586 4.571154 15.418562 13.344359 10.521112 6.212854 16.645381 
3.841429 0.225016 3.921236 -0.114836 1.653662 8.651383 25.977449 32.666592 18.505799 3.115951 -10.538095 1.289595 21.080959 13.342825 13.266861 4.657379 15.702714 13.657077 10.924989 5.958014 16.778590 
3.811661 0.111772 3.668397 -0.270264 1.501184 8.554759 26.502867 33.481873 18.992348 3.073162 -10.898367 1.257406 21.882912 13.545894 13.499176 4.743496 15.982238 13.967089 11.334302 5.684866 16.902308 
3.778806 -0.008178 3.400521 -0.432649 1.345506 8.449184 27.020306 34.295418 19.483012 3.028206 -11.258324 1.222260 22.689484 13.745422 13.727644 4.829625 16.257267 14.274255 11.748806 5.393828 17.017124 
3.743173 -0.134851 3.117905 -0.601891 1.187205 8.335323 27.529624 35.106998 19.977978 2.981420 -11.617451 1.184175 23.499693 13.941743 13.952391 4.915892 16.527947 14.578436 12.168240 5.085352 17.123657 
3.705081 -0.268258 2.820866 -0.777879 1.026875 8.213874 28.030687 35.916388 20.477439 2.933157 -11.975216 1.143174 24.312525 14.135210 14.173553 5.002426 16.794441 14.879494 12.592331 4.759926 17.222562 
3.664866 -0.408405 2.509744 -0.960497 0.865127 8.085563 28.523375 36.723365 20.981591 2.883780 -12.331075 1.099282 25.126932 14.326195 14.391280 5.089362 17.056926 15.177293 13.020794 4.418069 17.314527 
3.622873 -0.555291 2.184903 -1.149618 0.702594 7.951150 29.007575 37.527706 21.490640 2.833663 -12.684470 1.052526 25.941838 14.515090 14.605734 5.176839 17.315594 15.471696 13.453330 4.060336 17.400272 
3.579463 -0.708908 1.846725 -1.345107 0.539925 7.811423 29.483188 38.329192 22.004795 2.783192 -13.034828 1.002936 26.756131 14.702309 14.817085 5.265000 17.570650 15.762570 13.889629 3.687313 17.480555 
3.535010 -0.869245 1.495617 -1.546819 0.377787 7.667202 29.950124 39.127605 22.524271 2.732766 -13.381564 0.950543 27.568668 14.888283 15.025520 5.353993 17.822317 16.049781 14.329368 3.299623 17.556163 
3.489898 -1.036282 1.132006 -1.754603 0.216869 7.519337 30.408301 39.922728 23.049290 2.682793 -13.724077 0.895381 28.378276 15.073464 15.231234 5.443972 18.070829 16.333196 14.772211 2.897919 17.627920 
3.444526 -1.209995 0.756342 -1.968296 0.057874 7.368709 30.857652 40.714347 23.580077 2.633696 -14.061753 0.837487 29.183748 15.258325 15.434435 5.535093 18.316437 16.612685 15.217809 2.482891 17.696682 
3.399308 -1.390354 0.369096 -2.187729 -0.098473 7.216229 31.298116 41.502251 24.116867 2.585907 -14.393965 0.776901 29.983843 15.443358 15.635344 5.627520 18.559407 16.888117 15.665802 2.055261 17.763340 
3.354668 -1.577322 -0.029240 -2.412722 -0.251429 7.062841 31.729647 42.286228 24.659897 2.539870 -14.720071 0.713663 30.777293 15.629073 15.834193 5.721418 18.800018 17.159363 16.115815 1.615785 17.828819 
3.311043 -1.770856 -0.438148 -2.643089 -0.400236 6.909516 32.152205 43.066071 25.209412 2.496043 -15.039415 0.647818 31.562794 15.816004 16.031224 5.816958 19.038566 17.426295 16.567463 1.165253 17.894076 
3.268886 -1.970908 -0.857094 -2.878632 -0.544112 6.757259 32.565763 43.841574 25.765661 2.454892 -15.351328 0.579412 32.339010 16.004701 16.226695 5.914318 19.275359 17.688787 17.020347 0.704488 17.960103 
3.228661 -2.177423 -1.285518 -3.119147 -0.682261 6.607105 32.970305 44.612530 26.328900 2.416898 -15.655126 0.508494 33.104575 16.195736 16.420871 6.013678 19.510722 17.946713 17.474054 0.234348 18.027926 
3.190844 -2.390342 -1.722839 -3.364420 -0.813866 6.460117 33.365824 45.378739 26.899391 2.382552 -15.950113 0.435114 33.858089 16.389700 16.614032 6.115222 19.744994 18.199949 17.928162 -0.244277 18.098603 
3.155925 -2.609598 -2.168454 -3.614228 -0.938093 6.317392 33.752324 46.139999 27.477401 2.352356 -16.235578 0.359326 34.598122 16.587205 16.806470 6.219141 19.978528 18.448370 18.382233 -0.730462 18.173229 
3.124408 -2.835118 -2.621741 -3.868341 -1.054087 6.180056 34.129819 46.896111 28.063203 2.326825 -16.510794 0.281185 35.323210 16.788881 16.998487 6.325629 20.211693 18.691854 18.835819 -1.223248 18.252929 
3.096810 -3.066825 -3.082051 -4.126517 -1.160978 6.049267 34.498334 47.646879 28.657076 2.306486 -16.775025 0.200752 36.031857 16.995380 17.190397 6.434886 20.444872 18.930281 19.288456 -1.721644 18.338865 
3.073659 -3.304634 -3.548718 -4.388509 -1.257876 5.926212 34.857905 48.392108 29.259305 2.291877 -17.027516 0.118084 36.722536 17.207372 17.382527 6.547114 20.678462 19.163530 19.739672 -2.224624 18.432231 
3.055498 -3.548455 -4.021051 -4.654059 -1.343870 5.812109 35.208577 49.131605 29.870179 2.283546 -17.267501 0.033247 37.393688 17.425549 17.575216 6.662523 20.912876 19.391482 20.188978 -2.731129 18.534255 
3.042881 -3.798192 -4.498339 -4.922901 -1.418035 5.708208 35.550407 49.865178 30.489995 2.282056 -17.494199 -0.053695 38.043720 17.650621 17.768814 6.781325 21.148542 19.614019 20.635876 -3.240064 18.646198 
3.036378 -4.053742 -4.979847 -5.194759 -1.479424 5.615789 35.883462 50.592640 31.119055 2.287979 -17.706817 -0.142674 38.671009 17.883318 17.963682 6.903738 21.385901 19.831024 21.079852 -3.750304 18.769357 
3.036570 -4.314999 -5.464820 -5.469351 -1.527073 5.536162 36.207818 51.313801 31.757666 2.301899 -17.904547 -0.233619 39.273900 18.124390 18.160194 7.029985 21.625411 20.042382 21.520382 -4.260688 18.905060 
3.044051 -4.581848 -5.952482 -5.746384 -1.560000 5.470668 36.523564 52.028478 32.406142 2.324414 -18.086564 -0.326459 39.850704 18.374609 18.358737 7.160291 21.867542 20.247977 21.956929 -4.770022 19.054672 
3.059428 -4.854168 -6.442032 -6.025556 -1.577202 5.420680 36.830798 52.736487 33.064802 2.356130 -18.252035 -0.421117 40.399701 18.634765 18.559707 7.294889 22.112780 20.447698 22.388942 -5.277077 19.219589 
3.083322 -5.131835 -6.932649 -6.306559 -1.577660 5.387599 37.129628 53.437646 33.733971 2.397668 -18.400109 -0.517517 40.919140 18.905667 18.763513 7.434015 22.361628 20.641430 22.815858 -5.780592 19.401241 
3.116367 -5.414715 -7.423491 -6.589073 -1.560336 5.372859 37.420174 54.131776 34.413979 2.449659 -18.529922 -0.615578 41.407236 19.188145 18.970578 7.577910 22.614600 20.829063 23.237104 -6.279272 19.601094 
3.159208 -5.702672 -7.913693 -6.872770 -1.524173 5.377924 37.702564 54.818700 35.105163 2.512745 -18.640596 -0.715219 41.862174 19.483049 19.181334 7.726818 22.872227 21.010486 23.652089 -6.771788 19.820645 
3.212506 -5.995562 -8.402368 -7.157316 -1.468095 5.404288 37.976941 55.498241 35.807866 2.587581 -18.731240 -0.816355 42.282104 19.791250 19.396225 7.880990 23.135053 21.185591 24.060215 -7.256776 20.061427 
3.276933 -6.293235 -8.888608 -7.442366 -1.391010 5.453477 38.243453 56.170226 36.522435 2.674834 -18.800948 -0.918898 42.665146 20.113636 19.615708 8.040681 23.403639 21.354270 24.460867 -7.732840 20.325005 
3.353174 -6.595534 -9.371482 -7.727565 -1.291803 5.527047 38.502261 56.834484 37.249223 2.775181 -18.848802 -1.022760 43.009389 20.451117 19.840252 8.206150 23.678560 21.516415 24.853421 -8.198550 20.612978 
3.441928 -6.902299 -9.850038 -8.012552 -1.169345 5.626585 38.753539 57.490843 37.988592 2.889312 -18.873868 -1.127848 43.312887 20.804623 20.070338 8.377660 23.960404 21.671921 25.237238 -8.652443 20.926981 
3.543906 -7.213362 -10.323301 -8.296955 -1.022486 5.753707 38.997466 58.139137 38.740905 3.017929 -18.875198 -1.234068 43.573664 21.175102 20.306456 8.555481 24.249775 21.820684 25.611666 -9.093020 21.268679 
3.659834 -7.528550 -10.790277 -8.580396 -0.850059 5.910062 39.234237 58.779200 39.506534 3.161743 -18.851832 -1.341324 43.789711 21.563525 20.549111 8.739884 24.547293 21.962599 25.976044 -9.518750 21.639775 
3.790448 -7.847682 -11.249946 -8.862485 -0.650876 6.097329 39.464053 59.410866 40.285855 3.321479 -18.802795 -1.449517 43.958988 21.970879 20.798819 8.931149 24.853591 22.097564 26.329693 -9.928068 22.042002 
3.936500 -8.170574 -11.701270 -9.142825 -0.423733 6.317216 39.687128 60.033975 41.079252 3.497875 -18.727099 -1.558544 44.079422 22.398174 21.056107 9.129558 25.169317 22.225478 26.671926 -10.319375 22.477129 
4.098754 -8.497033 -12.143187 -9.421011 -0.167407 6.571465 39.903686 60.648365 41.887112 3.691677 -18.623740 -1.668303 44.148907 22.846439 21.321515 9.335397 25.495133 22.346241 27.002042 -10.691039 22.946957 
4.277985 -8.826863 -12.574613 -9.696628 0.119345 6.861845 40.113962 61.253879 42.709831 3.903645 -18.491702 -1.778687 44.165308 23.316723 21.595594 9.548958 25.831718 22.459754 27.319326 -11.041394 23.453324 
4.474983 -9.159861 -12.994443 -9.969253 0.437782 7.190158 40.318199 61.850360 43.547806 4.134551 -18.329955 -1.889588 44.126454 23.810093 21.878908 9.770537 26.179765 22.565918 27.623052 -11.368740 23.998098 
4.690552 -9.495816 -13.401551 -10.238453 0.789184 7.558237 40.516654 62.437653 44.401445 4.385178 -18.137454 -2.000894 44.030146 24.327639 22.172030 10.000436 26.539979 22.664637 27.912481 -11.671343 24.583183 
4.925508 -9.834513 -13.794786 -10.503788 1.174848 7.967943 40.709592 63.015607 45.271159 4.656319 -17.913142 -2.112492 43.874148 24.870469 22.475548 10.238960 26.913083 22.755814 28.186861 -11.947437 25.210515 
5.180678 -10.175732 -14.172979 -10.764809 1.596091 8.421172 40.897289 63.584070 46.157365 4.948781 -17.655946 -2.224266 43.656197 25.439710 22.790060 10.486419 27.299814 22.839356 28.445428 -12.195219 25.882067 
5.456905 -10.519245 -14.534936 -11.021056 2.054245 8.919845 41.080033 64.142894 47.060485 5.263382 -17.364780 -2.336099 43.373995 26.036512 23.116177 10.743128 27.700922 22.915169 28.687404 -12.412855 26.599843 
5.755044 -10.864819 -14.879443 -11.272064 2.550666 9.465920 41.258119 64.691931 47.980949 5.600952 -17.038545 -2.447868 43.025213 26.662042 23.454521 11.009406 28.117175 22.983159 28.912001 -12.598478 27.365880 
6.075962 -11.212215 -15.205264 -11.517356 3.086723 10.061380 41.431856 65.231038 48.919191 5.962332 -16.676127 -2.559452 42.607488 27.317489 23.805726 11.285577 28.549352 23.043237 29.118416 -12.750184 28.182252 
6.420540 -11.561188 -15.511140 -11.756448 3.663807 10.708243 41.601562 65.760071 49.875652 6.348374 -16.276397 -2.670725 42.118428 28.004059 24.170437 11.571970 28.998249 23.095311 29.305835 -12.866038 29.051064 
6.789673 -11.911487 -15.795791 -11.988846 4.283326 11.408555 41.767566 66.278889 50.850777 6.759943 -15.838216 -2.781560 41.555607 28.722980 24.549313 11.868918 29.464677 23.139292 29.473429 -12.944071 29.974456 
NaN NaN NaN NaN NaN NaN NaN NaN NaN NaN NaN NaN NaN NaN NaN NaN NaN NaN NaN NaN NaN 
NaN NaN NaN NaN NaN NaN NaN NaN NaN NaN NaN NaN NaN NaN NaN NaN NaN NaN NaN NaN NaN 
NaN NaN NaN NaN NaN NaN NaN NaN NaN NaN NaN NaN NaN NaN NaN NaN NaN NaN NaN NaN NaN 
NaN NaN NaN NaN NaN NaN NaN NaN NaN NaN NaN NaN NaN NaN NaN NaN NaN NaN NaN NaN NaN 
