NaN NaN NaN NaN NaN NaN NaN NaN NaN NaN NaN NaN NaN NaN NaN NaN NaN NaN NaN NaN NaN 
NaN NaN NaN NaN NaN NaN NaN NaN NaN NaN NaN NaN NaN NaN NaN NaN NaN NaN NaN NaN NaN 
NaN NaN NaN NaN NaN NaN NaN NaN NaN NaN NaN NaN NaN NaN NaN NaN NaN NaN NaN NaN NaN 
NaN NaN NaN NaN NaN NaN NaN NaN NaN NaN NaN NaN NaN NaN NaN NaN NaN NaN NaN NaN NaN 
NaN NaN NaN NaN NaN NaN NaN NaN NaN NaN NaN NaN NaN NaN NaN NaN NaN NaN NaN NaN NaN 
-3.250309 24.331930 3.583016 -1.497521 -3.193273 10.311230 -1.499229 -12.810794 14.040800 -8.226201 9.500217 -2.563688 0.596031 3.181147 7.337496 51.456362 4.219051 -2.953373 9.035319 11.443764 15.730335 
-3.018162 23.111525 3.622782 0.318605 -2.731506 9.836834 -1.870147 -12.000582 13.967396 -7.772655 9.127418 -1.808767 0.175814 2.857022 7.397313 47.219692 4.551493 -3.018078 9.223823 11.009013 16.284073 
-2.790866 21.941600 3.659147 2.010686 -2.290625 9.383294 -2.201864 -11.228699 13.869604 -7.331189 8.765673 -1.094261 -0.210609 2.557378 7.440157 43.207306 4.856702 -3.063383 9.382942 10.592000 16.773722 
-2.568594 20.820610 3.692037 3.582499 -1.870307 8.949871 -2.496114 -10.493929 13.748677 -6.901815 8.414745 -0.419367 -0.564535 2.281168 7.466701 39.412297 5.135425 -3.090406 9.513746 10.192009 17.201400 
-2.351515 19.747032 3.721378 5.037770 -1.470230 8.535836 -2.754606 -9.795075 13.605843 -6.484543 8.074396 0.216711 -0.887241 2.027357 7.477604 35.827849 5.388399 -3.100247 9.617288 9.808333 17.569196 
-2.139790 18.719365 3.747096 6.380174 -1.090074 8.140470 -2.979021 -9.130960 13.442308 -6.079380 7.744393 0.814762 -1.179985 1.794928 7.473514 32.447241 5.616353 -3.093984 9.694607 9.440279 17.879170 
-1.933579 17.736128 3.769117 7.613335 -0.729523 7.763066 -3.171012 -8.500425 13.259256 -5.686327 7.424499 1.375568 -1.444002 1.582879 7.455067 29.263841 5.820005 -3.072679 9.746725 9.087164 18.133352 
-1.733037 16.795866 3.787368 8.740825 -0.388263 7.402923 -3.332206 -7.902335 13.057847 -5.305387 7.114481 1.899906 -1.680512 1.390225 7.422886 26.271111 6.000063 -3.037372 9.774648 8.748315 18.333741 
-1.538314 15.897141 3.801777 9.766166 -0.065984 7.059355 -3.464201 -7.335570 12.839218 -4.936555 6.814107 2.388547 -1.890711 1.215997 7.377582 23.462605 6.157225 -2.989084 9.779367 8.423073 18.482308 
-1.349554 15.038541 3.812270 10.692828 0.237621 6.731683 -3.568570 -6.799032 12.604482 -4.579826 6.523144 2.842255 -2.075777 1.059242 7.319754 20.831970 6.292181 -2.928815 9.761858 8.110788 18.580994 
-1.166900 14.218673 3.818775 11.524231 0.522859 6.419238 -3.646859 -6.291644 12.354730 -4.235191 6.241360 3.261788 -2.236868 0.919023 7.249987 18.372944 6.405610 -2.857548 9.723078 7.810821 18.631710 
-0.990486 13.436167 3.821220 12.263743 0.790032 6.121363 -3.700583 -5.812347 12.091031 -3.902639 5.968526 3.647898 -2.375122 0.794419 7.168854 16.079358 6.498180 -2.776244 9.663971 7.522545 18.636338 
-0.820446 12.689676 3.819533 12.914681 1.039438 5.837410 -3.731235 -5.360103 11.814429 -3.582155 5.704411 4.001329 -2.491657 0.684525 7.076919 13.945135 6.570553 -2.685846 9.585465 7.245345 18.596729 
-0.656907 11.977872 3.813642 13.480313 1.271374 5.566741 -3.740277 -4.933891 11.525945 -3.273721 5.448787 4.322821 -2.587570 0.588453 6.974729 11.964289 6.623377 -2.587276 9.488471 6.978616 18.514706 
-0.499992 11.299452 3.803475 13.963851 1.486134 5.308729 -3.729146 -4.532715 11.226578 -2.977317 5.201426 4.613107 -2.663941 0.505329 6.862821 10.130928 6.657293 -2.481437 9.373885 6.721764 18.392061 
-0.349819 10.653134 3.788961 14.368462 1.684008 5.062756 -3.699250 -4.155593 10.917305 -2.692918 4.962101 4.872912 -2.721828 0.434296 6.741719 8.439253 6.672932 -2.369213 9.242586 6.474207 18.230558 
-0.206502 10.037655 3.770029 14.697257 1.865286 4.828214 -3.651972 -3.801567 10.599076 -2.420498 4.730585 5.102959 -2.762269 0.374516 6.611936 6.883553 6.670914 -2.251468 9.095440 6.235373 18.031929 
-0.070151 9.451778 3.746608 14.953298 2.030251 4.604506 -3.588665 -3.469698 10.272823 -2.160027 4.506652 5.303959 -2.786284 0.325163 6.473972 5.458215 6.651850 -2.129045 8.933294 6.004703 17.797879 
0.059129 8.894287 3.718628 15.139597 2.179187 4.391046 -3.510657 -3.159065 9.939451 -1.911473 4.290079 5.476622 -2.794870 0.285428 6.328312 4.157714 6.616341 -2.002769 8.756981 5.781649 17.530081 
0.181238 8.363984 3.686018 15.259112 2.312372 4.187255 -3.419249 -2.868768 9.599844 -1.674800 4.080641 5.621649 -2.789007 0.254520 6.175433 2.976618 6.564980 -1.873446 8.567318 5.565671 17.230180 
0.296080 7.859699 3.648709 15.314753 2.430084 3.992567 -3.315713 -2.597927 9.254861 -1.449969 3.878115 5.739734 -2.769655 0.231662 6.015797 1.909589 6.498348 -1.741859 8.365105 5.356245 16.899790 
0.403562 7.380279 3.606629 15.309376 2.532596 3.806426 -3.201295 -2.345682 8.905342 -1.236938 3.682279 5.831566 -2.737752 0.216094 5.849853 0.951380 6.417017 -1.608776 8.151127 5.152854 16.540497 
0.503599 6.924596 3.559711 15.245789 2.620180 3.628284 -3.077215 -2.111192 8.552098 -1.035663 3.492912 5.897829 -2.694218 0.207073 5.678041 0.096835 6.321549 -1.474941 7.926155 4.954995 16.153856 
0.596107 6.491541 3.507883 15.126747 2.693103 3.457605 -2.944662 -1.893637 8.195923 -0.846096 3.309792 5.939199 -2.639952 0.203870 5.500785 -0.659108 6.212497 -1.341082 7.690940 4.762175 15.741393 
0.681008 6.080029 3.451078 14.954953 2.751632 3.293862 -2.804802 -1.692215 7.837583 -0.668186 3.132701 5.956345 -2.575834 0.205774 5.318498 -1.321419 6.090405 -1.207904 7.446221 4.573911 15.304604 
0.758229 5.688996 3.389225 14.733062 2.796028 3.136539 -2.658772 -1.506145 7.477824 -0.501879 2.961420 5.949931 -2.502724 0.212088 5.131582 -1.894976 5.955804 -1.076096 7.192720 4.389734 14.844956 
0.827701 5.317401 3.322258 14.463674 2.826551 2.985130 -2.507682 -1.334665 7.117369 -0.347120 2.795730 5.920616 -2.421462 0.222134 4.940424 -2.384566 5.809218 -0.946324 6.931142 4.209185 14.363886 
0.889360 4.964223 3.250106 14.149342 2.843458 2.839138 -2.352614 -1.177035 6.756915 -0.203847 2.635414 5.869050 -2.332867 0.235247 4.745401 -2.794880 5.651162 -0.819236 6.662178 4.031814 13.862800 
0.943144 4.628465 3.172702 13.792565 2.847003 2.698078 -2.194624 -1.032532 6.397139 -0.071999 2.480255 5.795877 -2.237741 0.250780 4.546877 -3.130522 5.482139 -0.695460 6.386502 3.857185 13.343077 
0.988999 4.309150 3.089979 13.395791 2.837438 2.561473 -2.034740 -0.900454 6.038694 0.048491 2.330039 5.701738 -2.136863 0.268101 4.345202 -3.396000 5.302643 -0.575606 6.104772 3.684873 12.806064 
1.026873 4.005324 3.001867 12.961420 2.815010 2.428858 -1.873963 -0.780119 5.682209 0.157690 2.184551 5.587264 -2.030994 0.286596 4.140717 -3.595731 5.113159 -0.460261 5.817632 3.514463 12.253080 
1.056719 3.716054 2.908300 12.491796 2.779966 2.299777 -1.713268 -0.670865 5.328292 0.255671 2.043576 5.453082 -1.920874 0.305665 3.933747 -3.734040 4.914162 -0.349995 5.525708 3.345550 11.685413 
1.078497 3.440430 2.809211 11.989216 2.732548 2.173784 -1.553600 -0.572050 4.977526 0.342509 1.906901 5.299811 -1.807225 0.324725 3.724607 -3.815159 4.706116 -0.245358 5.229611 3.177744 11.104323 
1.092167 3.177563 2.704532 11.455925 2.672995 2.050444 -1.395881 -0.483049 4.630472 0.418280 1.774315 5.128065 -1.690746 0.343209 3.513599 -3.843228 4.489477 -0.146880 4.929937 3.010663 10.511039 
1.097698 2.926587 2.594197 10.894115 2.601546 1.929332 -1.241001 -0.403261 4.287667 0.483067 1.645605 4.938451 -1.572120 0.360566 3.301012 -3.822296 4.264691 -0.055071 4.627265 2.843937 9.906761 
1.095059 2.686656 2.478140 10.305930 2.518433 1.810032 -1.089827 -0.332102 3.949626 0.536952 1.520562 4.731571 -1.452007 0.376261 3.087123 -3.756318 4.032192 0.029577 4.322158 2.677208 9.292658 
1.084228 2.456947 2.356293 9.693459 2.423889 1.692139 -0.943197 -0.269009 3.616841 0.580022 1.398974 4.508019 -1.331048 0.389775 2.872199 -3.649158 3.792408 0.106595 4.015165 2.510127 8.669872 
1.065183 2.236660 2.228591 9.058745 2.318142 1.575259 -0.801920 -0.213439 3.289779 0.612367 1.280635 4.268384 -1.209866 0.400605 2.656490 -3.504586 3.545755 0.175531 3.706817 2.342360 8.039512 
1.037912 2.025014 2.094969 8.403774 2.201418 1.459006 -0.666782 -0.164866 2.968887 0.634079 1.165334 4.013247 -1.089060 0.408266 2.440238 -3.326282 3.292638 0.235951 3.397631 2.173579 7.402662 
1.002401 1.821253 1.955360 7.730487 2.073940 1.343005 -0.538538 -0.122789 2.654586 0.645254 1.052866 3.743186 -0.969214 0.412285 2.223670 -3.117834 3.033456 0.287446 3.088107 2.003473 6.760370 
0.958646 1.624640 1.809699 7.040768 1.935927 1.226892 -0.417917 -0.086721 2.347276 0.645992 0.943023 3.458769 -0.850889 0.412210 2.007001 -2.882734 2.768595 0.329621 2.778729 1.831737 6.113661 
0.906645 1.434463 1.657922 6.336455 1.787598 1.110313 -0.305623 -0.056200 2.047334 0.636393 0.835601 3.160561 -0.734627 0.407600 1.790435 -2.624387 2.498433 0.362104 2.469966 1.658081 5.463526 
0.846400 1.250029 1.499963 5.619332 1.629165 0.992922 -0.202329 -0.030780 1.755112 0.616562 0.730393 2.849118 -0.620949 0.398035 1.574163 -2.346101 2.223337 0.384541 2.162272 1.482224 4.810927 
0.777919 1.070668 1.335758 4.891132 1.460842 0.874386 -0.108684 -0.010036 1.470941 0.586607 0.627196 2.524991 -0.510359 0.383108 1.358363 -2.051095 1.943666 0.396600 1.856083 1.303897 4.156798 
0.701213 0.895733 1.165242 4.153539 1.282836 0.754380 -0.025307 0.006436 1.195127 0.546639 0.525808 2.188724 -0.403338 0.362429 1.143200 -1.742495 1.659767 0.397965 1.551821 1.122841 3.502042 
0.616299 0.724598 0.988351 3.408184 1.095354 0.632590 0.047207 0.019021 0.927955 0.496771 0.426025 1.840857 -0.300350 0.335623 0.928829 -1.423333 1.371978 0.388342 1.249891 0.938810 2.847532 
0.523198 0.556657 0.805022 2.656646 0.898599 0.508713 0.108292 0.028085 0.669686 0.437120 0.327647 1.481921 -0.201835 0.302333 0.715392 -1.096552 1.080630 0.367457 0.950682 0.751569 2.194114 
0.421935 0.391328 0.615191 1.900456 0.692770 0.382454 0.157410 0.033973 0.420558 0.367806 0.230472 1.112442 -0.108219 0.262217 0.503016 -0.765000 0.786040 0.335055 0.654569 0.560892 1.542600 
0.312539 0.228052 0.418794 1.141091 0.478065 0.253529 0.194049 0.037012 0.180785 0.288951 0.134301 0.732940 -0.019902 0.214949 0.291819 -0.431433 0.488518 0.290899 0.361909 0.366566 0.893776 
0.195045 0.066289 0.215769 0.379980 0.254680 0.121665 0.217723 0.037506 -0.049440 0.200680 0.038934 0.343927 0.062731 0.160219 0.081905 -0.098517 0.188364 0.234774 0.073046 0.168391 0.248398 
0.069491 -0.094477 0.006052 -0.381503 0.022804 -0.013401 0.227976 0.035743 -0.269949 0.103124 -0.055826 -0.054089 0.139318 0.097735 -0.126634 0.231176 -0.114133 0.166484 -0.211696 -0.033827 -0.392810 
-0.064078 -0.254742 -0.210420 -1.142032 -0.217371 -0.151923 0.224378 0.031988 -0.480596 -0.003588 -0.150177 -0.460607 0.209515 0.027217 -0.333719 0.555167 -0.418693 0.085852 -0.492005 -0.240265 -1.029152 
-0.205616 -0.414977 -0.433708 -1.900333 -0.465662 -0.294145 0.206524 0.026489 -0.681259 -0.119319 -0.244314 -0.875133 0.272999 -0.051595 -0.539281 0.871067 -0.725045 -0.007278 -0.767586 -0.451094 -1.659962 
-0.355071 -0.575636 -0.663875 -2.655184 -0.721883 -0.440299 0.174041 0.019471 -0.871837 -0.243933 -0.338435 -1.297180 0.329466 -0.138946 -0.743268 1.176581 -1.032929 -0.113045 -1.038161 -0.666469 -2.284602 
-0.512385 -0.737146 -0.900983 -3.405412 -0.985855 -0.590608 0.126577 0.011142 -1.052254 -0.377289 -0.432734 -1.726264 0.378633 -0.235066 -0.945635 1.469505 -1.342094 -0.231566 -1.303467 -0.886538 -2.902466 
-0.677497 -0.899915 -1.145094 -4.149897 -1.257401 -0.745286 0.063814 0.001689 -1.222457 -0.519243 -0.527405 -2.161911 0.420236 -0.340169 -1.146352 1.747729 -1.652298 -0.362940 -1.563255 -1.111435 -3.512977 
-0.850342 -1.064329 -1.396269 -4.887570 -1.536345 -0.904536 -0.014546 -0.008721 -1.382414 -0.669648 -0.622641 -2.603651 0.454031 -0.454450 -1.345403 2.009234 -1.963311 -0.507243 -1.817295 -1.341285 -4.115587 
-1.030849 -1.230751 -1.654569 -5.617412 -1.822516 -1.068549 -0.108767 -0.019940 -1.532120 -0.828355 -0.718634 -3.051021 0.479794 -0.578092 -1.542781 2.252092 -2.274910 -0.664536 -2.065371 -1.576199 -4.709778 
-1.218945 -1.399522 -1.920056 -6.338456 -2.115744 -1.237509 -0.219090 -0.031841 -1.671588 -0.995211 -0.815576 -3.503564 0.497320 -0.711258 -1.738493 2.474470 -2.586884 -0.834858 -2.307283 -1.816279 -5.295062 
-1.414548 -1.570964 -2.192789 -7.049785 -2.415863 -1.411589 -0.345729 -0.044315 -1.800859 -1.170061 -0.913658 -3.960830 0.506425 -0.854099 -1.932559 2.674624 -2.899031 -1.018228 -2.542848 -2.061616 -5.870979 
-1.617577 -1.745374 -2.472831 -7.750533 -2.722711 -1.590949 -0.488868 -0.057275 -1.919993 -1.352746 -1.013069 -4.422374 0.506945 -1.006747 -2.125010 2.850906 -3.211157 -1.214646 -2.771896 -2.312288 -6.437102 
-1.827943 -1.923027 -2.760240 -8.439888 -3.036125 -1.775744 -0.648665 -0.070652 -2.029075 -1.543104 -1.113999 -4.887759 0.498735 -1.169318 -2.315890 3.001758 -3.523082 -1.424092 -2.994275 -2.568364 -6.993031 
-2.045553 -2.104179 -3.055077 -9.117086 -3.355949 -1.966115 -0.825253 -0.084398 -2.128214 -1.740971 -1.216636 -5.356552 0.481671 -1.341913 -2.505255 3.125713 -3.834630 -1.646527 -3.209849 -2.829900 -7.538395 
-2.270310 -2.289061 -3.357402 -9.781414 -3.682028 -2.162194 -1.018735 -0.098483 -2.217540 -1.946178 -1.321167 -5.828329 0.455647 -1.524616 -2.693174 3.221400 -4.145640 -1.881893 -3.418498 -3.096941 -8.072855 
-2.502112 -2.477885 -3.667274 -10.432213 -4.014210 -2.364102 -1.229188 -0.112900 -2.297207 -2.158556 -1.427779 -6.302669 0.420578 -1.717497 -2.879729 3.287535 -4.455957 -2.130109 -3.620115 -3.369523 -8.596100 
-2.740853 -2.670838 -3.984753 -11.068872 -4.352344 -2.571953 -1.456662 -0.127659 -2.367392 -2.377931 -1.536658 -6.779161 0.376400 -1.920607 -3.065012 3.322932 -4.765438 -2.391080 -3.814612 -3.647667 -9.107850 
-2.986424 -2.868087 -4.309897 -11.690832 -4.696285 -2.785847 -1.701179 -0.142790 -2.428294 -2.604126 -1.647988 -7.257398 0.323067 -2.133982 -3.249129 3.326493 -5.073948 -2.664685 -4.001916 -3.931387 -9.607852 
-3.238707 -3.069777 -4.642766 -12.297586 -5.045890 -3.005875 -1.962734 -0.158344 -2.480138 -2.836961 -1.761954 -7.736979 0.260553 -2.357644 -3.432198 3.297213 -5.381365 -2.950789 -4.181969 -4.220683 -10.095886 
-3.497585 -3.276032 -4.983418 -12.888677 -5.401017 -3.232121 -2.241295 -0.174392 -2.523170 -3.076254 -1.878738 -8.217510 0.188853 -2.591595 -3.614350 3.234182 -5.687571 -3.249233 -4.354729 -4.515544 -10.571760 
-3.762933 -3.486952 -5.331912 -13.463700 -5.761529 -3.464654 -2.536804 -0.191023 -2.557657 -3.321819 -1.998524 -8.698603 0.107982 -2.835824 -3.795727 3.136578 -5.992464 -3.559842 -4.520171 -4.815949 -11.035311 
-4.034621 -3.702616 -5.688305 -14.022301 -6.127290 -3.703536 -2.849173 -0.208348 -2.583893 -3.573468 -2.121493 -9.179878 0.017973 -3.090303 -3.976484 3.003675 -6.295948 -3.882418 -4.678284 -5.121865 -11.486407 
-4.312518 -3.923083 -6.052656 -14.564175 -6.498168 -3.948819 -3.178291 -0.226496 -2.602193 -3.831009 -2.247825 -9.660958 -0.081119 -3.354987 -4.156790 2.834836 -6.597938 -4.216745 -4.829075 -5.433249 -11.924945 
-4.596486 -4.148386 -6.425022 -15.089072 -6.874034 -4.200543 -3.524015 -0.245616 -2.612896 -4.094247 -2.377701 -10.141474 -0.189221 -3.629817 -4.336824 2.629519 -6.898357 -4.562589 -4.972564 -5.750044 -12.350851 
-4.886382 -4.378540 -6.805460 -15.596789 -7.254762 -4.458739 -3.886178 -0.265878 -2.616362 -4.362985 -2.511300 -10.621065 -0.306239 -3.914716 -4.516777 2.387272 -7.197140 -4.919693 -5.108789 -6.072186 -12.764082 
-5.182061 -4.613537 -7.194029 -16.087177 -7.640226 -4.723428 -4.264585 -0.287472 -2.612976 -4.637022 -2.648800 -11.099373 -0.432059 -4.209591 -4.696856 2.107738 -7.494231 -5.287783 -5.237803 -6.399595 -13.164623 
-5.483370 -4.853346 -7.590783 -16.560136 -8.030308 -4.994620 -4.659013 -0.310605 -2.603145 -4.916154 -2.790378 -11.576048 -0.566547 -4.514335 -4.877276 1.790648 -7.789583 -5.666564 -5.359676 -6.732185 -13.552491 
-5.790154 -5.097916 -7.995781 -17.015620 -8.424887 -5.272316 -5.069215 -0.335508 -2.587301 -5.200175 -2.936211 -12.050746 -0.709551 -4.828822 -5.058266 1.435830 -8.083160 -6.055722 -5.474492 -7.069853 -13.927730 
-6.102254 -5.347172 -8.409079 -17.453630 -8.823850 -5.556507 -5.494912 -0.362427 -2.565896 -5.488876 -3.086475 -12.523131 -0.860897 -5.152912 -5.240069 1.043201 -8.374934 -6.454924 -5.582352 -7.412491 -14.290416 
-6.419505 -5.601018 -8.830733 -17.874222 -9.227083 -5.847173 -5.935801 -0.391632 -2.539408 -5.782043 -3.241345 -12.992870 -1.020392 -5.486449 -5.422938 0.612771 -8.664889 -6.863815 -5.683372 -7.759975 -14.640652 
-6.741738 -5.859338 -9.260799 -18.277500 -9.634478 -6.144284 -6.391551 -0.423410 -2.508336 -6.079461 -3.400994 -13.459638 -1.187823 -5.829258 -5.607140 0.144643 -8.953016 -7.282023 -5.777684 -8.112172 -14.978573 
-7.068779 -6.121991 -9.699332 -18.663621 -10.045926 -6.447801 -6.861803 -0.458071 -2.473203 -6.380912 -3.565598 -13.923117 -1.362957 -6.181152 -5.792954 -0.360989 -9.239319 -7.709154 -5.865438 -8.468938 -15.304343 
-7.400451 -6.388815 -10.146388 -19.032793 -10.461325 -6.757672 -7.346174 -0.495940 -2.434554 -6.686173 -3.735327 -14.382994 -1.545541 -6.541925 -5.980669 -0.903838 -9.523808 -8.144798 -5.946795 -8.830116 -15.618155 
-7.736570 -6.659628 -10.602023 -19.385274 -10.880573 -7.073838 -7.844249 -0.537367 -2.392958 -6.995021 -3.910353 -14.838963 -1.735303 -6.911356 -6.170591 -1.483524 -9.806507 -8.588521 -6.021937 -9.195540 -15.920232 
-8.076950 -6.934225 -11.066291 -19.721375 -11.303572 -7.396229 -8.355590 -0.582717 -2.349008 -7.307227 -4.090848 -15.290723 -1.931951 -7.289209 -6.363034 -2.099577 -10.087445 -9.039872 -6.091059 -9.565031 -16.210827 
-8.421399 -7.212377 -11.539248 -20.041454 -11.730227 -7.724765 -8.879729 -0.632379 -2.303318 -7.622561 -4.276980 -15.737982 -2.135172 -7.675229 -6.558326 -2.751433 -10.366665 -9.498379 -6.154372 -9.938401 -16.490223 
-8.769722 -7.493838 -12.020947 -20.345926 -12.160445 -8.059354 -9.416172 -0.686759 -2.256527 -7.940790 -4.468921 -16.180451 -2.344634 -8.069148 -6.756809 -3.438435 -10.644217 -9.963553 -6.212103 -10.315448 -16.758731 
-9.121718 -7.778334 -12.511442 -20.635252 -12.594135 -8.399897 -9.964399 -0.746285 -2.209295 -8.261677 -4.666837 -16.617850 -2.559984 -8.470679 -6.958834 -4.159837 -10.920162 -10.434882 -6.264496 -10.695961 -17.016692 
-9.477182 -8.065574 -13.010789 -20.909947 -13.031212 -8.746282 -10.523860 -0.811401 -2.162306 -8.584982 -4.870896 -17.049904 -2.780852 -8.879522 -7.164767 -4.914797 -11.194570 -10.911836 -6.311808 -11.079717 -17.264479 
-9.835904 -8.355244 -13.519041 -21.170575 -13.471591 -9.098390 -11.093980 -0.882576 -2.116268 -8.910462 -5.081266 -17.476343 -3.006845 -9.295359 -7.374986 -5.702384 -11.467521 -11.393865 -6.354316 -11.466482 -17.502493 
-10.197671 -8.647006 -14.036251 -21.417753 -13.915191 -9.456088 -11.674156 -0.960295 -2.071911 -9.237873 -5.298111 -17.896906 -3.237552 -9.717856 -7.589879 -6.521571 -11.739106 -11.880401 -6.392308 -11.856011 -17.731163 
-10.562265 -8.940503 -14.562473 -21.652148 -14.361932 -9.819236 -12.263759 -1.045064 -2.029987 -9.566965 -5.521597 -18.311337 -3.472541 -10.146664 -7.809851 -7.371244 -12.009423 -12.370853 -6.426093 -12.248047 -17.950950 
-10.929461 -9.235353 -15.097759 -21.874479 -14.811741 -10.187682 -12.862130 -1.137408 -1.991274 -9.897487 -5.751888 -18.719385 -3.711361 -10.581416 -8.035314 -8.250191 -12.278582 -12.864614 -6.455990 -12.642323 -18.162343 
-11.299033 -9.531156 -15.642163 -22.085515 -15.264543 -10.561266 -13.468586 -1.237874 -1.956571 -10.229184 -5.989148 -19.120808 -3.953540 -11.021730 -8.266697 -9.157113 -12.546702 -13.361054 -6.482339 -13.038559 -18.365864 
-11.670749 -9.827487 -16.195737 -22.286077 -15.720270 -10.939816 -14.082415 -1.347027 -1.926700 -10.561800 -6.233539 -19.515367 -4.198588 -11.467209 -8.504437 -10.090614 -12.813912 -13.859527 -6.505493 -13.436467 -18.562059 
-12.044373 -10.123900 -16.758534 -22.477035 -16.178853 -11.323150 -14.702878 -1.465451 -1.902507 -10.895072 -6.485222 -19.902833 -4.445994 -11.917439 -8.748988 -11.049210 -13.080350 -14.359364 -6.525822 -13.835744 -18.751509 
-12.419663 -10.419927 -17.330605 -22.659314 -16.640229 -11.711078 -15.329209 -1.593752 -1.884859 -11.228738 -6.744359 -20.282980 -4.695226 -12.371989 -9.000812 -12.031322 -13.346165 -14.859879 -6.543711 -14.236078 -18.934822 
-12.796375 -10.715079 -17.912003 -22.833886 -17.104335 -12.103396 -15.960616 -1.732555 -1.874650 -11.562531 -7.011109 -20.655589 -4.945734 -12.830413 -9.260387 -13.035280 -13.611514 -15.360364 -6.559561 -14.637146 -19.112635 
-13.174258 -11.008845 -18.502780 -23.001776 -17.571114 -12.499893 -16.596277 -1.882504 -1.872793 -11.896181 -7.285633 -21.020450 -5.196947 -13.292248 -9.528200 -14.059322 -13.876565 -15.860093 -6.573789 -15.038614 -19.285617 
-13.553058 -11.300690 -19.102986 -23.164061 -18.040510 -12.900348 -17.235345 -2.044263 -1.880225 -12.229416 -7.568088 -21.377355 -5.448276 -13.757016 -9.804754 -15.101592 -14.141496 -16.358319 -6.586827 -15.440134 -19.454464 
-13.932515 -11.590061 -19.712672 -23.321868 -18.512470 -13.304528 -17.876947 -2.218517 -1.897909 -12.561960 -7.858631 -21.726105 -5.699109 -14.224223 -10.090560 -16.160143 -14.406494 -16.854278 -6.599126 -15.841350 -19.619905 
-14.312368 -11.876378 -20.331891 -23.476374 -18.986943 -13.712191 -18.520179 -2.405970 -1.926827 -12.893536 -8.157420 -22.066507 -5.948817 -14.693358 -10.386146 -17.232936 -14.671756 -17.347184 -6.611148 -16.241894 -19.782695 
-14.692348 -12.159045 -20.960692 -23.628809 -19.463882 -14.123085 -19.164113 -2.607345 -1.967986 -13.223860 -8.464611 -22.398374 -6.196750 -15.163894 -10.692049 -18.317840 -14.937487 -17.836231 -6.623374 -16.641387 -19.943620 
-15.072182 -12.437439 -21.599125 -23.780453 -19.943243 -14.536947 -19.807792 -2.823387 -2.022416 -13.552649 -8.780358 -22.721525 -6.442237 -15.635289 -11.008819 -19.412631 -15.203906 -18.320595 -6.636301 -17.039437 -20.103497 
-15.451594 -12.710918 -22.247242 -23.932638 -20.424984 -14.953505 -20.450233 -3.054857 -2.091171 -13.879615 -9.104816 -23.035785 -6.684589 -16.106983 -11.337020 -20.514993 -15.471237 -18.799432 -6.650439 -17.435643 -20.263172 
-15.830302 -12.978818 -22.905092 -24.086746 -20.909066 -15.372476 -21.090426 -3.302541 -2.175326 -14.204467 -9.438138 -23.340986 -6.923096 -16.578402 -11.677227 -21.622517 -15.739717 -19.271878 -6.666317 -17.829591 -20.423519 
-16.208021 -13.240451 -23.572724 -24.244210 -21.395453 -15.793567 -21.727332 -3.567239 -2.275979 -14.526913 -9.780477 -23.636967 -7.157029 -17.048954 -12.030026 -22.732704 -16.009592 -19.737050 -6.684479 -18.220859 -20.585443 
-16.584460 -13.495109 -24.250189 -24.406516 -21.884113 -16.216476 -22.359887 -3.849777 -2.394254 -14.846655 -10.131985 -23.923571 -7.385639 -17.518032 -12.396019 -23.842961 -16.281115 -20.194044 -6.705483 -18.609009 -20.749879 
-16.959325 -13.742063 -24.937536 -24.575198 -22.375015 -16.640889 -22.986998 -4.150995 -2.531295 -15.163393 -10.492812 -24.200649 -7.608155 -17.985014 -12.775816 -24.950602 -16.554554 -20.641937 -6.729904 -18.993596 -20.917791 
-17.332316 -13.980560 -25.634812 -24.751844 -22.868131 -17.066483 -23.607547 -4.471756 -2.688271 -15.476826 -10.863109 -24.468058 -7.823790 -18.449260 -13.170044 -26.052851 -16.830182 -21.079787 -6.758334 -19.374162 -21.090172 
-17.703129 -14.209826 -26.342069 -24.938091 -23.363437 -17.492926 -24.220386 -4.812943 -2.866373 -15.786647 -11.243025 -24.725660 -8.031734 -18.910114 -13.579338 -27.146838 -17.108283 -21.506632 -6.791380 -19.750238 -21.268047 
-18.071457 -14.429064 -27.059353 -25.135629 -23.860911 -17.919873 -24.824341 -5.175458 -3.066814 -16.092549 -11.632708 -24.973327 -8.231159 -19.366905 -14.004348 -28.229602 -17.389153 -21.921491 -6.829663 -20.121343 -21.452468 
-18.436985 -14.637458 -27.786713 -25.346197 -24.360533 -18.346972 -25.418213 -5.560222 -3.290833 -16.394220 -12.032307 -25.210932 -8.421215 -19.818946 -14.445735 -29.298089 -17.673095 -22.323361 -6.873823 -20.486988 -21.644518 
-18.799398 -14.834168 -28.524197 -25.571587 -24.862289 -18.773858 -26.000772 -5.968177 -3.539690 -16.691344 -12.441967 -25.438358 -8.601034 -20.265532 -14.904174 -30.349152 -17.960423 -22.711222 -6.924513 -20.846668 -21.845309 
-19.158373 -15.018331 -29.271853 -25.813641 -25.366164 -19.200158 -26.570764 -6.400284 -3.814668 -16.983605 -12.861835 -25.655493 -8.769728 -20.705944 -15.380352 -31.379554 -18.251460 -23.084034 -6.982404 -21.199870 -22.055983 
-19.513585 -15.189066 -30.029729 -26.074252 -25.872148 -19.625489 -27.126906 -6.857525 -4.117074 -17.270682 -13.292056 -25.862231 -8.926389 -21.139447 -15.874965 -32.385965 -18.546539 -23.440735 -7.048182 -21.546070 -22.277712 
-19.864701 -15.345465 -30.797871 -26.355365 -26.380234 -20.049456 -27.667888 -7.340900 -4.448237 -17.552251 -13.732775 -26.058474 -9.070088 -21.565288 -16.388727 -33.364960 -18.846004 -23.780247 -7.122547 -21.884732 -22.511697 
-20.211388 -15.486603 -31.576328 -26.658975 -26.890416 -20.471655 -28.192374 -7.851431 -4.809509 -17.827986 -14.184134 -26.244129 -9.199877 -21.982699 -16.922359 -34.313026 -19.150207 -24.101470 -7.206218 -22.215308 -22.759169 
-20.553305 -15.611530 -32.365145 -26.987128 -27.402692 -20.891673 -28.698999 -8.390158 -5.202267 -18.097558 -14.646276 -26.419108 -9.314788 -22.390897 -17.476599 -35.226555 -19.459511 -24.403285 -7.299928 -22.537240 -23.021389 
-20.890108 -15.719275 -33.164370 -27.341922 -27.917064 -21.309084 -29.186372 -8.958141 -5.627910 -18.360633 -15.119344 -26.583331 -9.413834 -22.789081 -18.052193 -36.101848 -19.774286 -24.684552 -7.404426 -22.849957 -23.299647 
-21.221448 -15.808845 -33.974048 -27.725507 -28.433535 -21.723455 -29.653076 -9.556461 -6.087858 -18.616877 -15.603478 -26.736724 -9.496007 -23.176434 -18.649903 -36.935112 -20.094917 -24.944114 -7.520476 -23.152881 -23.595262 
-21.546973 -15.879226 -34.794226 -28.140081 -28.952112 -22.134341 -30.097663 -10.186218 -6.583557 -18.865951 -16.098818 -26.879219 -9.560280 -23.552126 -19.270501 -37.722465 -20.421793 -25.180792 -7.648860 -23.445418 -23.909585 
-21.866325 -15.929382 -35.624950 -28.587895 -29.472803 -22.541287 -30.518662 -10.848531 -7.116475 -19.107512 -16.605504 -27.010755 -9.605605 -23.915306 -19.914772 -38.459930 -20.755316 -25.393390 -7.790375 -23.726965 -24.243993 
-22.179140 -15.958253 -36.466266 -29.071253 -29.995622 -22.943830 -30.914572 -11.544541 -7.688102 -19.341218 -17.123675 -27.131276 -9.630915 -24.265111 -20.583515 -39.143438 -21.095898 -25.580688 -7.945832 -23.996908 -24.599897 
-22.485054 -15.964759 -37.318219 -29.592505 -30.520582 -23.341493 -31.283866 -12.275405 -8.299953 -19.566720 -17.653467 -27.240732 -9.635123 -24.600660 -21.277538 -39.768830 -21.443959 -25.741452 -8.116059 -24.254622 -24.978735 
-22.783693 -15.947798 -38.180853 -30.154058 -31.047703 -23.733792 -31.624991 -13.042305 -8.953564 -19.783667 -18.195018 -27.339083 -9.617121 -24.921056 -21.997664 -40.331852 -21.799930 -25.874423 -8.301901 -24.499470 -25.381973 
-23.074684 -15.906247 -39.054214 -30.758366 -31.577004 -24.120232 -31.936363 -13.846439 -9.650495 -19.991707 -18.748464 -27.426289 -9.575784 -25.225387 -22.744728 -40.828159 -22.164251 -25.978326 -8.504218 -24.730803 -25.811112 
-23.357645 -15.838958 -39.938348 -31.407934 -32.108509 -24.500308 -32.216376 -14.689025 -10.392330 -20.190482 -19.313940 -27.502323 -9.509965 -25.512724 -23.519577 -41.253314 -22.537371 -26.051866 -8.723885 -24.947964 -26.267676 
-23.632193 -15.744765 -40.833297 -32.105322 -32.642245 -24.873504 -32.463392 -15.571302 -11.180675 -20.379633 -19.891581 -27.567159 -9.418496 -25.782122 -24.323069 -41.602787 -22.919751 -26.093726 -8.961794 -25.150281 -26.753224 
-23.897937 -15.622478 -41.739106 -32.853136 -33.178240 -25.239295 -32.675750 -16.494529 -12.017159 -20.558798 -20.481519 -27.620779 -9.300192 -26.032620 -25.156077 -41.871957 -23.311861 -26.102572 -9.218852 -25.337074 -27.269343 
-24.154484 -15.470884 -42.655820 -33.654038 -33.716527 -25.597146 -32.851757 -17.459985 -12.903434 -20.727611 -21.083888 -27.663173 -9.153846 -26.263240 -26.019484 -42.056109 -23.714178 -26.077048 -9.495981 -25.507649 -27.817648 
-24.401437 -15.288751 -43.583482 -34.510736 -34.257141 -25.946511 -32.989698 -18.468966 -13.841176 -20.885704 -21.698820 -27.694335 -8.978233 -26.472991 -26.914188 -42.150438 -24.127193 -26.015781 -9.794122 -25.661302 -28.399785 
-24.638392 -15.074823 -44.522136 -35.425994 -34.800118 -26.286834 -33.087827 -19.522791 -14.832082 -21.032704 -22.326445 -27.714267 -8.772105 -26.660861 -27.841096 -42.150045 -24.551404 -25.917376 -10.114228 -25.797320 -29.017430 
-24.864942 -14.827823 -45.471824 -36.402623 -35.345500 -26.617549 -33.144372 -20.622798 -15.877875 -21.168239 -22.966894 -27.722975 -8.534198 -26.825827 -28.801130 -42.049940 -24.987319 -25.780421 -10.457270 -25.914975 -29.672288 
-25.080676 -14.546452 -46.432590 -37.443489 -35.893330 -26.938081 -33.157535 -21.770343 -16.980299 -21.291929 -23.620296 -27.720473 -8.263225 -26.966846 -29.795223 -41.845038 -25.435457 -25.603481 -10.824234 -26.013531 -30.366094 
-25.285178 -14.229389 -47.404476 -38.551504 -36.443653 -27.247843 -33.125489 -22.966805 -18.141121 -21.403395 -24.286780 -27.706782 -7.957881 -27.082861 -30.824320 -41.530166 -25.896344 -25.385103 -11.216124 -26.092239 -31.100613 
-25.478027 -13.875291 -48.387526 -39.729637 -36.996520 -27.546239 -33.046381 -24.213581 -19.362132 -21.502253 -24.966473 -27.681927 -7.616841 -27.172799 -31.889381 -41.100057 -26.370520 -25.123816 -11.633956 -26.150338 -31.877638 
-25.658798 -13.482793 -49.381781 -40.980904 -37.551982 -27.832663 -32.918331 -25.512086 -20.645146 -21.588116 -25.659503 -27.645941 -7.238758 -27.235569 -32.991375 -40.549349 -26.858531 -24.818127 -12.078764 -26.187059 -32.698994 
-25.827062 -13.050509 -50.387284 -42.308372 -38.110093 -28.106498 -32.739430 -26.863759 -21.991998 -21.660596 -26.365996 -27.598862 -6.822269 -27.270066 -34.131286 -39.872592 -27.360934 -24.466525 -12.551598 -26.201619 -33.566533 
-25.982383 -12.577030 -51.404075 -43.715162 -38.670912 -28.367118 -32.507743 -28.270054 -23.404550 -21.719299 -27.086076 -27.540736 -6.365987 -27.275169 -35.310108 -39.064241 -27.878296 -24.067477 -13.053524 -26.193224 -34.482139 
-26.124325 -12.060926 -52.432198 -45.204444 -39.234497 -28.613886 -32.221310 -29.732449 -24.884683 -21.763830 -27.819869 -27.471614 -5.868509 -27.249739 -36.528849 -38.118661 -28.411194 -23.619433 -13.585623 -26.161071 -35.447725 
-26.252443 -11.500744 -53.471693 -46.779440 -39.800913 -28.846155 -31.878139 -31.252440 -26.434304 -21.793791 -28.567497 -27.391554 -5.328408 -27.192622 -37.788529 -37.030122 -28.960214 -23.120822 -14.148991 -26.104344 -36.465232 
NaN NaN NaN NaN NaN NaN NaN NaN NaN NaN NaN NaN NaN NaN NaN NaN NaN NaN NaN NaN NaN 
NaN NaN NaN NaN NaN NaN NaN NaN NaN NaN NaN NaN NaN NaN NaN NaN NaN NaN NaN NaN NaN 
NaN NaN NaN NaN NaN NaN NaN NaN NaN NaN NaN NaN NaN NaN NaN NaN NaN NaN NaN NaN NaN 
NaN NaN NaN NaN NaN NaN NaN NaN NaN NaN NaN NaN NaN NaN NaN NaN NaN NaN NaN NaN NaN 
