NaN NaN NaN NaN NaN NaN NaN NaN NaN NaN NaN NaN NaN NaN NaN NaN NaN NaN NaN NaN NaN NaN NaN NaN NaN NaN NaN NaN 
NaN NaN NaN NaN NaN NaN NaN NaN NaN NaN NaN NaN NaN NaN NaN NaN NaN NaN NaN NaN NaN NaN NaN NaN NaN NaN NaN NaN 
NaN NaN NaN NaN NaN NaN NaN NaN NaN NaN NaN NaN NaN NaN NaN NaN NaN NaN NaN NaN NaN NaN NaN NaN NaN NaN NaN NaN 
NaN NaN NaN NaN NaN NaN NaN NaN NaN NaN NaN NaN NaN NaN NaN NaN NaN NaN NaN NaN NaN NaN NaN NaN NaN NaN NaN NaN 
NaN NaN NaN NaN NaN NaN NaN NaN NaN NaN NaN NaN NaN NaN NaN NaN NaN NaN NaN NaN NaN NaN NaN NaN NaN NaN NaN NaN 
5.205994 2.444379 0.807034 -3.689810 -1.082318 -1.467218 -4.978664 1.098387 -8.933983 2.386399 -1.934409 -2.467000 4.162399 -2.495605 3.700753 1.395844 -7.266825 -6.333021 0.740684 -2.442695 -4.270061 4.552307 0.089593 -3.478603 -11.234340 -4.517358 -0.890011 -0.439083 
5.345688 2.174993 0.526113 -4.054368 -1.087347 -1.606506 -4.857851 0.977514 -8.314615 2.593934 -1.662468 -2.323645 3.778404 -2.417649 3.684486 1.155151 -7.317508 -6.443346 0.492799 -2.369938 -4.505210 3.304796 -0.575569 -3.187178 -10.283290 -4.236291 -1.415712 -0.697392 
5.464109 1.921498 0.261529 -4.385767 -1.092869 -1.734109 -4.735085 0.867991 -7.719094 2.775855 -1.403254 -2.189321 3.413997 -2.337171 3.663672 0.929687 -7.350481 -6.536259 0.259860 -2.298102 -4.718991 2.128117 -1.207484 -2.914318 -9.382773 -3.970718 -1.901258 -0.936108 
5.562104 1.683388 0.012851 -4.685143 -1.098752 -1.850379 -4.610609 0.769256 -7.147041 2.933289 -1.156560 -2.063633 3.068657 -2.254462 3.638472 0.718976 -7.366477 -6.612313 0.041486 -2.227189 -4.912011 1.020586 -1.806512 -2.659279 -8.531240 -3.720041 -2.347990 -1.155891 
5.640508 1.460165 -0.220343 -4.953618 -1.104866 -1.955664 -4.484659 0.680752 -6.598075 3.067345 -0.922183 -1.946192 2.741870 -2.169810 3.609045 0.522550 -7.366221 -6.672053 -0.162704 -2.157202 -5.084870 -0.019463 -2.373014 -2.421329 -7.727162 -3.483671 -2.757231 -1.357391 
5.700144 1.251337 -0.438468 -5.192297 -1.111084 -2.050306 -4.357465 0.601934 -6.071819 3.179118 -0.699918 -1.836615 2.433125 -2.083494 3.575548 0.339946 -7.350421 -6.716019 -0.353085 -2.088143 -5.238159 -0.993679 -2.907354 -2.199752 -6.969033 -3.261030 -3.130283 -1.541249 
5.741821 1.056419 -0.641934 -5.402269 -1.117283 -2.134643 -4.229254 0.532266 -5.567896 3.269687 -0.489561 -1.734527 2.141919 -1.995791 3.538136 0.170705 -7.319780 -6.744743 -0.530028 -2.020014 -5.372461 -1.903691 -3.409896 -1.993841 -6.255364 -3.051548 -3.468430 -1.708094 
5.766337 0.874932 -0.831140 -5.584606 -1.123340 -2.209009 -4.100242 0.471220 -5.085928 3.340113 -0.290911 -1.639556 1.867753 -1.906971 3.496960 0.014375 -7.274983 -6.758751 -0.693900 -1.952818 -5.488351 -2.751111 -3.881008 -1.802904 -5.584690 -2.854668 -3.772936 -1.858547 
5.774476 0.706402 -1.006481 -5.740363 -1.129138 -2.273732 -3.970644 0.418278 -4.625540 3.391443 -0.103763 -1.551338 1.610134 -1.817296 3.452170 -0.129489 -7.216709 -6.758564 -0.845065 -1.886556 -5.586395 -3.537533 -4.321060 -1.626262 -4.955568 -2.669842 -4.045048 -1.993216 
5.767011 0.550364 -1.168343 -5.870581 -1.134562 -2.329137 -3.840666 0.372934 -4.186358 3.424710 0.072084 -1.469516 1.368575 -1.727025 3.403914 -0.261327 -7.145622 -6.744694 -0.983883 -1.821232 -5.667154 -4.264532 -4.730423 -1.463249 -4.366572 -2.496529 -4.285990 -2.112700 
5.744700 0.406358 -1.317105 -5.976284 -1.139498 -2.375542 -3.710509 0.334687 -3.768009 3.440927 0.236833 -1.393737 1.142594 -1.636412 3.352337 -0.381575 -7.062376 -6.717650 -1.110710 -1.756847 -5.731177 -4.933665 -5.109472 -1.313210 -3.816300 -2.334203 -4.496969 -2.217589 
5.708291 0.273931 -1.453140 -6.058477 -1.143839 -2.413263 -3.580368 0.303048 -3.370119 3.441095 0.390685 -1.323654 0.931714 -1.545703 3.297581 -0.490660 -6.967612 -6.677932 -1.225898 -1.693404 -5.779008 -5.546471 -5.458583 -1.175505 -3.303371 -2.182343 -4.679173 -2.308460 
5.658518 0.152637 -1.576812 -6.118152 -1.147476 -2.442609 -3.450433 0.277538 -2.992319 3.426196 0.533841 -1.258928 0.735463 -1.455139 3.239788 -0.589005 -6.861961 -6.626033 -1.329795 -1.630905 -5.811181 -6.104470 -5.778133 -1.049506 -2.826425 -2.040442 -4.833771 -2.385882 
5.596102 0.042035 -1.688479 -6.156283 -1.150307 -2.463887 -3.320885 0.257685 -2.634236 3.397200 0.666502 -1.199225 0.553378 -1.364957 3.179095 -0.677027 -6.746042 -6.562443 -1.422745 -1.569351 -5.828222 -6.609167 -6.068503 -0.934597 -2.384120 -1.908001 -4.961911 -2.450413 
5.521754 -0.058308 -1.788492 -6.173829 -1.152231 -2.477397 -3.191903 0.243028 -2.295502 3.355058 0.788869 -1.144217 0.384996 -1.275386 3.115638 -0.755138 -6.620462 -6.487642 -1.505090 -1.508744 -5.830651 -7.062044 -6.330075 -0.830177 -1.975139 -1.784531 -5.064723 -2.502600 
5.436168 -0.148820 -1.877193 -6.171730 -1.153149 -2.483436 -3.063658 0.233116 -1.975748 3.300707 0.901140 -1.093583 0.229865 -1.186650 3.049550 -0.823742 -6.485818 -6.402105 -1.577165 -1.449087 -5.818977 -7.464567 -6.563235 -0.735656 -1.598185 -1.669553 -5.143318 -2.542980 
5.340030 -0.229922 -1.954919 -6.150914 -1.152967 -2.482295 -2.936315 0.227507 -1.674607 3.235066 1.003517 -1.047005 0.087534 -1.098970 2.980963 -0.883239 -6.342693 -6.306301 -1.639303 -1.390382 -5.793704 -7.818186 -6.768368 -0.650457 -1.251980 -1.562599 -5.198787 -2.572081 
5.234010 -0.302027 -2.021999 -6.112288 -1.151593 -2.474261 -2.810034 0.225766 -1.391712 3.159042 1.096198 -1.004176 -0.042440 -1.012557 2.910005 -0.934023 -6.191660 -6.200692 -1.691834 -1.332630 -5.755325 -8.124329 -6.945864 -0.574018 -0.935270 -1.463209 -5.232202 -2.590420 
5.118767 -0.365544 -2.078753 -6.056746 -1.148938 -2.459616 -2.684967 0.227470 -1.126698 3.073522 1.179381 -0.964790 -0.160494 -0.927619 2.836804 -0.976481 -6.033282 -6.085734 -1.735082 -1.275832 -5.704327 -8.384409 -7.096113 -0.505786 -0.646819 -1.370936 -5.244616 -2.598502 
4.994947 -0.420873 -2.125498 -5.985165 -1.144915 -2.438638 -2.561262 0.232205 -0.879200 2.979379 1.253266 -0.928551 -0.267062 -0.844359 2.761482 -1.010996 -5.868107 -5.961877 -1.769369 -1.219992 -5.641188 -8.599818 -7.219509 -0.445224 -0.385414 -1.285339 -5.237063 -2.596824 
4.863185 -0.468410 -2.162538 -5.898404 -1.139441 -2.411601 -2.439062 0.239566 -0.648855 2.877472 1.318049 -0.895168 -0.362571 -0.762972 2.684162 -1.037943 -5.696673 -5.829562 -1.795012 -1.165110 -5.566379 -8.771931 -7.316447 -0.391807 -0.149862 -1.205991 -5.210558 -2.585871 
4.724100 -0.508543 -2.190176 -5.797308 -1.132436 -2.378772 -2.318501 0.249158 -0.435300 2.768641 1.373929 -0.864354 -0.447442 -0.683649 2.604963 -1.057694 -5.519509 -5.689228 -1.812325 -1.111189 -5.480361 -8.902107 -7.387324 -0.345023 0.061007 -1.132472 -5.166094 -2.566120 
4.578302 -0.541654 -2.208703 -5.682703 -1.123821 -2.340415 -2.199709 0.260594 -0.238173 2.653713 1.421103 -0.835831 -0.522092 -0.606575 2.524003 -1.070611 -5.337127 -5.541303 -1.821617 -1.058229 -5.383588 -8.991683 -7.432540 -0.304372 0.248346 -1.064374 -5.104650 -2.538035 
4.426385 -0.568118 -2.218404 -5.555403 -1.113524 -2.296791 -2.082809 0.273498 -0.057115 2.533498 1.459766 -0.809325 -0.586931 -0.531928 2.441396 -1.077055 -5.150034 -5.386212 -1.823194 -1.006233 -5.276507 -9.041980 -7.452496 -0.269368 0.413282 -1.001297 -5.027180 -2.502072 
4.268934 -0.588305 -2.219558 -5.416201 -1.101471 -2.248152 -1.967921 0.287502 0.108235 2.408789 1.490117 -0.784570 -0.642364 -0.459884 2.357255 -1.077378 -4.958719 -5.224371 -1.817357 -0.955201 -5.159555 -9.054300 -7.447596 -0.239538 0.556924 -0.942853 -4.934622 -2.458676 
4.106519 -0.602576 -2.212437 -5.265876 -1.087593 -2.194749 -1.855154 0.302249 0.258235 2.280365 1.512350 -0.761303 -0.688791 -0.390609 2.271690 -1.071927 -4.763665 -5.056192 -1.804406 -0.905136 -5.033163 -9.029928 -7.418247 -0.214419 0.680360 -0.888662 -4.827896 -2.408280 
3.939697 -0.611287 -2.197303 -5.105191 -1.071826 -2.136827 -1.744616 0.317389 0.393242 2.148989 1.526661 -0.739271 -0.726606 -0.324267 2.184809 -1.061044 -4.565340 -4.882079 -1.784634 -0.856039 -4.897751 -8.970129 -7.364856 -0.193566 0.784657 -0.838355 -4.707899 -2.351309 
3.769015 -0.614789 -2.174414 -4.934891 -1.054106 -2.074628 -1.636406 0.332584 0.513614 2.015407 1.533245 -0.718224 -0.756198 -0.261013 2.096717 -1.045063 -4.364202 -4.702430 -1.758331 -0.807910 -4.753735 -8.876152 -7.287833 -0.176542 0.870859 -0.791574 -4.575512 -2.288177 
3.595005 -0.613423 -2.144019 -4.755707 -1.034372 -2.008385 -1.530619 0.347503 0.619705 1.880350 1.532297 -0.697919 -0.777949 -0.200999 2.007517 -1.024315 -4.160696 -4.517637 -1.725785 -0.760753 -4.601519 -8.749226 -7.187592 -0.162925 0.939992 -0.747969 -4.431595 -2.219287 
3.418188 -0.607527 -2.106361 -4.568353 -1.012568 -1.938332 -1.427341 0.361827 0.711871 1.744534 1.524011 -0.678120 -0.792239 -0.144370 1.917311 -0.999123 -3.955258 -4.328084 -1.687277 -0.714567 -4.441501 -8.590562 -7.064545 -0.152307 0.993058 -0.707202 -4.276990 -2.145033 
3.239070 -0.597431 -2.061673 -4.373524 -0.988640 -1.864695 -1.326656 0.375245 0.790464 1.608659 1.508581 -0.658596 -0.799438 -0.091266 1.826196 -0.969805 -3.748311 -4.134151 -1.643088 -0.669354 -4.274071 -8.401354 -6.919110 -0.144289 1.031040 -0.668943 -4.112518 -2.065797 
3.058148 -0.583458 -2.010184 -4.171902 -0.962535 -1.787696 -1.228640 0.387455 0.855838 1.473407 1.486200 -0.639122 -0.799914 -0.041820 1.734269 -0.936673 -3.540265 -3.936210 -1.593490 -0.625115 -4.099609 -8.182777 -6.751705 -0.138490 1.054900 -0.632872 -3.938982 -1.981953 
2.875904 -0.565926 -1.952115 -3.964152 -0.934206 -1.707551 -1.133362 0.398164 0.908344 1.339447 1.457062 -0.619480 -0.794027 0.003837 1.641624 -0.900035 -3.331520 -3.734627 -1.538756 -0.581852 -3.918491 -7.935987 -6.562752 -0.134539 1.065577 -0.598682 -3.757167 -1.893862 
2.692807 -0.545144 -1.887678 -3.750922 -0.903606 -1.624475 -1.040887 0.407090 0.948333 1.207430 1.421358 -0.599457 -0.782134 0.045585 1.548353 -0.860189 -3.122466 -3.529761 -1.479153 -0.539565 -3.731080 -7.662122 -6.352674 -0.132076 1.063991 -0.566072 -3.567836 -1.801878 
2.509315 -0.521418 -1.817080 -3.532843 -0.870694 -1.538675 -0.951274 0.413959 0.976155 1.077993 1.379282 -0.578847 -0.764585 0.083305 1.454543 -0.817431 -2.913479 -3.321966 -1.414944 -0.498255 -3.537734 -7.362305 -6.121895 -0.130758 1.051041 -0.534753 -3.371735 -1.706341 
2.325872 -0.495044 -1.740520 -3.310532 -0.835429 -1.450354 -0.864574 0.418508 0.992157 0.951757 1.331026 -0.557449 -0.741725 0.116887 1.360284 -0.772050 -2.704924 -3.111588 -1.346389 -0.457925 -3.338803 -7.037635 -5.870842 -0.130252 1.027603 -0.504447 -3.169589 -1.607584 
2.142912 -0.466314 -1.658190 -3.084587 -0.797774 -1.359712 -0.780835 0.420481 0.996688 0.829325 1.276780 -0.535070 -0.713892 0.146223 1.265658 -0.724328 -2.497155 -2.898967 -1.273743 -0.418573 -3.134628 -6.689199 -5.599946 -0.130239 0.994534 -0.474883 -2.962105 -1.505927 
1.960852 -0.435513 -1.570273 -2.855591 -0.757696 -1.266942 -0.700096 0.419634 0.990095 0.711288 1.216735 -0.511521 -0.681420 0.171215 1.170748 -0.674544 -2.290515 -2.684437 -1.197259 -0.380202 -2.925541 -6.318061 -5.309638 -0.130413 0.952669 -0.445803 -2.749972 -1.401682 
1.780101 -0.402919 -1.476947 -2.624112 -0.715163 -1.172235 -0.622393 0.415731 0.972722 0.598218 1.151083 -0.486620 -0.644639 0.191767 1.075634 -0.622968 -2.085334 -2.468326 -1.117183 -0.342812 -2.711868 -5.925269 -5.000351 -0.130480 0.902823 -0.416958 -2.533855 -1.295150 
1.601053 -0.368804 -1.378383 -2.390700 -0.670147 -1.075775 -0.547753 0.408545 0.944915 0.490672 1.080014 -0.460191 -0.603869 0.207791 0.980393 -0.569865 -1.881931 -2.250955 -1.033761 -0.306404 -2.493926 -5.511853 -4.672521 -0.130159 0.845789 -0.388107 -2.314406 -1.186620 
1.424089 -0.333432 -1.274742 -2.155888 -0.622623 -0.977742 -0.476200 0.397858 0.907018 0.389192 1.003717 -0.432064 -0.559430 0.219204 0.885102 -0.515497 -1.680615 -2.032638 -0.947232 -0.270979 -2.272023 -5.078823 -4.326586 -0.129183 0.782339 -0.359021 -2.092254 -1.076373 
1.249578 -0.297063 -1.166181 -1.920194 -0.572569 -0.878313 -0.407751 0.383465 0.859372 0.294303 0.922381 -0.402075 -0.511633 0.225927 0.789831 -0.460116 -1.481681 -1.813683 -0.857833 -0.236538 -2.046461 -4.627173 -3.962986 -0.127296 0.713224 -0.329482 -1.868008 -0.964679 
1.077878 -0.259949 -1.052848 -1.684120 -0.519965 -0.777657 -0.342415 0.365165 0.802321 0.206516 0.836197 -0.370067 -0.460783 0.227889 0.694653 -0.403971 -1.285414 -1.594393 -0.765797 -0.203080 -1.817532 -4.157878 -3.582164 -0.124256 0.639175 -0.299279 -1.642261 -0.851797 
0.909332 -0.222336 -0.934884 -1.448151 -0.464794 -0.675942 -0.280198 0.342770 0.736204 0.126325 0.745351 -0.335887 -0.407182 0.225024 0.599635 -0.347304 -1.092088 -1.375062 -0.671351 -0.170608 -1.585520 -3.671894 -3.184564 -0.119835 0.560900 -0.268213 -1.415584 -0.737977 
0.744272 -0.184464 -0.812422 -1.212756 -0.407043 -0.573330 -0.221100 0.316102 0.661361 0.054208 0.650034 -0.299390 -0.351125 0.217270 0.504844 -0.290351 -0.901963 -1.155980 -0.574721 -0.139121 -1.350704 -3.170159 -2.770632 -0.113816 0.479089 -0.236096 -1.188531 -0.623458 
0.583016 -0.146564 -0.685591 -0.978387 -0.346702 -0.469977 -0.165112 0.284988 0.578131 -0.009373 0.550431 -0.260436 -0.292902 0.204573 0.410342 -0.233344 -0.715290 -0.937428 -0.476128 -0.108620 -1.113351 -2.653595 -2.340817 -0.105994 0.394407 -0.202746 -0.961635 -0.508468 
0.425871 -0.108864 -0.554509 -0.745480 -0.283761 -0.366035 -0.112221 0.249270 0.486851 -0.063970 0.446732 -0.218892 -0.232798 0.186884 0.316190 -0.176506 -0.532308 -0.719684 -0.375789 -0.079105 -0.873722 -2.123102 -1.895569 -0.096181 0.307502 -0.167995 -0.735409 -0.393226 
0.273130 -0.071584 -0.419288 -0.514456 -0.218217 -0.261654 -0.062410 0.208795 0.387860 -0.109154 0.339122 -0.174631 -0.171090 0.164158 0.222449 -0.120058 -0.353243 -0.503016 -0.273917 -0.050577 -0.632068 -1.579565 -1.435342 -0.084197 0.218998 -0.131683 -0.510350 -0.277939 
0.125075 -0.034936 -0.280033 -0.285717 -0.150067 -0.156975 -0.015653 0.163422 0.281491 -0.144507 0.227789 -0.127530 -0.108053 0.136358 0.129174 -0.064212 -0.178311 -0.287688 -0.170722 -0.023037 -0.388636 -1.023850 -0.960590 -0.069879 0.129500 -0.093661 -0.286934 -0.162807 
-0.018026 0.000871 -0.136843 -0.059651 -0.079312 -0.052138 0.028081 0.113017 0.168080 -0.169632 0.112918 -0.077476 -0.043954 0.103451 0.036420 -0.009175 -0.007716 -0.073958 -0.066408 0.003516 -0.143660 -0.456804 -0.471771 -0.053073 0.039591 -0.053788 -0.065616 -0.048016 
-0.155918 0.035638 0.010192 0.163370 -0.005956 0.052724 0.068828 0.057459 0.047961 -0.184145 -0.005305 -0.024358 0.020944 0.065411 -0.055762 0.044850 0.158349 0.137926 0.038822 0.029081 0.102630 0.120744 0.030656 -0.033641 -0.050168 -0.011936 0.153166 0.066257 
-0.288356 0.069171 0.160988 0.382993 0.069995 0.157481 0.106632 -0.003367 -0.078534 -0.187677 -0.126694 0.031927 0.086385 0.022216 -0.147321 0.097669 0.319704 0.347718 0.144770 0.053658 0.350015 0.707983 0.546230 -0.011457 -0.139235 0.032015 0.368993 0.179844 
-0.415111 0.101282 0.315470 0.598880 0.148530 0.262009 0.141540 -0.069566 -0.211072 -0.179877 -0.251064 0.091475 0.152117 -0.026150 -0.238212 0.149091 0.476179 0.555182 0.251243 0.077247 0.598282 1.304120 1.074487 0.013594 -0.227089 0.078176 0.581467 0.292588 
-0.535964 0.131789 0.473568 0.810707 0.229638 0.366187 0.173608 -0.141232 -0.349324 -0.160409 -0.378232 0.154378 0.217894 -0.079695 -0.328388 0.198932 0.627616 0.760086 0.358051 0.099847 0.847228 1.908380 1.614961 0.041611 -0.313233 0.126645 0.790208 0.404344 
-0.650709 0.160519 0.635221 1.018169 0.313303 0.469901 0.202896 -0.218451 -0.492958 -0.128951 -0.508012 0.220721 0.283475 -0.138424 -0.417807 0.247013 0.773869 0.962204 0.465007 0.121458 1.096655 2.520006 2.167185 0.072683 -0.397187 0.177513 0.994855 0.514975 
-0.759153 0.187303 0.800375 1.220978 0.399507 0.573040 0.229470 -0.301299 -0.641647 -0.085201 -0.640221 0.290581 0.348627 -0.202337 -0.506429 0.293163 0.914804 1.161320 0.571928 0.142081 1.346377 3.138262 2.730688 0.106884 -0.478495 0.230859 1.195067 0.624355 
-0.861117 0.211980 0.968980 1.418859 0.488228 0.675497 0.253403 -0.389842 -0.795063 -0.028868 -0.774675 0.364034 0.413119 -0.271425 -0.594217 0.337215 1.050296 1.357221 0.678637 0.161715 1.596214 3.762425 3.304999 0.144277 -0.556721 0.286753 1.390522 0.732369 
-0.956433 0.234395 1.140999 1.611557 0.579443 0.777171 0.274773 -0.484139 -0.952878 0.040321 -0.911193 0.441144 0.476728 -0.345675 -0.681133 0.379008 1.180234 1.549701 0.784959 0.180360 1.845993 4.391795 3.889644 0.184910 -0.631450 0.345255 1.580918 0.838911 
-1.044944 0.254398 1.316397 1.798830 0.673124 0.877966 0.293664 -0.584238 -1.114767 0.122622 -1.049590 0.521972 0.539234 -0.425071 -0.767146 0.418387 1.304519 1.738562 0.890722 0.198017 2.095551 5.025688 4.484145 0.228819 -0.702287 0.406414 1.765971 0.943887 
-1.126510 0.271847 1.495150 1.980455 0.769242 0.977788 0.310167 -0.690176 -1.280405 0.218277 -1.189686 0.606574 0.600426 -0.509586 -0.852225 0.455203 1.423060 1.923610 0.995760 0.214685 2.344732 5.663439 5.088025 0.276029 -0.768860 0.470272 1.945416 1.047211 
-1.200999 0.286608 1.677238 2.156224 0.867764 1.076551 0.324378 -0.801984 -1.449468 0.327512 -1.331298 0.694997 0.660096 -0.599193 -0.936340 0.489312 1.535781 2.104660 1.099910 0.230365 2.593388 6.304399 5.700802 0.326550 -0.830817 0.536856 2.119008 1.148810 
-1.268294 0.298550 1.862650 2.325945 0.968654 1.174172 0.336399 -0.919680 -1.621634 0.450537 -1.474244 0.787284 0.718041 -0.693855 -1.019465 0.520577 1.642616 2.281531 1.203013 0.245056 2.841381 6.947941 6.321995 0.380379 -0.887826 0.606188 2.286522 1.248618 
-1.328290 0.307551 2.051383 2.489443 1.071874 1.270572 0.346338 -1.043276 -1.796579 0.587545 -1.618345 0.883471 0.774065 -0.793531 -1.101577 0.548866 1.743512 2.454051 1.304912 0.258760 3.088577 7.593452 6.951118 0.437502 -0.939579 0.678278 2.447751 1.346583 
-1.380896 0.313494 2.243439 2.646559 1.177382 1.365678 0.354309 -1.172773 -1.973985 0.738716 -1.763420 0.983588 0.827978 -0.898175 -1.182653 0.574054 1.838424 2.622052 1.405458 0.271477 3.334855 8.240341 7.587684 0.497890 -0.985785 0.753124 2.602508 1.442661 
-1.426032 0.316270 2.438829 2.797151 1.285133 1.459421 0.360432 -1.308162 -2.153530 0.904211 -1.909288 1.087661 0.879594 -1.007734 -1.262676 0.596020 1.927324 2.785374 1.504501 0.283206 3.580098 8.888033 8.231204 0.561502 -1.026177 0.830718 2.750624 1.536819 
-1.463630 0.315776 2.637571 2.941091 1.395081 1.551736 0.364833 -1.449425 -2.334896 1.084177 -2.055770 1.195706 0.928732 -1.122151 -1.341627 0.614649 2.010190 2.943862 1.601898 0.293948 3.824200 9.535972 8.881186 0.628285 -1.060508 0.911039 2.891951 1.629033 
-1.493636 0.311914 2.839689 3.078272 1.507174 1.642564 0.367643 -1.596536 -2.517765 1.278746 -2.202687 1.307736 0.975219 -1.241362 -1.419492 0.629835 2.087014 3.097369 1.697510 0.303704 4.067060 10.183619 9.537138 0.698172 -1.088552 0.994058 3.026358 1.719290 
-1.516008 0.304595 3.045216 3.208597 1.621361 1.731850 0.369001 -1.749458 -2.701819 1.488031 -2.349859 1.423757 1.018885 -1.365298 -1.496259 0.641473 2.157801 3.245753 1.791199 0.312475 4.308588 10.830454 10.198564 0.771083 -1.110105 1.079734 3.153736 1.807589 
-1.530717 0.293733 3.254191 3.331991 1.737585 1.819543 0.369051 -1.908144 -2.886744 1.712134 -2.497108 1.543768 1.059567 -1.493884 -1.571917 0.649468 2.222566 3.388880 1.882835 0.320260 4.548701 11.475977 10.864965 0.846927 -1.124982 1.168017 3.273993 1.893937 
-1.537746 0.279253 3.466660 3.448393 1.855786 1.905597 0.367941 -2.072541 -3.072224 1.951136 -2.644256 1.667764 1.097106 -1.627039 -1.646460 0.653728 2.281334 3.526621 1.972288 0.327060 4.787323 12.119703 11.535843 0.925598 -1.133020 1.258848 3.387057 1.978353 
-1.537091 0.261082 3.682677 3.557757 1.975904 1.989972 0.365827 -2.242582 -3.257945 2.205107 -2.791126 1.795731 1.131351 -1.764677 -1.719882 0.654168 2.334144 3.658854 2.059433 0.332876 5.024388 12.761167 12.210694 1.006978 -1.134078 1.352157 3.492876 2.060865 
-1.528761 0.239157 3.902302 3.660055 2.097873 2.072630 0.362872 -2.418195 -3.443594 2.474097 -2.937540 1.927653 1.162154 -1.906706 -1.792180 0.650709 2.381046 3.785463 2.144151 0.337709 5.259836 13.399922 12.889016 1.090936 -1.128035 1.447863 3.591416 2.141511 
-1.512776 0.213419 4.125605 3.755275 2.221626 2.153541 0.359242 -2.599295 -3.628860 2.758144 -3.083322 2.063504 1.189373 -2.053029 -1.863353 0.643278 2.422100 3.906339 2.226324 0.341560 5.493617 14.035539 13.570301 1.177328 -1.114790 1.545878 3.682662 2.220340 
-1.489171 0.183818 4.352661 3.843421 2.347093 2.232676 0.355111 -2.785790 -3.813431 3.057266 -3.228294 2.203254 1.212873 -2.203543 -1.933403 0.631805 2.457379 4.021379 2.305840 0.344428 5.725688 14.667607 14.254042 1.265997 -1.094266 1.646101 3.766621 2.297413 
-1.457991 0.150307 4.583551 3.924515 2.474199 2.310013 0.350659 -2.977577 -3.996997 3.371470 -3.372281 2.346867 1.232523 -2.358139 -2.002334 0.616231 2.486968 4.130487 2.382589 0.346316 5.956014 15.295734 14.939728 1.356775 -1.066404 1.748422 3.843314 2.372798 
-1.419296 0.112848 4.818366 3.998591 2.602869 2.385535 0.346070 -3.174546 -4.179249 3.700744 -3.515107 2.494299 1.248198 -2.516702 -2.070153 0.596498 2.510962 4.233573 2.456466 0.347223 6.184569 15.919545 15.626846 1.449479 -1.031168 1.852723 3.912788 2.446575 
-1.373156 0.071410 5.057203 4.065705 2.733023 2.459227 0.341536 -3.376573 -4.359880 4.045060 -3.656597 2.645502 1.259779 -2.679113 -2.136867 0.572557 2.529468 4.330553 2.527370 0.347151 6.411333 16.538685 16.314881 1.543913 -0.988542 1.958872 3.975103 2.518835 
-1.319656 0.025967 5.300166 4.125925 2.864579 2.531081 0.337254 -3.583531 -4.538582 4.404377 -3.796577 2.800421 1.267150 -2.845246 -2.202489 0.544363 2.542606 4.421350 2.595202 0.346101 6.636297 17.152815 17.003317 1.639869 -0.938531 2.066731 4.030342 2.589678 
-1.258892 -0.023501 5.547366 4.179336 2.997452 2.601094 0.333427 -3.795278 -4.715050 4.778635 -3.934871 2.958996 1.270204 -3.014969 -2.267032 0.511878 2.550505 4.505894 2.659871 0.344073 6.859458 17.761616 17.691635 1.737127 -0.881161 2.176150 4.078606 2.659214 
-1.190974 -0.077006 5.798923 4.226042 3.131554 2.669265 0.330265 -4.011665 -4.888978 5.167760 -4.071305 3.121159 1.268838 -3.188145 -2.330510 0.475068 2.553307 4.584119 2.721285 0.341070 7.080820 18.364786 18.379313 1.835452 -0.816480 2.286969 4.120015 2.727566 
-1.116024 -0.134554 6.054962 4.266161 3.266795 2.735600 0.327982 -4.232534 -5.060062 5.571661 -4.205707 3.286838 1.262954 -3.364633 -2.392943 0.433907 2.551165 4.655968 2.779358 0.337091 7.300399 18.962041 19.065827 1.934598 -0.744555 2.399018 4.154709 2.794863 
-1.034175 -0.196146 6.315616 4.299826 3.403080 2.800109 0.326800 -4.457717 -5.227999 5.990234 -4.337903 3.455953 1.252459 -3.544282 -2.454350 0.388374 2.544245 4.721390 2.834009 0.332139 7.518216 19.553118 19.750654 2.034305 -0.665477 2.512118 4.182847 2.861248 
-0.945575 -0.261773 6.581025 4.327190 3.540312 2.862806 0.326944 -4.687036 -5.392488 6.423356 -4.467719 3.628419 1.237268 -3.726940 -2.514755 0.338454 2.532723 4.780340 2.885159 0.326213 7.734299 20.137768 20.433264 2.134302 -0.579355 2.626080 4.204607 2.926872 
-0.850383 -0.331423 6.851337 4.348419 3.678393 2.923711 0.328649 -4.920305 -5.553227 6.870889 -4.594985 3.804145 1.217298 -3.912448 -2.574181 0.284136 2.516787 4.832778 2.932734 0.319317 7.948689 20.715762 21.113128 2.234302 -0.486321 2.740704 4.220185 2.991898 
-0.748771 -0.405076 7.126707 4.363697 3.817220 2.982847 0.332153 -5.157328 -5.709916 7.332681 -4.719527 3.983033 1.192475 -4.100638 -2.632658 0.225418 2.496635 4.878673 2.976664 0.311450 8.161429 21.286892 21.789715 2.334007 -0.386528 2.855780 4.229800 3.056498 
-0.640925 -0.482707 7.407297 4.373224 3.956687 3.040242 0.337701 -5.397898 -5.862256 7.808562 -4.841174 4.164981 1.162728 -4.291342 -2.690213 0.162301 2.472480 4.917999 3.016881 0.302614 8.372574 21.850963 22.462491 2.433107 -0.280148 2.971089 4.233685 3.120855 
-0.527041 -0.564281 7.693276 4.377217 4.096685 3.095930 0.345543 -5.641801 -6.009950 8.298347 -4.959754 4.349879 1.127993 -4.484382 -2.746880 0.094793 2.444543 4.950736 3.053323 0.292811 8.582186 22.407802 23.130918 2.531278 -0.167375 3.086402 4.232097 3.185161 
-0.407329 -0.649761 7.984820 4.375908 4.237105 3.149949 0.355936 -5.888814 -6.152699 8.801836 -5.075098 4.537610 1.088210 -4.679576 -2.802692 0.022909 2.413059 4.976872 3.085931 0.282041 8.790336 22.957253 23.794460 2.628182 -0.048426 3.201479 4.225310 3.249621 
-0.282012 -0.739100 8.282113 4.369545 4.377832 3.202340 0.369142 -6.138701 -6.290208 9.318811 -5.187035 4.728055 1.043326 -4.876736 -2.857687 -0.053332 2.378273 4.996399 3.114649 0.270308 8.997100 23.499178 24.452575 2.723470 0.076463 3.316070 4.213616 3.314448 
-0.151325 -0.832246 8.585346 4.358394 4.518748 3.253152 0.385431 -6.391220 -6.422181 9.849042 -5.295395 4.921085 0.993292 -5.075669 -2.911902 -0.133905 2.340442 5.009318 3.139427 0.257611 9.202567 24.033457 25.104721 2.816781 0.207036 3.429917 4.197330 3.379865 
-0.015515 -0.929141 8.894717 4.342737 4.659734 3.302434 0.405076 -6.646118 -6.548326 10.392279 -5.400007 5.116565 0.938066 -5.276175 -2.965381 -0.218778 2.299835 5.015635 3.160218 0.243953 9.406829 24.559990 25.750353 2.907738 0.343012 3.542749 4.176782 3.446107 
0.125156 -1.029719 9.210431 4.322871 4.800667 3.350244 0.428359 -6.903133 -6.668348 10.948258 -5.500704 5.314357 0.877610 -5.478050 -3.018165 -0.307914 2.256732 5.015363 3.176976 0.229335 9.609989 25.078692 26.388925 2.995953 0.484094 3.654288 4.152324 3.513418 
0.270417 -1.133909 9.532700 4.299110 4.941422 3.396643 0.455564 -7.161995 -6.781955 11.516701 -5.597316 5.514315 0.811894 -5.681084 -3.070302 -0.401271 2.211425 5.008520 3.189664 0.213758 9.812157 25.589500 27.019888 3.081025 0.629961 3.764245 4.124326 3.582053 
0.419982 -1.241633 9.861745 4.271785 5.081869 3.441695 0.486986 -7.422422 -6.888856 12.097311 -5.689675 5.716286 0.740889 -5.885060 -3.121839 -0.498800 2.164216 4.995132 3.198244 0.197226 10.013452 26.092366 27.642691 3.162541 0.780271 3.872319 4.093178 3.652278 
0.573553 -1.352807 10.197792 4.241243 5.221877 3.485472 0.522921 -7.684125 -6.988762 12.689778 -5.777613 5.920113 0.664577 -6.089757 -3.172827 -0.600445 2.115421 4.975232 3.202685 0.179739 10.214001 26.587262 28.256779 3.240073 0.934661 3.978203 4.059289 3.724366 
0.730819 -1.467339 10.541076 4.207846 5.361313 3.528048 0.563674 -7.946803 -7.081383 13.293774 -5.860963 6.125631 0.582942 -6.294947 -3.223319 -0.706147 2.065366 4.948857 3.202960 0.161299 10.413938 27.074176 28.861599 3.313182 1.092749 4.081576 4.023086 3.798605 
0.891457 -1.585132 10.891837 4.171975 5.500038 3.569502 0.609555 -8.210149 -7.166430 13.908956 -5.939556 6.332670 0.495973 -6.500397 -3.273371 -0.815840 2.014388 4.916052 3.199043 0.141908 10.613406 27.553118 29.456593 3.381416 1.254129 4.182109 3.985018 3.875289 
1.055132 -1.706082 11.250325 4.134023 5.637912 3.609918 0.660881 -8.473843 -7.243617 14.534966 -6.013228 6.541054 0.403667 -6.705868 -3.323039 -0.929451 1.962836 4.876869 3.190914 0.121568 10.812554 28.024113 30.041200 3.444309 1.418377 4.279464 3.945550 3.954725 
1.221494 -1.830079 11.616794 4.094405 5.774792 3.649386 0.717973 -8.737559 -7.312658 15.171430 -6.081811 6.750601 0.306025 -6.911117 -3.372385 -1.046903 1.911073 4.831364 3.178557 0.100281 11.011543 28.487205 30.614860 3.501382 1.585045 4.373290 3.905169 4.037230 
1.390183 -1.957005 11.991509 4.053547 5.910532 3.687999 0.781159 -9.000959 -7.373267 15.817957 -6.145139 6.961122 0.203054 -7.115893 -3.421470 -1.168112 1.859469 4.779603 3.161959 0.078048 11.210539 28.942457 31.177008 3.552145 1.753667 4.463230 3.864380 4.123129 
1.560826 -2.086737 12.374739 4.011896 6.044983 3.725854 0.850773 -9.263696 -7.425159 16.474141 -6.203046 7.172422 0.094765 -7.319941 -3.470358 -1.292988 1.808409 4.721655 3.141111 0.054873 11.409717 29.389950 31.727078 3.596094 1.923753 4.548913 3.823706 4.212761 
1.733036 -2.219146 12.766762 3.969910 6.177994 3.763054 0.927155 -9.525415 -7.468053 17.139560 -6.255369 7.384302 -0.018823 -7.522999 -3.519118 -1.421437 1.758288 4.657598 3.116008 0.030757 11.609260 29.829781 32.264503 3.632712 2.094794 4.629961 3.783691 4.306473 
1.906414 -2.354095 13.167862 3.928068 6.309410 3.799707 1.010650 -9.785751 -7.501666 17.813777 -6.301942 7.596554 -0.137687 -7.724801 -3.567817 -1.553356 1.709513 4.587514 3.086649 0.005702 11.809358 30.262068 32.788711 3.661470 2.266259 4.705985 3.744899 4.404622 
2.080549 -2.491441 13.578332 3.886863 6.439072 3.835925 1.101612 -10.044329 -7.525716 18.496338 -6.342600 7.808965 -0.261799 -7.925073 -3.616529 -1.688640 1.662502 4.511494 3.053037 -0.020290 12.010212 30.686947 33.299131 3.681824 2.437598 4.776586 3.707910 4.507575 
2.255018 -2.631035 13.998470 3.846806 6.566821 3.871823 1.200396 -10.300765 -7.539923 19.186775 -6.377180 8.021318 -0.391125 -8.123539 -3.665326 -1.827175 1.617686 4.429633 3.015179 -0.047217 12.212027 31.104570 33.795188 3.693219 2.608236 4.841354 3.673327 4.615712 
2.429383 -2.772721 14.428583 3.808422 6.692492 3.907523 1.307366 -10.554666 -7.544008 19.884601 -6.405519 8.233387 -0.525624 -8.319913 -3.714285 -1.968843 1.575506 4.342033 2.973084 -0.075075 12.415020 31.515110 34.276305 3.695087 2.777581 4.899872 3.641770 4.729420 
2.603196 -2.916337 14.868984 3.772253 6.815921 3.943152 1.422893 -10.805628 -7.537693 20.589318 -6.427453 8.444940 -0.665252 -8.513907 -3.763485 -2.113520 1.536415 4.248805 2.926767 -0.103863 12.619414 31.918755 34.741904 3.686848 2.945018 4.951709 3.613877 4.849099 
2.775995 -3.061714 15.319995 3.738859 6.936936 3.978838 1.547352 -11.053241 -7.520701 21.300407 -6.442820 8.655742 -0.809957 -8.705225 -3.813006 -2.261075 1.500877 4.150062 2.876247 -0.133579 12.825439 32.315714 35.191404 3.667906 3.109912 4.996427 3.590309 4.975157 
2.947306 -3.208677 15.781942 3.708814 7.055367 4.014719 1.681124 -11.297081 -7.492755 22.017336 -6.451456 8.865549 -0.959685 -8.893566 -3.862932 -2.411371 1.469369 4.045928 2.821545 -0.164219 13.033336 32.706214 35.624220 3.637655 3.271605 5.033577 3.571743 5.108014 
3.116641 -3.357044 16.255161 3.682711 7.171038 4.050932 1.824596 -11.536719 -7.453579 22.739559 -6.453202 9.074112 -1.114372 -9.078625 -3.913348 -2.564268 1.442378 3.936530 2.762687 -0.195783 13.243351 33.090498 36.039769 3.595476 3.429420 5.062700 3.558877 5.248099 
3.283502 -3.506627 16.739995 3.661156 7.283771 4.087624 1.978162 -11.771714 -7.402901 23.466509 -6.447894 9.281176 -1.273953 -9.260088 -3.964343 -2.719618 1.420403 3.822002 2.699703 -0.228266 13.455741 33.468830 36.437463 3.540736 3.582659 5.083327 3.552427 5.395853 
3.447376 -3.657232 17.236794 3.644774 7.393385 4.124942 2.142222 -12.001615 -7.340446 24.197608 -6.435373 9.486478 -1.438353 -9.437639 -4.016006 -2.877267 1.403956 3.702487 2.632627 -0.261667 13.670769 33.841489 36.816712 3.472789 3.730601 5.094980 3.553130 5.551725 
3.607739 -3.808657 17.745913 3.634205 7.499697 4.163040 2.317179 -12.225965 -7.265942 24.932261 -6.415476 9.689753 -1.607496 -9.610954 -4.068430 -3.037056 1.393557 3.578130 2.561495 -0.295982 13.888706 34.208775 37.176925 3.390977 3.872506 5.097170 3.561739 5.716175 
3.764053 -3.960695 18.267717 3.630105 7.602519 4.202077 2.503446 -12.444295 -7.179118 25.669856 -6.388045 9.890727 -1.781298 -9.779703 -4.121711 -3.198819 1.389741 3.449087 2.486350 -0.331210 14.109833 34.571005 37.517508 3.294628 4.007612 5.089398 3.579030 5.889675 
3.915769 -4.113131 18.802578 3.633149 7.701663 4.242216 2.701440 -12.656126 -7.079703 26.409765 -6.352919 10.089119 -1.959669 -9.943552 -4.175944 -3.362386 1.393053 3.315517 2.407236 -0.367347 14.334437 34.928514 37.837865 3.183060 4.135137 5.071155 3.605796 6.072706 
4.062324 -4.265746 19.350873 3.644024 7.796936 4.283624 2.911583 -12.860971 -6.967429 27.151346 -6.309939 10.284644 -2.142515 -10.102162 -4.231231 -3.527579 1.404050 3.177586 2.324202 -0.404392 14.562814 35.281657 38.137398 3.055575 4.254276 5.041922 3.642850 6.265759 
4.203143 -4.418311 19.912989 3.663437 7.888141 4.326473 3.134304 -13.058334 -6.842026 27.893941 -6.258945 10.477012 -2.329736 -10.255185 -4.287672 -3.694217 1.423301 3.035469 2.237302 -0.442340 14.795268 35.630803 38.415507 2.911463 4.364205 5.001171 3.691024 6.469336 
4.337639 -4.570594 20.489319 3.692109 7.975082 4.370940 3.370039 -13.247709 -6.703228 28.636874 -6.199780 10.665923 -2.521227 -10.402270 -4.345373 -3.862111 1.451384 2.889345 2.146591 -0.481189 15.032110 35.976345 38.671590 2.750001 4.464078 4.948364 3.751169 6.683947 
4.465212 -4.722355 21.080262 3.730779 8.057557 4.417208 3.619229 -13.428579 -6.550769 29.379456 -6.132284 10.851074 -2.716875 -10.543060 -4.404439 -4.031067 1.488891 2.739399 2.052132 -0.520936 15.273662 36.318689 38.905042 2.570454 4.553029 4.882951 3.824155 6.910117 
4.585249 -4.873347 21.686226 3.780201 8.135361 4.465460 3.882319 -13.600421 -6.384382 30.120981 -6.056301 11.032156 -2.916565 -10.677193 -4.464979 -4.200884 1.536425 2.585824 1.953987 -0.561579 15.520250 36.658263 39.115256 2.372074 4.630169 4.804373 3.910872 7.148376 
4.697124 -5.023316 22.307626 3.841146 8.208289 4.515890 4.159764 -13.762700 -6.203803 30.860726 -5.971672 11.208851 -3.120175 -10.804298 -4.527106 -4.371357 1.594601 2.428819 1.852225 -0.603114 15.772212 36.995510 39.301625 2.154100 4.694590 4.712064 4.012230 7.399269 
4.800199 -5.172005 22.944882 3.914401 8.276129 4.568691 4.452021 -13.914871 -6.008770 31.597954 -5.878241 11.380839 -3.327577 -10.924003 -4.590931 -4.542273 1.664044 2.268589 1.746919 -0.645538 16.029891 37.330894 39.463536 1.915757 4.745362 4.605443 4.129156 7.663347 
4.893825 -5.319146 23.598426 4.000770 8.338669 4.624065 4.759555 -14.056384 -5.799019 32.331911 -5.775852 11.547791 -3.538637 -11.035928 -4.656572 -4.713416 1.745392 2.105345 1.638145 -0.688849 16.293640 37.664894 39.600378 1.656259 4.781533 4.483922 4.262597 7.941175 
4.977337 -5.464468 24.268691 4.101072 8.395693 4.682215 5.082837 -14.186674 -5.574290 33.061829 -5.664347 11.709373 -3.753219 -11.139686 -4.724146 -4.884562 1.839294 1.939306 1.525982 -0.733042 16.563819 37.998012 39.711534 1.374805 4.802133 4.346903 4.413521 8.233325 
5.050061 -5.607691 24.956123 4.216143 8.446983 4.743352 5.422343 -14.305169 -5.334322 33.786922 -5.543571 11.865244 -3.971176 -11.234887 -4.793775 -5.055482 1.946410 1.770695 1.410513 -0.778116 16.840796 38.330763 39.796389 1.070583 4.806169 4.193777 4.582914 8.540382 
5.111307 -5.748531 25.661171 4.346836 8.492317 4.807688 5.778556 -14.411290 -5.078855 34.506390 -5.413369 12.015059 -4.192361 -11.321134 -4.865580 -5.225941 2.067413 1.599745 1.291828 -0.824066 17.124948 38.663683 39.854321 0.742768 4.792625 4.023926 4.771779 8.862940 
5.160376 -5.886695 26.384294 4.494020 8.531471 4.875443 6.151964 -14.504445 -4.807632 35.219415 -5.273585 12.158464 -4.416618 -11.398024 -4.939687 -5.395698 2.202985 1.426692 1.170016 -0.870890 17.416660 38.997327 39.884711 0.390521 4.760468 3.836721 4.981142 9.201603 
5.196553 -6.021885 27.125957 4.658579 8.564218 4.946839 6.543062 -14.584034 -4.520394 35.925166 -5.124066 12.295102 -4.643786 -11.465150 -5.016224 -5.564506 2.353822 1.251779 1.045174 -0.918584 17.716324 39.332265 39.886934 0.012991 4.708642 3.631525 5.212047 9.556987 
5.219113 -6.153796 27.886631 4.841415 8.590326 5.022106 6.952349 -14.649448 -4.216886 36.622795 -4.964657 12.424608 -4.873699 -11.522098 -5.095320 -5.732113 2.520631 1.075257 0.917401 -0.967144 18.024341 39.669089 39.860364 -0.390687 4.636069 3.407688 5.465555 9.929715 
5.227317 -6.282118 28.666797 5.043445 8.609564 5.101474 7.380333 -14.700067 -3.896851 37.311436 -4.795204 12.546610 -5.106187 -11.568447 -5.177108 -5.898261 2.704130 0.897383 0.786798 -1.016568 18.341119 40.008405 39.804374 -0.821388 4.541652 3.164552 5.742750 10.320424 
5.220413 -6.406532 29.466941 5.265603 8.621695 5.185182 7.827524 -14.735265 -3.560036 37.990211 -4.615554 12.660734 -5.341072 -11.603774 -5.261723 -6.062686 2.905047 0.718419 0.653475 -1.066852 18.667076 40.350842 39.718334 -1.280004 4.424272 2.901449 6.044732 10.729759 
5.197638 -6.526714 30.287557 5.508841 8.626479 5.273471 8.294442 -14.754402 -3.206186 38.658224 -4.425554 12.766594 -5.578171 -11.627647 -5.349300 -6.225117 3.124126 0.538635 0.517540 -1.117992 19.002636 40.697044 39.601611 -1.767437 4.282788 2.617700 6.372622 11.158376 
5.158216 -6.642334 31.129146 5.774123 8.623676 5.366588 8.781611 -14.756833 -2.835051 39.314564 -4.225051 12.863804 -5.817297 -11.639631 -5.439980 -6.385279 3.362117 0.358307 0.379109 -1.169985 19.348232 41.047673 39.453571 -2.284602 4.116040 2.312618 6.727559 11.606942 
5.101357 -6.753054 31.992217 6.062433 8.613041 5.464783 9.289559 -14.741901 -2.446377 39.958303 -4.013893 12.951967 -6.058256 -11.639283 -5.533903 -6.542891 3.619786 0.177716 0.238300 -1.222827 19.704306 41.403410 39.273577 -2.832427 3.922846 1.985504 7.110703 12.076132 
5.026260 -6.858531 32.877286 6.374770 8.594325 5.568312 9.818825 -14.708940 -2.039915 40.588499 -3.791929 13.030683 -6.300849 -11.626155 -5.631215 -6.697665 3.897908 -0.002849 0.095236 -1.276515 20.071305 41.764956 39.060992 -3.411855 3.702003 1.635650 7.523232 12.566633 
4.932110 -6.958414 33.784874 6.712150 8.567278 5.677436 10.369948 -14.657275 -1.615415 41.204193 -3.559008 13.099545 -6.544873 -11.599794 -5.732060 -6.849307 4.197270 -0.183092 -0.049958 -1.331045 20.449688 42.133027 38.815174 -4.023839 3.452287 1.262338 7.966343 13.079143 
4.818082 -7.052348 34.715513 7.075605 8.531648 5.792420 10.943477 -14.586222 -1.172628 41.804409 -3.314977 13.158139 -6.790116 -11.559742 -5.836587 -6.997520 4.518672 -0.362712 -0.197152 -1.386413 20.839919 42.508359 38.535480 -4.669346 3.172452 0.864838 8.441253 13.614369 
4.683335 -7.139968 35.669739 7.466182 8.487176 5.913533 11.539966 -14.495086 -0.711307 42.388159 -3.059687 13.206046 -7.036363 -11.505534 -5.944948 -7.141997 4.862924 -0.541402 -0.346211 -1.442616 21.242472 42.891706 38.221266 -5.349356 2.861233 0.442415 8.949198 14.173028 
4.527017 -7.220906 36.648098 7.884946 8.433605 6.041049 12.159975 -14.383164 -0.231207 42.954436 -2.792988 13.242842 -7.283395 -11.436699 -6.057296 -7.282428 5.230846 -0.718847 -0.496998 -1.499649 21.657829 43.283840 37.871884 -6.064863 2.517343 -0.005682 9.491432 14.755848 
4.348265 -7.294786 37.651139 8.332978 8.370672 6.175248 12.804069 -14.249744 0.267920 43.502217 -2.514730 13.268094 -7.530983 -11.352762 -6.173785 -7.418498 5.623274 -0.894726 -0.649371 -1.557509 22.086477 43.685551 37.486685 -6.816870 2.139473 -0.480210 10.069231 15.363568 
4.146201 -7.361224 38.679424 8.811374 8.298112 6.316413 13.472820 -14.094104 0.786318 44.030466 -2.224763 13.281365 -7.778897 -11.253241 -6.294574 -7.549883 6.041052 -1.068713 -0.803186 -1.616191 22.528916 44.097649 37.065018 -7.606398 1.726294 -0.981936 10.683888 15.996936 
NaN NaN NaN NaN NaN NaN NaN NaN NaN NaN NaN NaN NaN NaN NaN NaN NaN NaN NaN NaN NaN NaN NaN NaN NaN NaN NaN NaN 
NaN NaN NaN NaN NaN NaN NaN NaN NaN NaN NaN NaN NaN NaN NaN NaN NaN NaN NaN NaN NaN NaN NaN NaN NaN NaN NaN NaN 
NaN NaN NaN NaN NaN NaN NaN NaN NaN NaN NaN NaN NaN NaN NaN NaN NaN NaN NaN NaN NaN NaN NaN NaN NaN NaN NaN NaN 
NaN NaN NaN NaN NaN NaN NaN NaN NaN NaN NaN NaN NaN NaN NaN NaN NaN NaN NaN NaN NaN NaN NaN NaN NaN NaN NaN NaN 
