NaN NaN NaN NaN NaN NaN NaN 
NaN NaN NaN NaN NaN NaN NaN 
NaN NaN NaN NaN NaN NaN NaN 
NaN NaN NaN NaN NaN NaN NaN 
NaN NaN NaN NaN NaN NaN NaN 
6.199639 9.766775 16.678564 -0.677687 -1.818632 11.172511 12.844533 
5.620708 9.499719 16.004787 -1.618674 0.664430 10.696321 11.823332 
5.613793 9.430681 16.646304 -1.309155 1.964637 9.208830 11.336415 
5.447258 9.087496 15.884782 -1.388703 2.151818 8.412736 11.220171 
5.219345 9.282010 16.042383 -1.139106 1.538653 9.001419 11.252053 
5.345041 10.058068 15.733409 0.016107 5.430455 10.201230 11.600281 
5.343223 10.550898 14.565840 0.846219 9.564639 11.123014 12.014675 
4.752669 10.775303 13.945495 1.680773 12.356232 11.094635 12.525887 
4.700213 11.225722 13.318473 1.755557 13.763915 11.382722 12.250871 
4.625837 11.770456 12.784241 1.049395 12.926257 10.291312 12.089725 
4.448134 11.703341 12.754406 1.808384 11.062702 11.135979 11.552216 
5.579248 12.259361 12.483727 2.062990 11.623402 11.978736 11.848917 
5.570807 11.912423 12.189063 2.275345 13.360751 11.948069 12.081923 
5.931527 11.686630 11.569525 2.071514 12.384267 12.720393 11.606008 
6.136120 11.273937 11.332367 2.039885 9.211232 11.911010 10.913820 
6.034010 10.315194 10.302825 1.217385 4.855888 10.912653 10.094260 
5.202486 9.386505 9.781824 0.303026 -0.543786 9.791232 8.970909 
5.172948 8.844787 10.319320 -0.723275 -1.818092 9.622335 7.930775 
5.994701 8.551910 9.086438 -1.023038 -1.860641 10.708422 7.098596 
5.925105 8.176722 8.584277 -1.165991 -1.617405 10.803762 6.968611 
5.445823 7.622054 8.225586 -2.199061 -0.591521 10.609760 6.810629 
4.366133 6.850389 6.715725 -2.833488 -2.887103 9.938530 6.166900 
4.095586 6.771704 6.072181 -3.331662 -4.170954 9.987283 5.467900 
4.105300 6.641444 5.767532 -3.356848 -4.792507 7.771106 4.267481 
4.631833 6.663914 4.985190 -4.381945 -4.253503 7.346140 3.745520 
4.334059 6.561361 3.520803 -5.131238 -6.621304 6.475179 2.879970 
4.467294 6.104737 3.907692 -4.980615 -4.936878 4.918576 2.552656 
4.080335 5.593727 2.583287 -5.289213 -5.410182 4.552286 2.020324 
3.266201 5.557612 3.583336 -5.665395 -7.131201 2.625032 2.092862 
3.990248 4.801620 2.897871 -5.224020 -8.305119 1.919329 1.683566 
4.437337 4.653415 2.857551 -5.786503 -7.751051 1.634347 1.657211 
4.470630 4.253732 2.710975 -5.349588 -6.853195 1.371982 1.501110 
4.607000 3.424640 1.488682 -5.070295 -4.810783 1.210682 1.064974 
4.959009 4.198602 2.109494 -3.978262 -4.332760 3.620466 1.652988 
5.068852 4.239554 1.238003 -3.423850 -2.660496 3.352813 1.950503 
5.130716 3.732925 2.811255 -3.020522 1.538654 2.724519 2.386801 
4.763692 3.971028 2.051199 -2.961657 0.742259 2.703007 2.132392 
4.647424 3.611302 2.357283 -2.401015 2.100211 2.917890 2.016070 
4.530186 2.606563 0.873095 -1.590295 1.083968 3.511962 1.666710 
3.084094 2.516104 0.846083 -1.609535 0.556647 3.189940 1.494425 
2.557825 2.133877 0.484335 -1.338331 -0.772995 2.411961 0.941288 
2.443914 2.189953 0.886655 -1.757457 1.878691 2.296892 0.360046 
2.819624 2.390340 0.090098 -1.124380 0.039481 2.118622 0.264540 
1.666060 1.004966 -1.101776 -1.497059 0.863776 1.243445 -0.087067 
0.502622 0.017819 -0.608154 -2.333091 1.345224 1.865953 -0.354567 
0.333845 -0.313862 -2.508428 -1.522849 -1.223765 1.982474 -0.865905 
0.118657 -0.965676 -2.574594 -0.906872 -2.181359 1.997962 -0.747476 
0.087008 -0.517769 -3.215216 -0.476754 -3.963781 0.881123 -0.546198 
0.128671 -0.300003 -1.988799 -1.488279 -4.022620 -0.189501 -0.502766 
0.481392 -0.396814 -1.836361 -1.258833 -2.865307 0.221777 -0.403176 
0.123671 -0.558453 -1.650010 0.307590 -1.301973 0.466266 -0.287617 
0.447270 -0.438093 -0.555441 0.119452 -2.412666 -0.098206 0.270565 
0.069913 -0.672013 -0.129464 0.049944 -0.392110 0.291838 0.316732 
-0.613534 -0.804899 0.890331 0.266076 -1.295276 -0.498243 0.247238 
-1.168159 -0.145682 1.479529 1.425714 -1.115463 -2.063573 0.330911 
-1.128760 -0.140243 2.083011 1.248818 0.532402 -2.871798 0.636541 
-1.148009 0.393463 2.160448 1.680420 2.503758 -3.243761 0.411545 
-1.862774 -0.567457 2.380227 1.711324 4.249345 -2.556649 0.107572 
-2.656499 -0.998519 2.593556 2.945394 5.466700 -1.926646 -0.006813 
-3.202735 -1.310935 3.120051 3.949174 4.667938 -2.329937 -0.085393 
-1.381609 -1.243823 3.055215 3.067843 1.993759 -3.098003 0.172651 
-1.691917 -2.585294 3.222754 3.938435 -0.075159 -3.468402 -0.058894 
-2.717928 -2.979186 4.190122 3.788772 -1.403847 -4.553895 -0.013890 
-2.034748 -3.102339 3.516813 4.196874 -0.540752 -4.968255 0.101726 
-2.456371 -3.851939 3.556257 4.585223 -2.994226 -4.569291 -0.383697 
-3.048621 -4.597379 4.511855 5.243510 -4.862849 -4.394349 -0.567850 
-3.805244 -5.397554 4.653388 5.006470 -5.746251 -4.467928 -0.691505 
-3.297369 -5.009108 4.650350 5.219495 -5.840678 -4.033893 -0.755417 
-2.845959 -5.408505 4.409120 5.174712 -5.041973 -3.526258 -0.927550 
-3.076524 -5.979708 4.347113 4.544331 -4.179163 -2.571263 -0.998948 
-5.631067 -6.596279 5.075272 5.001908 -3.522728 -2.106328 -1.447164 
-7.335182 -5.804149 5.449628 5.052824 -0.812893 -1.569472 -1.667213 
-7.864868 -5.994700 5.955434 5.142404 -0.631685 -1.240988 -1.850672 
-8.878629 -6.033062 5.908727 4.848582 -0.036606 -0.689670 -2.168127 
-8.363133 -6.235509 5.492499 4.275713 2.590600 -0.022227 -2.054615 
-8.908176 -6.407678 5.715459 3.137990 3.733407 -0.330956 -2.345934 
-9.000092 -6.494108 5.960547 3.083278 3.583054 -0.936127 -2.618776 
-10.369664 -7.284644 6.702449 2.453919 3.752339 -2.016068 -2.872698 
-10.946156 -8.117035 7.522783 2.025041 4.948265 -2.875230 -3.254473 
-10.330766 -8.381681 8.235208 2.321781 4.900863 -4.115421 -3.549977 
-10.223118 -9.170607 7.443344 2.011022 6.284102 -4.158267 -4.009445 
-9.775898 -10.451805 6.068645 2.258801 4.655014 -5.074104 -4.209772 
-9.538019 -11.269293 5.560260 1.563570 3.985578 -5.572824 -4.741452 
-9.413685 -12.478384 5.895448 0.864719 3.004589 -6.781171 -5.119567 
-10.628890 -13.929404 5.593911 1.268404 2.217639 -8.284082 -5.804797 
-11.416076 -14.544081 4.632440 1.511833 1.634138 -8.616458 -6.219135 
-12.031101 -15.508778 4.403753 1.039379 2.705453 -9.397148 -6.205904 
-11.823242 -15.996457 3.496687 1.309135 1.570950 -10.822658 -6.542347 
-11.983576 -16.627071 2.729514 1.449052 -0.127045 -11.883426 -6.457280 
-12.895703 -17.470355 1.896784 0.702020 1.162783 -11.370172 -6.794913 
-13.629703 -18.221327 2.299276 -0.110555 3.198997 -12.489528 -6.658669 
-14.240344 -18.624712 2.933451 0.047404 4.260205 -12.725990 -7.516054 
-14.889161 -18.957629 3.436647 -0.693275 6.020897 -13.147140 -7.600050 
-15.523350 -19.489024 3.611493 -0.202710 6.977210 -12.383118 -8.029036 
-15.930541 -19.486601 3.511010 -1.121910 6.470381 -12.947358 -8.417538 
-16.454580 -20.362668 3.569226 -1.728616 6.773103 -13.283657 -8.834472 
-16.615783 -20.888006 3.075257 -1.880752 6.383739 -12.552220 -9.477855 
-17.130062 -21.851538 3.479207 -2.717082 8.157655 -10.984810 -9.588150 
-18.772403 -22.052649 3.212397 -3.441205 6.758033 -9.866973 -10.187141 
-19.849232 -22.778896 3.001784 -3.600714 5.151080 -11.096739 -11.027523 
-20.474802 -23.340849 2.777707 -3.203067 5.611512 -11.534032 -11.700526 
-21.140970 -24.301965 1.939033 -4.722374 6.450456 -11.626545 -11.888928 
-21.732941 -25.052166 0.866134 -4.362494 6.186371 -11.125081 -12.846665 
-21.985302 -26.063616 0.273672 -5.337617 5.645682 -12.497660 -13.199266 
-21.942876 -27.097352 -0.310128 -5.790589 6.696282 -12.405464 -13.696994 
-22.059308 -27.775031 -0.630546 -6.331240 6.126543 -12.924942 -14.344812 
-22.708040 -28.980496 0.198575 -7.759469 5.785159 -13.048651 -14.732868 
-23.331056 -29.798018 0.603530 -8.665383 4.679380 -14.611603 -15.830449 
-22.927561 -30.757648 0.806809 -8.926247 6.863545 -15.461711 -16.232384 
-23.032951 -31.438812 0.165301 -9.904179 6.938210 -15.355927 -16.409954 
-23.253280 -31.844149 -0.183086 -10.776602 3.926501 -14.596946 -16.942621 
-23.879456 -32.345497 -0.186629 -11.161682 3.035092 -15.417512 -17.290328 
-24.437390 -33.276026 -0.353091 -11.985356 1.755895 -16.245102 -17.609072 
-25.027289 -33.717796 -0.767584 -12.507806 2.401134 -14.965587 -18.138401 
-25.776826 -34.545946 -1.221776 -13.483224 2.287904 -14.101032 -18.526874 
-26.742111 -35.357189 -1.235628 -14.063185 2.849081 -14.310690 -18.875468 
-27.523150 -35.844998 -1.662939 -13.833659 3.655560 -14.626925 -19.473670 
-27.837627 -36.417863 -2.931805 -13.801661 3.333268 -15.489124 -19.601602 
-28.432356 -37.014214 -3.667642 -14.485661 3.196781 -16.393138 -20.177135 
-28.774136 -37.434903 -3.813350 -15.222669 4.495477 -17.382897 -20.860559 
-29.540323 -38.191309 -4.914453 -16.469453 6.398217 -18.535990 -21.516449 
-30.160310 -39.060759 -5.009348 -16.304878 5.342119 -18.716225 -21.955424 
-30.516936 -39.860790 -5.620899 -16.445640 6.244887 -19.496217 -22.175999 
-31.070379 -40.502876 -5.117683 -17.607281 5.705198 -21.055114 -22.366915 
-31.446741 -41.202032 -4.147636 -17.904914 5.406229 -21.792644 -22.645088 
-31.888532 -41.781395 -4.599341 -18.524068 4.401648 -21.355564 -23.051407 
-32.480102 -42.511548 -6.116984 -19.600103 4.681814 -21.134483 -23.136414 
-32.832303 -42.991000 -7.100969 -21.053963 5.239520 -21.126011 -23.507140 
-32.861919 -43.626601 -6.972467 -22.335658 5.688959 -20.944504 -23.913265 
-33.716994 -44.518876 -6.923816 -23.063802 6.892847 -21.006921 -24.009916 
-33.598474 -45.188523 -6.553754 -23.457963 4.968312 -21.188285 -24.015710 
-33.560011 -45.903370 -7.896817 -25.306732 5.238193 -20.283522 -24.199188 
-33.612158 -46.380914 -7.898891 -26.610420 5.097854 -20.243555 -24.613135 
-34.765247 -47.082343 -8.843077 -27.672722 6.375985 -18.742406 -25.238539 
-35.433217 -47.633073 -10.053379 -29.359741 5.730096 -19.802622 -25.549773 
-35.351912 -48.244051 -10.369387 -30.222872 7.454661 -21.122558 -25.963689 
-35.082848 -48.920553 -10.092749 -30.988168 7.350836 -22.461457 -26.761619 
-35.683328 -49.750558 -9.513272 -31.244021 7.182275 -22.125679 -27.027634 
-36.770645 -50.515175 -10.311511 -32.229996 6.427302 -22.912283 -26.923325 
-36.927875 -51.189015 -10.774641 -33.507636 3.873242 -23.846232 -27.145244 
-37.459703 -51.862513 -10.751467 -34.412600 3.206022 -23.777673 -27.432390 
NaN NaN NaN NaN NaN NaN NaN 
NaN NaN NaN NaN NaN NaN NaN 
NaN NaN NaN NaN NaN NaN NaN 
NaN NaN NaN NaN NaN NaN NaN 
