NaN NaN NaN NaN NaN NaN NaN NaN NaN NaN NaN NaN NaN NaN NaN NaN NaN NaN NaN NaN NaN NaN NaN NaN NaN NaN NaN NaN 
NaN NaN NaN NaN NaN NaN NaN NaN NaN NaN NaN NaN NaN NaN NaN NaN NaN NaN NaN NaN NaN NaN NaN NaN NaN NaN NaN NaN 
NaN NaN NaN NaN NaN NaN NaN NaN NaN NaN NaN NaN NaN NaN NaN NaN NaN NaN NaN NaN NaN NaN NaN NaN NaN NaN NaN NaN 
NaN NaN NaN NaN NaN NaN NaN NaN NaN NaN NaN NaN NaN NaN NaN NaN NaN NaN NaN NaN NaN NaN NaN NaN NaN NaN NaN NaN 
NaN NaN NaN NaN NaN NaN NaN NaN NaN NaN NaN NaN NaN NaN NaN NaN NaN NaN NaN NaN NaN NaN NaN NaN NaN NaN NaN NaN 
5.618901 20.415653 16.471484 15.012054 0.579189 10.309351 1.950764 16.768228 8.172036 18.373748 2.404100 10.064048 -2.895472 7.475563 4.568571 6.311388 -9.501871 2.128218 -6.471348 -0.534974 3.950183 14.705660 34.824517 -2.610154 -1.156815 10.444111 8.368333 -7.247346 
5.538815 18.994157 16.760699 14.501299 1.025251 9.345610 2.217115 16.165602 8.727680 17.478247 2.248815 9.401737 -2.792641 7.876826 4.446352 5.888788 -10.162517 1.153812 -5.918448 -0.251148 2.570870 14.112035 32.741144 -2.290425 -1.091842 10.180806 8.430240 -6.643346 
5.456879 17.645503 17.009578 14.007438 1.446990 8.440405 2.461774 15.577357 9.230835 16.617676 2.109891 8.771860 -2.681444 8.218822 4.327479 5.487192 -10.744251 0.250600 -5.383655 0.016871 1.291187 13.540204 30.739148 -1.990879 -1.024174 9.913441 8.479112 -6.057318 
5.373131 16.367348 17.219192 13.529869 1.844786 7.591675 2.685428 15.003254 9.683210 15.791011 1.986435 8.173424 -2.562737 8.504445 4.211805 5.105960 -11.250418 -0.583832 -4.866989 0.269405 0.107669 12.989465 28.816812 -1.710765 -0.954157 9.642526 8.515229 -5.489387 
5.287611 15.157383 17.390603 13.067995 2.219015 6.797389 2.888755 14.443056 10.086489 14.997243 1.877562 7.605447 -2.437354 8.736537 4.099183 4.744459 -11.684313 -1.351864 -4.368459 0.506777 -0.983101 12.459123 26.972431 -1.449342 -0.882130 9.368562 8.538866 -4.939671 
5.200357 14.013331 17.524855 12.621227 2.570051 6.055543 3.072424 13.896528 10.442335 14.235376 1.782404 7.066961 -2.306112 8.917890 3.989470 4.402062 -12.049178 -2.055848 -3.888072 0.729305 -1.984491 11.948495 25.204316 -1.205886 -0.808423 9.092037 8.550294 -4.408283 
5.111405 12.932946 17.622985 12.188983 2.898266 5.364165 3.237092 13.363433 10.752385 13.504433 1.700104 6.557010 -2.169809 9.051239 3.882524 4.078151 -12.348202 -2.698106 -3.425825 0.937304 -2.899820 11.456903 23.510792 -0.979690 -0.733363 8.813429 8.549780 -3.895326 
5.020794 11.914015 17.686016 11.770688 3.204029 4.721310 3.383409 12.843538 11.018253 12.803451 1.629817 6.074649 -2.029224 9.139273 3.778201 3.772114 -12.584526 -3.280929 -2.981712 1.131089 -3.732359 10.983679 21.890195 -0.770058 -0.657271 8.533205 8.537586 -3.400897 
4.928558 10.954355 17.714958 11.365771 3.487709 4.125063 3.512012 12.336610 11.241531 12.131483 1.570715 5.618946 -1.885115 9.184622 3.676363 3.483347 -12.761234 -3.806578 -2.555720 1.310968 -4.485330 10.528164 20.340876 -0.576311 -0.580459 8.251823 8.513967 -2.925088 
4.834732 10.051819 17.710809 10.973673 3.749669 3.573537 3.623531 11.842418 11.423784 11.487598 1.521978 5.188981 -1.738225 9.189868 3.576870 3.211253 -12.881362 -4.277284 -2.147827 1.477248 -5.161904 10.089708 18.861202 -0.397786 -0.503235 7.969728 8.479177 -2.467980 
4.739351 9.204287 17.674557 10.593837 3.990273 3.064876 3.718585 11.360733 11.566559 10.870879 1.482802 4.783847 -1.589274 9.157541 3.479584 2.955241 -12.947893 -4.695247 -1.758010 1.630233 -5.765205 9.667668 17.449549 -0.233834 -0.425900 7.687355 8.433463 -2.029649 
4.642448 8.409676 17.607174 10.225717 4.209879 2.597251 3.797782 10.891323 11.671374 10.280427 1.452395 4.402646 -1.438965 9.090115 3.384370 2.714730 -12.963758 -5.062639 -1.386235 1.770225 -6.298309 9.261411 16.104311 -0.083819 -0.348750 7.405128 8.377068 -1.610165 
4.544056 7.665931 17.509622 9.868770 4.408847 2.168863 3.861722 10.433963 11.739727 9.715357 1.429978 4.044497 -1.287983 8.990016 3.291092 2.489143 -12.931835 -5.381598 -1.032464 1.897521 -6.764241 8.870312 14.823894 0.052877 -0.272072 7.123462 8.310229 -1.209588 
4.444206 6.971032 17.382852 9.522464 4.587531 1.777943 3.910994 9.988425 11.773091 9.174800 1.414785 3.708527 -1.136991 8.859614 3.199617 2.277913 -12.854952 -5.654236 -0.696653 2.012416 -7.165977 8.493755 13.606717 0.176860 -0.196150 6.842760 8.233182 -0.827973 
4.342930 6.322989 17.227801 9.186270 4.746284 1.422750 3.946179 9.554484 11.772915 8.657902 1.406064 3.393878 -0.986637 8.701230 3.109813 2.080478 -12.735885 -5.882633 -0.378752 2.115204 -7.506447 8.131133 12.451213 0.288717 -0.121260 6.563412 8.146154 -0.465368 
4.240258 5.719844 17.045394 8.859669 4.885457 1.101571 3.967845 9.131915 11.740627 8.163827 1.403073 3.099702 -0.837547 8.517131 3.021548 1.896285 -12.577357 -6.068837 -0.078703 2.206172 -7.788529 7.781846 11.355831 0.389025 -0.047672 6.285802 8.049370 -0.121813 
4.136219 5.159674 16.836544 8.542147 5.005399 0.812725 3.976552 8.720496 11.677630 7.691752 1.405088 2.825164 -0.690329 8.309530 2.934694 1.724787 -12.382040 -6.214869 0.203556 2.285608 -8.015054 7.445305 10.319030 0.478343 0.024350 6.010298 7.943049 0.202659 
4.030842 4.640584 16.602151 8.233198 5.106455 0.554558 3.972852 8.320005 11.585301 7.240871 1.411392 2.569443 -0.545571 8.080592 2.849121 1.565444 -12.152553 -6.322719 0.468095 2.353794 -8.188803 7.120927 9.339285 0.557215 0.094548 5.737262 7.827407 0.508023 
3.924155 4.160713 16.343105 7.932322 5.188968 0.325445 3.957283 7.930220 11.464998 6.810393 1.421285 2.331727 -0.403845 7.832426 2.764703 1.417725 -11.891464 -6.394344 0.714989 2.411012 -8.312508 6.808140 8.415085 0.626171 0.162670 5.467043 7.702653 0.794259 
3.816185 3.718232 16.060282 7.639026 5.253280 0.123790 3.930377 7.550923 11.318052 6.399543 1.434078 2.111218 -0.265701 7.567089 2.681315 1.281105 -11.601289 -6.431675 0.944319 2.457539 -8.388854 6.506379 7.544930 0.685726 0.228472 5.199978 7.568993 1.061356 
3.706959 3.311345 15.754545 7.352826 5.299731 -0.051971 3.892654 7.181895 11.145773 6.007561 1.449097 1.907130 -0.131672 7.286589 2.598832 1.155065 -11.284493 -6.436610 1.156174 2.493649 -8.420474 6.215089 6.727338 0.736381 0.291714 4.936396 7.426628 1.309309 
3.596502 2.938285 15.426748 7.073241 5.328655 -0.203377 3.844624 6.822920 10.949446 5.633704 1.465680 1.718689 -0.002270 6.992878 2.517131 1.039095 -10.943487 -6.411018 1.350647 2.519614 -8.409956 5.933721 5.960836 0.778619 0.352162 4.676614 7.275755 1.538120 
3.484838 2.597321 15.077730 6.799801 5.340388 -0.331936 3.786790 6.473781 10.730332 5.277244 1.483176 1.545133 0.122010 6.687857 2.436090 0.932692 -10.580632 -6.356738 1.527839 2.535704 -8.359835 5.661739 5.243969 0.812912 0.409591 4.420937 7.116564 1.747800 
3.371993 2.286751 14.708318 6.532040 5.335261 -0.439126 3.719641 6.134263 10.489670 4.937468 1.500949 1.385712 0.240694 6.373375 2.355590 0.835361 -10.198237 -6.275577 1.687855 2.542183 -8.272601 5.398611 4.575292 0.839714 0.463779 4.169661 6.949243 1.938365 
3.257988 2.004906 14.319328 6.269500 5.313604 -0.526398 3.643659 5.804154 10.228675 4.613679 1.518377 1.239690 0.353323 6.051229 2.275512 0.746611 -9.798558 -6.169313 1.830808 2.539315 -8.150691 5.143817 3.953377 0.859465 0.514513 3.923070 6.773973 2.109838 
3.142847 1.750149 13.911562 6.011730 5.275743 -0.595173 3.559316 5.483240 9.948538 4.305196 1.534848 1.106340 0.459462 5.723162 2.195738 0.665962 -9.383800 -6.039696 1.956818 2.527360 -7.996497 4.896844 3.376806 0.872592 0.561584 3.681440 6.590934 2.262252 
3.026591 1.520875 13.485813 5.758286 5.222003 -0.646842 3.467073 5.171311 9.650427 4.011352 1.549765 0.984950 0.558692 5.390868 2.116151 0.592938 -8.956116 -5.888441 2.066008 2.506574 -7.812359 4.657188 2.844179 0.879503 0.604789 3.445032 6.400296 2.395643 
2.909241 1.315512 13.042858 5.508730 5.152707 -0.682768 3.367382 4.868157 9.335487 3.731499 1.562543 0.874819 0.650614 5.055984 2.036638 0.527074 -8.517607 -5.717238 2.158510 2.477213 -7.600571 4.424353 2.354106 0.880596 0.643934 3.214099 6.202229 2.510058 
2.790817 1.132519 12.583465 5.262633 5.068175 -0.704285 3.260684 4.573569 9.004837 3.465002 1.572612 0.775257 0.734846 4.720099 1.957083 0.467908 -8.070322 -5.527743 2.234461 2.439526 -7.363377 4.197853 1.905212 0.876249 0.678829 2.988883 5.996897 2.605548 
2.671338 0.970386 12.108387 5.019569 4.968723 -0.712697 3.147413 4.287340 8.659576 3.211242 1.579411 0.685589 0.811028 4.384748 1.877376 0.414989 -7.616259 -5.321584 2.294005 2.393763 -7.102969 3.977210 1.496137 0.866829 0.709290 2.769615 5.784457 2.682174 
2.550823 0.827637 11.618368 4.779124 4.854668 -0.709280 3.027989 4.009263 8.300777 2.969616 1.582396 0.605149 0.878817 4.051413 1.797405 0.367870 -7.157362 -5.100357 2.337291 2.340168 -6.821496 3.761953 1.125533 0.852686 0.735141 2.556515 5.565064 2.740001 
2.429290 0.702827 11.114136 4.540886 4.726322 -0.695279 2.902826 3.739133 7.929490 2.739536 1.581034 0.533286 0.937890 3.721525 1.717061 0.326113 -6.695526 -4.865629 2.364476 2.278985 -6.521053 3.551623 0.792066 0.834156 0.756209 2.349793 5.338869 2.779104 
2.306755 0.594544 10.596409 4.304454 4.583996 -0.671913 2.772326 3.476747 7.546743 2.520431 1.574805 0.469359 0.987941 3.396462 1.636235 0.289287 -6.232591 -4.618938 2.375720 2.210452 -6.203688 3.345767 0.494416 0.811560 0.772331 2.149646 5.106014 2.799563 
2.183235 0.501407 10.065894 4.069432 4.427997 -0.640369 2.636881 3.221901 7.153538 2.311745 1.563201 0.412741 1.028685 3.077550 1.554821 0.256969 -5.770349 -4.361789 2.371193 2.134806 -5.871402 3.143941 0.231277 0.785204 0.783348 1.956264 4.866642 2.801466 
2.058745 0.422067 9.523283 3.835430 4.258633 -0.601807 2.496876 2.974394 6.750855 2.112936 1.545730 0.362815 1.059856 2.766062 1.472713 0.228741 -5.310536 -4.095659 2.351069 2.052280 -5.526143 2.945711 0.001356 0.755378 0.789108 1.769822 4.620887 2.784909 
1.933299 0.355208 8.969257 3.602066 4.076205 -0.557357 2.352682 2.734025 6.339652 1.923481 1.521911 0.318978 1.081205 2.463220 1.389807 0.204194 -4.854840 -3.821994 2.315528 1.963106 -5.169814 2.750649 -0.196626 0.722359 0.789463 1.590488 4.368881 2.749994 
1.806912 0.299544 8.404486 3.368966 3.881015 -0.508119 2.204663 2.500597 5.920860 1.742869 1.491274 0.280639 1.092505 2.170193 1.305999 0.182926 -4.404893 -3.542209 2.264757 1.867511 -4.804268 2.558339 -0.363934 0.686408 0.784275 1.418418 4.110749 2.696829 
1.679596 0.253824 7.829627 3.135761 3.673362 -0.455165 2.053173 2.273910 5.495388 1.570607 1.453366 0.247219 1.093544 1.888097 1.221190 0.164542 -3.962279 -3.257691 2.198949 1.765720 -4.431306 2.368370 -0.501820 0.647770 0.773410 1.253756 3.846612 2.625533 
1.551364 0.216826 7.245323 2.902089 3.453542 -0.399539 1.898554 2.053767 5.064123 1.406217 1.407745 0.218149 1.084133 1.617996 1.135277 0.148654 -3.528527 -2.969795 2.118304 1.657954 -4.052685 2.180343 -0.611521 0.606677 0.756740 1.096636 3.576589 2.536227 
1.422227 0.187363 6.652207 2.667597 3.221850 -0.342254 1.741141 1.839974 4.627927 1.249237 1.353980 0.192876 1.064099 1.360904 1.048163 0.134881 -3.105117 -2.679847 2.023026 1.544433 -3.670111 1.993866 -0.694262 0.563346 0.734144 0.947182 3.300791 2.429043 
1.292195 0.164278 6.050899 2.431936 2.978576 -0.284293 1.581258 1.632336 4.187639 1.099220 1.291657 0.170857 1.033290 1.117779 0.959749 0.122851 -2.693475 -2.389141 1.913328 1.425372 -3.285240 1.808555 -0.751253 0.517976 0.705506 0.805507 3.019326 2.304119 
1.161279 0.146446 5.442008 2.194767 2.724010 -0.226614 1.419218 1.430660 3.744074 0.955734 1.220371 0.151560 0.991571 0.889529 0.869940 0.112196 -2.294976 -2.098943 1.789426 1.300985 -2.899679 1.624035 -0.783691 0.470756 0.670717 0.671712 2.732296 2.161599 
1.029488 0.132775 4.826128 1.955755 2.458439 -0.170143 1.255326 1.234753 3.298023 0.818365 1.139733 0.134469 0.938828 0.677009 0.778641 0.102559 -1.910943 -1.810487 1.651546 1.171482 -2.514990 1.439942 -0.792759 0.421857 0.629676 0.545889 2.439799 2.001636 
0.896829 0.122205 4.203844 1.714574 2.182147 -0.115776 1.089877 1.044425 2.850255 0.686713 1.049365 0.119075 0.874964 0.481023 0.685758 0.093587 -1.542647 -1.524978 1.499916 1.037070 -2.132681 1.255916 -0.779627 0.371434 0.582284 0.428118 2.141930 1.824389 
0.763311 0.113707 3.575726 1.470904 1.895416 -0.064382 0.923154 0.859487 2.401515 0.560393 0.948903 0.104886 0.799903 0.302320 0.591200 0.084935 -1.191307 -1.243591 1.334774 0.897954 -1.754214 1.071611 -0.745450 0.319630 0.528453 0.318469 1.838777 1.630024 
0.628941 0.106284 2.942334 1.224432 1.598527 -0.016800 0.755433 0.679750 1.952524 0.439036 0.837996 0.091419 0.713586 0.141600 0.494874 0.076268 -0.858090 -0.967469 1.156362 0.754334 -1.381002 0.886685 -0.691370 0.266571 0.468097 0.217001 1.530424 1.418715 
0.493723 0.098974 2.304215 0.974851 1.291757 0.026159 0.586978 0.505027 1.503980 0.322290 0.716305 0.078205 0.615974 -0.000492 0.396692 0.067254 -0.544113 -0.697728 0.964928 0.606409 -1.014408 0.700806 -0.618516 0.212369 0.401139 0.123761 1.216951 1.190642 
0.357664 0.090842 1.661903 0.721863 0.975381 0.063715 0.418045 0.335132 1.056557 0.209818 0.583504 0.064786 0.507047 -0.123363 0.296566 0.057570 -0.250438 -0.435450 0.760728 0.454375 -0.655747 0.513653 -0.528002 0.157122 0.327507 0.038789 0.898433 0.945992 
0.220767 0.080990 1.015921 0.465176 0.649671 0.095116 0.248878 0.169879 0.610905 0.101298 0.439282 0.050716 0.386804 -0.226470 0.194408 0.046902 0.021922 -0.181689 0.544022 0.298423 -0.306284 0.324911 -0.420929 0.100909 0.247136 -0.037891 0.574940 0.684962 
0.083037 0.068549 0.366780 0.204504 0.314898 0.119639 0.079713 0.009086 0.167653 -0.003577 0.283339 0.035564 0.255262 -0.309324 0.090133 0.034940 0.272009 0.062530 0.315077 0.138745 0.032762 0.134274 -0.298384 0.043800 0.159966 -0.106261 0.246537 0.407752 
-0.055525 0.052682 -0.285024 -0.060431 -0.028670 0.136590 -0.089224 -0.147429 -0.272597 -0.105096 0.115387 0.018906 0.112458 -0.371489 -0.016342 0.021384 0.498913 0.296215 0.074168 -0.024474 0.360225 -0.058555 -0.161441 -0.014155 0.065943 -0.166318 -0.086715 0.114572 
-0.194915 0.032586 -0.939004 -0.329902 -0.380767 0.145305 -0.257718 -0.299849 -0.709263 -0.203534 -0.064846 0.000335 -0.041552 -0.412580 -0.125102 0.005940 0.701779 0.518403 -0.178426 -0.191050 0.674985 -0.253863 -0.011159 -0.072917 -0.034978 -0.218065 -0.424759 -0.194362 
-0.335133 0.007488 -1.594686 -0.604171 -0.741131 0.145148 -0.425563 -0.448353 -1.141790 -0.299151 -0.257621 -0.020546 -0.206693 -0.432264 -0.236227 -0.011680 0.879802 0.728160 -0.442420 -0.360802 0.975971 -0.451932 0.151415 -0.132466 -0.142839 -0.261520 -0.767545 -0.518827 
-0.476178 -0.023352 -2.251608 -0.883498 -1.109499 0.135512 -0.592562 -0.593120 -1.569644 -0.392190 -0.463187 -0.044122 -0.382873 -0.430263 -0.349798 -0.031754 1.032230 0.924583 -0.717521 -0.533552 1.262163 -0.653032 0.325249 -0.192793 -0.257674 -0.296709 -1.115025 -0.858592 
-0.618051 -0.060641 -2.909322 -1.168132 -1.485615 0.115820 -0.758530 -0.734328 -1.992314 -0.482878 -0.681777 -0.070765 -0.569978 -0.406347 -0.465893 -0.054556 1.158363 1.106801 -1.003431 -0.709125 1.532588 -0.857425 0.509323 -0.253907 -0.379512 -0.323671 -1.467156 -1.213420 
-0.760752 -0.105056 -3.567391 -1.458318 -1.869221 0.085523 -0.923291 -0.872152 -2.409316 -0.571429 -0.913614 -0.100835 -0.767877 -0.360342 -0.584590 -0.080349 1.257552 1.273970 -1.299846 -0.887349 1.786322 -1.065366 0.702634 -0.315830 -0.508374 -0.342453 -1.823902 -1.583067 
-0.904284 -0.157241 -4.225389 -1.754292 -2.260063 0.044103 -1.086677 -1.006769 -2.820186 -0.658038 -1.158906 -0.134680 -0.976420 -0.292125 -0.705965 -0.109392 1.329200 1.425279 -1.606456 -1.068055 2.022491 -1.277099 0.904190 -0.378599 -0.644278 -0.353116 -2.185230 -1.967280 
-1.048650 -0.217807 -4.882904 -2.056286 -2.657891 -0.008930 -1.248532 -1.138352 -3.224485 -0.742887 -1.417850 -0.172637 -1.195437 -0.201625 -0.830094 -0.141936 1.372763 1.559945 -1.922942 -1.251077 2.240269 -1.492861 1.113013 -0.442268 -0.787231 -0.355729 -2.551112 -2.365800 
-1.193852 -0.287335 -5.539536 -2.364521 -3.062455 -0.074039 -1.408710 -1.267075 -3.621798 -0.826140 -1.690628 -0.215028 -1.424739 -0.088823 -0.957048 -0.178224 1.387746 1.677217 -2.248983 -1.436251 2.438878 -1.712880 1.328139 -0.506903 -0.937239 -0.350373 -2.921523 -2.778362 
-1.339895 -0.366373 -6.194896 -2.679214 -3.473509 -0.151654 -1.567072 -1.393108 -4.011731 -0.907948 -1.977411 -0.262166 -1.664120 0.046247 -1.086902 -0.218493 1.373710 1.776372 -2.584250 -1.623418 2.617591 -1.937376 1.548618 -0.572586 -1.094298 -0.337139 -3.296446 -3.204692 
-1.486784 -0.455436 -6.848608 -3.000574 -3.890807 -0.242179 -1.723493 -1.516622 -4.393916 -0.988445 -2.278355 -0.314349 -1.913353 0.203499 -1.219724 -0.262970 1.330265 1.856719 -2.928406 -1.812419 2.775729 -2.166559 1.773513 -0.639416 -1.258399 -0.316130 -3.675865 -3.644510 
-1.634525 -0.555009 -7.500309 -3.328804 -4.314108 -0.345987 -1.877854 -1.637787 -4.768009 -1.067748 -2.593604 -0.371866 -2.172193 0.382794 -1.355586 -0.311878 1.257074 1.917597 -3.281110 -2.003102 2.912661 -2.400632 2.001902 -0.707504 -1.429528 -0.287459 -4.059772 -4.097528 
-1.783125 -0.665543 -8.149646 -3.664099 -4.743173 -0.463424 -2.030048 -1.756770 -5.133687 -1.145961 -2.923290 -0.434990 -2.440375 0.583942 -1.494555 -0.365433 1.153850 1.958375 -3.642016 -2.195313 3.027806 -2.639787 2.232875 -0.776977 -1.607663 -0.251249 -4.448162 -4.563453 
-1.932590 -0.787457 -8.796280 -4.006648 -5.177764 -0.594804 -2.179977 -1.873739 -5.490652 -1.223171 -3.267531 -0.503985 -2.717617 0.806700 -1.636698 -0.423839 1.020361 1.978452 -4.010768 -2.388904 3.120632 -2.884210 2.465536 -0.847978 -1.792777 -0.207635 -4.841034 -5.041982 
-2.082930 -0.921141 -9.439885 -4.356632 -5.617645 -0.740415 -2.327554 -1.988859 -5.838630 -1.299449 -3.626432 -0.579102 -3.003616 1.050772 -1.782080 -0.487299 0.856424 1.977257 -4.387007 -2.583730 3.190655 -3.134077 2.699005 -0.920663 -1.984836 -0.156763 -5.238393 -5.532807 
-2.234152 -1.066948 -10.080145 -4.714227 -6.062586 -0.900514 -2.472701 -2.102294 -6.177368 -1.374852 -4.000086 -0.660578 -3.298052 1.315812 -1.930766 -0.556005 0.661910 1.954249 -4.770366 -2.779648 3.237440 -3.389556 2.932413 -0.995204 -2.183799 -0.098788 -5.640248 -6.035612 
-2.386268 -1.225204 -10.716757 -5.079599 -6.512354 -1.075330 -2.615349 -2.214208 -6.506641 -1.449418 -4.388571 -0.748641 -3.600583 1.601418 -2.082818 -0.630143 0.436740 1.908918 -5.160473 -2.976518 3.260601 -3.650805 3.164906 -1.071789 -2.389622 -0.033877 -6.046613 -6.550074 
-2.539287 -1.396199 -11.349431 -5.452911 -6.966723 -1.265061 -2.755440 -2.324763 -6.826242 -1.523174 -4.791954 -0.843504 -3.910852 1.907140 -2.238298 -0.709890 0.180889 1.840783 -5.556949 -3.174204 3.259802 -3.917975 3.395643 -1.150618 -2.602252 0.037793 -6.457507 -7.075862 
-2.693220 -1.580194 -11.977888 -5.834315 -7.425467 -1.469877 -2.892925 -2.434120 -7.135992 -1.596128 -5.210289 -0.945370 -4.228479 2.232472 -2.397266 -0.795419 -0.105617 1.749396 -5.959409 -3.372571 3.234754 -4.191207 3.623796 -1.231909 -2.821630 0.116032 -6.872952 -7.612640 
-2.848080 -1.777416 -12.601862 -6.223960 -7.888363 -1.689921 -3.027766 -2.542438 -7.435733 -1.668272 -5.643615 -1.054427 -4.553069 2.576858 -2.559781 -0.886893 -0.422702 1.634335 -6.367463 -3.571489 3.185219 -4.470635 3.848553 -1.315894 -3.047691 0.200643 -7.292977 -8.160063 
-3.003880 -1.988061 -13.221099 -6.621985 -8.355189 -1.925305 -3.159935 -2.649876 -7.725333 -1.739586 -6.091961 -1.170855 -4.884204 2.939689 -2.725901 -0.984470 -0.770236 1.495211 -6.780713 -3.770828 3.111006 -4.756384 4.069115 -1.402818 -3.280366 0.291415 -7.717614 -8.717780 
-3.160634 -2.212292 -13.835357 -7.028523 -8.825729 -2.176110 -3.289411 -2.756592 -8.004679 -1.810031 -6.555341 -1.294818 -5.221451 3.320304 -2.895680 -1.088298 -1.148038 1.331665 -7.198756 -3.970465 3.011973 -5.048568 4.284694 -1.492943 -3.519576 0.388128 -8.146900 -9.285431 
-3.318355 -2.450240 -14.444407 -7.443702 -9.299765 -2.442391 -3.416186 -2.862741 -8.273686 -1.879553 -7.033756 -1.426470 -5.564356 3.717988 -3.069176 -1.198520 -1.555873 1.143367 -7.621181 -4.170278 2.888029 -5.347295 4.494520 -1.586547 -3.765238 0.490550 -8.580877 -9.862652 
-3.477059 -2.702005 -15.048032 -7.867640 -9.777084 -2.724173 -3.540260 -2.968478 -8.532291 -1.948083 -7.527196 -1.565951 -5.912445 4.131976 -3.246439 -1.315272 -1.993458 0.930018 -8.047574 -4.370145 2.739129 -5.652665 4.697833 -1.683919 -4.017264 0.598440 -9.019591 -10.449069 
-3.636762 -2.967656 -15.646025 -8.300450 -10.257474 -3.021451 -3.661645 -3.073957 -8.780454 -2.015537 -8.035635 -1.713391 -6.265227 4.561451 -3.427524 -1.438681 -2.460455 0.691349 -8.477512 -4.569953 2.565279 -5.964766 4.893889 -1.785367 -4.275557 0.711545 -9.463095 -11.044302 
-3.797481 -3.247226 -16.238195 -8.742238 -10.740727 -3.334193 -3.780360 -3.179331 -9.018159 -2.081813 -8.559038 -1.868907 -6.622191 5.005540 -3.612481 -1.568868 -2.956476 0.427121 -8.910566 -4.769586 2.366534 -6.283680 5.081956 -1.891212 -4.540015 0.829601 -9.911442 -11.647965 
-3.959234 -3.540719 -16.824360 -9.193102 -11.226636 -3.662336 -3.896435 -3.284751 -9.245412 -2.146796 -9.097352 -2.032603 -6.982808 5.463322 -3.801358 -1.705946 -3.481079 0.137127 -9.346304 -4.968935 2.142996 -6.609480 5.261318 -2.001789 -4.810530 0.952334 -10.364695 -12.259663 
-4.122039 -3.848108 -17.404351 -9.653135 -11.714997 -4.005787 -4.009911 -3.390366 -9.462246 -2.210354 -9.650515 -2.204572 -7.346529 5.933822 -3.994206 -1.850022 -4.033773 -0.178813 -9.784283 -5.167892 1.894817 -6.942229 5.431270 -2.117450 -5.086989 1.079460 -10.822918 -12.878995 
-4.285914 -4.169330 -17.978014 -10.122420 -12.205608 -4.364427 -4.120837 -3.496327 -9.668713 -2.272340 -10.218452 -2.384893 -7.712785 6.416012 -4.191069 -2.001194 -4.614012 -0.520847 -10.224058 -5.366353 1.622198 -7.281985 5.591123 -2.238562 -5.369270 1.210682 -11.286182 -13.505552 
-4.450881 -4.504294 -18.545202 -10.601037 -12.698270 -4.738106 -4.229273 -3.602780 -9.864893 -2.332589 -10.801073 -2.573636 -8.080992 6.908812 -4.391993 -2.159556 -5.221201 -0.889093 -10.665175 -5.564215 1.325389 -7.628792 5.740199 -2.365503 -5.657247 1.345693 -11.754560 -14.138918 
-4.616960 -4.852875 -19.105785 -11.089057 -13.192784 -5.126645 -4.335289 -3.709872 -10.050886 -2.390925 -11.398275 -2.770855 -8.450542 7.411091 -4.597024 -2.325191 -5.854691 -1.283639 -11.107175 -5.761380 1.004689 -7.982690 5.877837 -2.498672 -5.950787 1.484177 -12.228131 -14.778672 
-4.784172 -5.214915 -19.659642 -11.586543 -13.688957 -5.529836 -4.438963 -3.817749 -10.226817 -2.447152 -12.009944 -2.976596 -8.820812 7.921664 -4.806203 -2.498176 -6.513782 -1.704542 -11.549593 -5.957752 0.660444 -8.343708 6.003388 -2.638478 -6.249751 1.625806 -12.706981 -15.424382 
-4.952539 -5.590227 -20.206666 -12.093552 -14.186596 -5.947443 -4.540386 -3.926554 -10.392834 -2.501061 -12.635952 -3.190888 -9.191158 8.439294 -5.019572 -2.678582 -7.197723 -2.151830 -11.991958 -6.153239 0.293052 -8.711867 6.116216 -2.785348 -6.553994 1.770241 -13.191196 -16.075613 
-5.122085 -5.978589 -20.746762 -12.610136 -14.685512 -6.379199 -4.639656 -4.036431 -10.549110 -2.552425 -13.276159 -3.413753 -9.560918 8.962694 -5.237171 -2.866472 -7.905710 -2.625500 -12.433791 -6.347750 -0.097042 -9.087179 6.215700 -2.939721 -6.863363 1.917132 -13.680871 -16.731920 
-5.292834 -6.379749 -21.279846 -13.136338 -15.185515 -6.824808 -4.736881 -4.147522 -10.695840 -2.601004 -13.930409 -3.645197 -9.929411 9.490521 -5.459039 -3.061902 -8.636886 -3.125520 -12.874608 -6.541198 -0.509344 -9.469648 6.301232 -3.102053 -7.177703 2.066119 -14.176103 -17.392852 
-5.464810 -6.793421 -21.805848 -13.672194 -15.686421 -7.283948 -4.832181 -4.259966 -10.833242 -2.646542 -14.598537 -3.885215 -10.295935 10.021382 -5.685213 -3.264920 -9.390345 -3.651825 -13.313921 -6.733500 -0.943311 -9.859269 6.372218 -3.272816 -7.496847 2.216832 -14.676995 -18.057951 
-5.638039 -7.219289 -22.324709 -14.217734 -16.188047 -7.756264 -4.925685 -4.373904 -10.961559 -2.688764 -15.280362 -4.133790 -10.659772 10.553832 -5.915730 -3.475567 -10.165126 -4.204324 -13.751231 -6.924573 -1.398351 -10.256029 6.428077 -3.452494 -7.820628 2.368888 -15.183655 -18.726750 
-5.812547 -7.657004 -22.836382 -14.772980 -16.690213 -8.241375 -5.017530 -4.489473 -11.081056 -2.727384 -15.975692 -4.390893 -11.020184 11.086373 -6.150624 -3.693878 -10.960220 -4.782893 -14.186038 -7.114341 -1.873822 -10.659905 6.468243 -3.641588 -8.148867 2.521895 -15.696192 -19.398778 
-5.988360 -8.106185 -23.340833 -15.337949 -17.192740 -8.738868 -5.107864 -4.606811 -11.192024 -2.762097 -16.684321 -4.656482 -11.376413 11.617454 -6.389928 -3.919879 -11.774562 -5.387377 -14.617832 -7.302727 -2.369036 -11.070866 6.492162 -3.840613 -8.481383 2.675449 -16.214726 -20.073555 
-6.165508 -8.566418 -23.838040 -15.912649 -17.695451 -9.248303 -5.196847 -4.726053 -11.294775 -2.792584 -17.406031 -4.930504 -11.727683 12.145472 -6.633676 -4.153590 -12.607038 -6.017594 -15.046098 -7.489659 -2.883254 -11.488874 6.499295 -4.050099 -8.817988 2.829138 -16.739376 -20.750594 
-6.344018 -9.037260 -24.327993 -16.497083 -18.198175 -9.769211 -5.284645 -4.847334 -11.389644 -2.818511 -18.140589 -5.212894 -12.073199 12.668773 -6.881897 -4.395024 -13.456480 -6.673328 -15.470315 -7.675068 -3.415688 -11.913880 6.489117 -4.270592 -9.158485 2.982535 -17.270268 -21.429402 
-6.523920 -9.518232 -24.810694 -17.091245 -18.700738 -10.301093 -5.371436 -4.970786 -11.476993 -2.839526 -18.887752 -5.503573 -12.412146 13.185650 -7.134621 -4.644186 -14.321670 -7.354337 -15.889957 -7.858887 -3.965501 -12.345827 6.461116 -4.502652 -9.502674 3.135206 -17.807533 -22.109476 
-6.705243 -10.008826 -25.286158 -17.695123 -19.202974 -10.843421 -5.457408 -5.096544 -11.557205 -2.855263 -19.647262 -5.802450 -12.743692 13.694343 -7.391876 -4.901074 -15.201337 -8.060346 -16.304489 -8.041053 -4.531808 -12.784650 6.414793 -4.746853 -9.850348 3.286705 -18.351307 -22.790309 
-6.888020 -10.508500 -25.754411 -18.308700 -19.704715 -11.395638 -5.542758 -5.224737 -11.630685 -2.865340 -20.418848 -6.109425 -13.066986 14.193040 -7.653689 -5.165678 -16.094160 -8.791050 -16.713372 -8.221505 -5.113676 -13.230276 6.349664 -5.003786 -10.201293 3.436573 -18.901728 -23.471386 
-7.072281 -11.016682 -26.215493 -18.931949 -20.205796 -11.957158 -5.627694 -5.355495 -11.697866 -2.869359 -21.202227 -6.424382 -13.381154 14.679877 -7.920085 -5.437982 -16.998762 -9.546114 -17.116061 -8.400186 -5.710120 -13.682621 6.265257 -5.274055 -10.555290 3.584345 -19.458943 -24.152185 
-7.258059 -11.532766 -26.669454 -19.564837 -20.706057 -12.527367 -5.712432 -5.488946 -11.759200 -2.866909 -21.997102 -6.747195 -13.685309 15.152938 -8.191089 -5.717963 -17.913719 -10.325174 -17.512002 -8.577039 -6.320109 -14.141594 6.161117 -5.558281 -10.912113 3.729540 -20.023099 -24.832174 
-7.445388 -12.056116 -27.116358 -20.207326 -21.205338 -13.105619 -5.797200 -5.625219 -11.815165 -2.857558 -22.803165 -7.077725 -13.978540 15.610254 -8.466723 -6.005589 -18.837552 -11.127835 -17.900639 -8.752015 -6.942563 -14.607096 6.036798 -5.857098 -11.271529 3.871671 -20.594351 -25.510819 
-7.634301 -12.586061 -27.556280 -20.859369 -21.703482 -13.691242 -5.882233 -5.764440 -11.866261 -2.840864 -23.620092 -7.415821 -14.259920 16.049805 -8.747009 -6.300823 -19.768731 -11.953670 -18.281407 -8.925064 -7.576350 -15.079019 5.891872 -6.171155 -11.633300 4.010237 -21.172857 -26.187575 
-7.824833 -13.121900 -27.989308 -21.520913 -22.200335 -14.283534 -5.967779 -5.906733 -11.913014 -2.816366 -24.447550 -7.761320 -14.528503 16.469516 -9.031966 -6.603619 -20.705674 -12.802226 -18.653735 -9.096139 -8.220293 -15.557244 5.725923 -6.501118 -11.997182 4.144726 -21.758780 -26.861892 
-8.017021 -13.662901 -28.415542 -22.191897 -22.695743 -14.881763 -6.054094 -6.052222 -11.955971 -2.783588 -25.285189 -8.114047 -14.783322 16.867263 -9.321614 -6.913925 -21.646747 -13.673016 -19.017046 -9.265198 -8.873165 -16.041647 5.538547 -6.847666 -12.362924 4.274619 -22.352289 -27.533211 
-8.210900 -14.208298 -28.835094 -22.872254 -23.189558 -15.485168 -6.141444 -6.201030 -11.995704 -2.742039 -26.132648 -8.473814 -15.023392 17.240867 -9.615970 -7.231681 -22.590265 -14.565524 -19.370758 -9.432201 -9.533687 -16.532093 5.329356 -7.211494 -12.730269 4.399382 -22.953556 -28.200966 
-8.406508 -14.757293 -29.248088 -23.561911 -23.681631 -16.092960 -6.230106 -6.353279 -12.032807 -2.691211 -26.989553 -8.840421 -15.247710 17.588099 -9.915050 -7.556820 -23.534491 -15.479205 -19.714281 -9.597111 -10.200536 -17.028439 5.097976 -7.593310 -13.098954 4.518473 -23.562758 -28.864587 
-8.603882 -15.309058 -29.654661 -24.260786 -24.171817 -16.704321 -6.320364 -6.509088 -12.067898 -2.630583 -27.855518 -9.213658 -15.455253 17.906676 -10.218869 -7.889268 -24.477635 -16.413482 -20.047020 -9.759892 -10.872337 -17.530534 4.844045 -7.993839 -13.468710 4.631338 -24.180077 -29.523494 
-8.803062 -15.862730 -30.054962 -24.968792 -24.659974 -17.318402 -6.412515 -6.668577 -12.101620 -2.559616 -28.730142 -9.593299 -15.644980 18.194263 -10.527440 -8.228944 -25.417855 -17.367749 -20.368373 -9.920515 -11.547667 -18.038217 4.567215 -8.413821 -13.839261 4.737413 -24.805699 -30.177099 
-9.004087 -16.417417 -30.449151 -25.685834 -25.145961 -17.934328 -6.506865 -6.831863 -12.134639 -2.477755 -29.613012 -9.979109 -15.815830 18.448474 -10.840775 -8.575758 -26.353259 -18.341369 -20.677734 -10.078950 -12.225053 -18.551320 4.267152 -8.854009 -14.210325 4.836122 -25.439817 -30.824809 
-9.206997 -16.972192 -30.837402 -26.411810 -25.629640 -18.551191 -6.603729 -6.999064 -12.167642 -2.384432 -30.503702 -10.370840 -15.966723 18.666868 -11.158885 -8.929615 -27.281902 -19.333676 -20.974487 -10.235172 -12.902976 -19.069665 3.943537 -9.315173 -14.581615 4.926879 -26.082625 -31.466025 
-9.411834 -17.526099 -31.219900 -27.146611 -26.110875 -19.168057 -6.703431 -7.170294 -12.201342 -2.279062 -31.401774 -10.768231 -16.096561 18.846955 -11.481780 -9.290413 -28.201787 -20.343973 -21.258014 -10.389159 -13.579864 -19.593066 3.596063 -9.798096 -14.952837 5.009088 -26.734324 -32.100137 
-9.618640 -18.078148 -31.596843 -27.890123 -26.589533 -19.783962 -6.806308 -7.345668 -12.236476 -2.161042 -32.306775 -11.171008 -16.204226 18.986190 -11.809467 -9.658040 -29.110864 -21.371532 -21.527686 -10.540891 -14.254101 -20.121329 3.224436 -10.303579 -15.323690 5.082141 -27.395120 -32.726530 
-9.827457 -18.627317 -31.968440 -28.642223 -27.065483 -20.397913 -6.912703 -7.525299 -12.273802 -2.029758 -33.218241 -11.578889 -16.288582 19.081978 -12.141953 -10.032379 -30.007035 -22.415597 -21.782874 -10.690351 -14.924017 -20.654249 2.828378 -10.832434 -15.693867 5.145420 -28.065222 -33.344583 
-10.038329 -19.172553 -32.334913 -29.402781 -27.538596 -21.008887 -7.022972 -7.709298 -12.314104 -1.884576 -34.135695 -11.991575 -16.348473 19.131669 -12.479245 -10.413306 -30.888145 -23.475379 -22.022936 -10.837526 -15.587896 -21.191616 2.407623 -11.385491 -16.063056 5.198296 -28.744845 -33.953667 
-10.251299 -19.712769 -32.696497 -30.171662 -28.008745 -21.615833 -7.137480 -7.897778 -12.358188 -1.724849 -35.058644 -12.408757 -16.382726 19.132564 -12.821345 -10.800688 -31.751992 -24.550062 -22.247229 -10.982404 -16.243974 -21.733208 1.961920 -11.963593 -16.430939 5.240129 -29.434208 -34.553144 
-10.466414 -20.246849 -33.053438 -30.948722 -28.475808 -22.217671 -7.256600 -8.090846 -12.406883 -1.549914 -35.986586 -12.830114 -16.390146 19.081908 -13.168256 -11.194387 -32.596318 -25.638798 -22.455102 -11.124978 -16.890435 -22.278797 1.491031 -12.567599 -16.797189 5.270270 -30.133535 -35.142372 
-10.683719 -20.773643 -33.405994 -31.733812 -28.939661 -22.813292 -7.380717 -8.288611 -12.461044 -1.359092 -36.919005 -13.255313 -16.369522 18.976898 -13.519981 -11.594257 -33.418815 -26.740708 -22.645897 -11.265244 -17.525417 -22.828144 0.994730 -13.198382 -17.161476 5.288056 -30.843055 -35.720700 
-10.903261 -21.291969 -33.754436 -32.526773 -29.400187 -23.401556 -7.510225 -8.491181 -12.521547 -1.151687 -37.855369 -13.684008 -16.319622 18.814674 -13.876518 -12.000142 -34.217124 -27.854884 -22.818952 -11.403198 -18.147008 -23.381003 0.472809 -13.856832 -17.523461 5.292816 -31.563001 -36.287470 
-11.125086 -21.800613 -34.099048 -33.327444 -29.857268 -23.981296 -7.645528 -8.698661 -12.589293 -0.926991 -38.795138 -14.115841 -16.239196 18.592327 -14.237867 -12.411884 -34.988833 -28.980388 -22.973595 -11.538842 -18.753246 -23.937120 -0.074931 -14.543851 -17.882803 5.283867 -32.293611 -36.842018 
-11.349244 -22.298329 -34.440123 -34.135651 -30.310789 -24.551315 -7.787039 -8.911156 -12.665205 -0.684276 -39.737756 -14.550442 -16.126974 18.306894 -14.604026 -12.829313 -35.731478 -30.116251 -23.109153 -11.672180 -19.342123 -24.496229 -0.648673 -15.260359 -18.239149 5.260516 -33.035127 -37.383670 
-11.575783 -22.783840 -34.777971 -34.951220 -30.760639 -25.110388 -7.935183 -9.128769 -12.750231 -0.422801 -40.682653 -14.987429 -15.981670 17.955362 -14.974989 -13.252255 -36.442543 -31.261475 -23.224942 -11.803218 -19.911578 -25.058060 -1.248586 -16.007288 -18.592145 5.222058 -33.787796 -37.911749 
-11.804753 -23.255836 -35.112910 -35.773963 -31.206708 -25.657259 -8.090392 -9.351603 -12.845342 -0.141810 -41.629250 -15.426407 -15.801975 17.534664 -15.350753 -13.680527 -37.119462 -32.415031 -23.320274 -11.931967 -20.459506 -25.622330 -1.874826 -16.785587 -18.941428 5.167779 -34.551871 -38.425568 
-12.036205 -23.712975 -35.445272 -36.603691 -31.648888 -26.190645 -8.253111 -9.579759 -12.951533 0.159471 -42.576950 -15.866970 -15.586563 17.041679 -15.731309 -14.113939 -37.759614 -33.575860 -23.394456 -12.058438 -20.983748 -26.188751 -2.527535 -17.596218 -19.286629 5.096953 -35.327608 -38.924434 
-12.270190 -24.153883 -35.775402 -37.440204 -32.087074 -26.709232 -8.423791 -9.813337 -13.069820 0.481831 -43.525148 -16.308700 -15.334090 16.473238 -16.116652 -14.552295 -38.360329 -34.742871 -23.446786 -12.182648 -21.482101 -26.757025 -3.206841 -18.440161 -19.627374 5.008843 -36.115269 -39.407645 
-12.506760 -24.577154 -36.103654 -38.283298 -32.521164 -27.211679 -8.602896 -10.052435 -13.201247 0.826072 -44.473222 -16.751165 -15.043191 15.826115 -16.506770 -14.995390 -38.918884 -35.914947 -23.476559 -12.304615 -21.952309 -27.326843 -3.912860 -19.318408 -19.963282 4.902702 -36.915118 -39.874496 
-12.745968 -24.981350 -36.430399 -39.132760 -32.951057 -27.696613 -8.790898 -10.297151 -13.346877 1.193016 -45.420541 -17.193923 -14.712483 15.097036 -16.901654 -15.443014 -39.432503 -37.090937 -23.483060 -12.424360 -22.392069 -27.897892 -4.645693 -20.231967 -20.293966 4.777773 -37.727428 -40.324270 
-12.987868 -25.365001 -36.756015 -39.988371 -33.376656 -28.162635 -8.988281 -10.547582 -13.507799 1.583497 -46.366456 -17.636518 -14.340566 14.282671 -17.301291 -15.894947 -39.898360 -38.269661 -23.465571 -12.541909 -22.799030 -28.469846 -5.405426 -21.181861 -20.619032 4.633287 -38.552472 -40.756246 
-13.232514 -25.726606 -37.080897 -40.849905 -33.797864 -28.608316 -9.195537 -10.803822 -13.685125 1.998367 -47.310311 -18.078482 -13.926017 13.379641 -17.705669 -16.350963 -40.313576 -39.449909 -23.423366 -12.657287 -23.170791 -29.042373 -6.192134 -22.169129 -20.938080 4.468464 -39.390532 -41.169695 
-13.479961 -26.064630 -37.405450 -41.717129 -34.214588 -29.032196 -9.413167 -11.065966 -13.879991 2.438491 -48.251431 -18.519338 -13.467396 12.384512 -18.114772 -16.810831 -40.675221 -40.630442 -23.355715 -12.770525 -23.504901 -29.615133 -7.005877 -23.194822 -21.250706 4.282514 -40.241891 -41.563882 
-13.730266 -26.377506 -37.730089 -42.589804 -34.626738 -29.432788 -9.641684 -11.334105 -14.093555 2.904753 -49.189133 -18.958591 -12.963246 11.293799 -18.528585 -17.274309 -40.980313 -41.809989 -23.261878 -12.881658 -23.798862 -30.187774 -7.846700 -24.260008 -21.556497 4.074636 -41.106839 -41.938062 
-13.983486 -26.663638 -38.055246 -43.467681 -35.034225 -29.808576 -9.881611 -11.608333 -14.327000 3.398050 -50.122718 -19.395740 -12.412089 10.103965 -18.947091 -17.741151 -41.225816 -42.987248 -23.141114 -12.990719 -24.050126 -30.759938 -8.714637 -25.365771 -21.855035 3.844019 -41.985670 -42.291486 
-14.239678 -26.921394 -38.381361 -44.350509 -35.436963 -30.158013 -10.133478 -11.888738 -14.581531 3.919296 -51.051475 -19.830267 -11.812426 8.811419 -19.370270 -18.211101 -41.408645 -44.160890 -22.992671 -13.097750 -24.256097 -31.331258 -9.609706 -26.513208 -22.145896 3.589840 -42.878682 -42.623396 
-14.498900 -27.149113 -38.708889 -45.238026 -35.834868 -30.479525 -10.397827 -12.175411 -14.858380 4.469419 -51.974681 -20.261645 -11.162744 7.412521 -19.798103 -18.683898 -41.525662 -45.329554 -22.815792 -13.202791 -24.414130 -31.901359 -10.531912 -27.703431 -22.428648 3.311265 -43.786179 -42.933027 
-14.761212 -27.345101 -39.038295 -46.129965 -36.227859 -30.771508 -10.675210 -12.468439 -15.158797 5.049365 -52.891598 -20.689333 -10.461507 5.903575 -20.230569 -19.159272 -41.573677 -46.491848 -22.609717 -13.305888 -24.521530 -32.469855 -11.481248 -28.937567 -22.702857 3.007452 -44.708468 -43.219609 
-15.026674 -27.507630 -39.370057 -47.026051 -36.615856 -31.032329 -10.966188 -12.767908 -15.484060 5.660095 -53.801478 -21.112778 -9.707162 4.280834 -20.667644 -19.636949 -41.549448 -47.646351 -22.373676 -13.407088 -24.575554 -33.036354 -12.457690 -30.216760 -22.968077 2.677545 -45.645862 -43.482361 
-15.295346 -27.634944 -39.704667 -47.926004 -36.998783 -31.260326 -11.271332 -13.073906 -15.835469 6.302584 -54.703556 -21.531417 -8.898136 2.540501 -21.109306 -20.116642 -41.449682 -48.791612 -22.106894 -13.506442 -24.573411 -33.600453 -13.461203 -31.542166 -23.223861 2.320680 -46.598679 -43.720499 
-15.567290 -27.725251 -40.042626 -48.829534 -37.376565 -31.453808 -11.591223 -13.386515 -16.214347 6.977823 -55.597058 -21.944671 -8.032837 0.678723 -21.555528 -20.598064 -41.271033 -49.926149 -21.808590 -13.604004 -24.512258 -34.161743 -14.491737 -32.914957 -23.469753 1.935979 -47.567240 -43.933228 
-15.842568 -27.776730 -40.384450 -49.736347 -37.749131 -31.611053 -11.926452 -13.705819 -16.622041 7.686821 -56.481194 -22.351952 -7.109656 -1.308403 -22.006285 -21.080914 -41.010103 -51.048450 -21.477977 -13.699830 -24.389206 -34.719805 -15.549230 -34.336322 -23.705292 1.522555 -48.551872 -44.119750 
-16.121244 -27.787525 -40.730666 -50.646140 -38.116410 -31.730314 -12.277619 -14.031900 -17.059922 8.430601 -57.355164 -22.752659 -6.126962 -3.424833 -22.461547 -21.564888 -40.663444 -52.156973 -21.114262 -13.793980 -24.201318 -35.274211 -16.633603 -35.807461 -23.930009 1.079513 -49.552906 -44.279256 
-16.403382 -27.755751 -41.081813 -51.558605 -38.478336 -31.809811 -12.645335 -14.364840 -17.529383 9.210200 -58.218152 -23.146178 -5.083107 -5.674574 -22.921287 -22.049674 -40.227554 -53.250146 -20.716645 -13.886517 -23.945604 -35.824524 -17.744767 -37.329592 -24.143431 0.605942 -50.570678 -44.410932 
-16.689045 -27.679490 -41.438442 -52.473427 -38.834844 -31.847738 -13.030220 -14.704716 -18.031843 10.026673 -59.069332 -23.531884 -3.976425 -8.061688 -23.385472 -22.534953 -39.698880 -54.326366 -20.284321 -13.977506 -23.619028 -36.370300 -18.882617 -38.903948 -24.345077 0.100923 -51.605529 -44.513957 
-16.978301 -27.556790 -41.801117 -53.390281 -39.185871 -31.842256 -13.432905 -15.051609 -18.568741 10.881091 -59.907861 -23.909139 -2.805227 -10.590287 -23.854072 -23.020396 -39.073818 -55.384001 -19.816476 -14.067015 -23.218506 -36.911086 -20.047035 -40.531774 -24.534462 -0.436472 -52.657804 -44.587502 
-17.271214 -27.385670 -42.170414 -54.308839 -39.531357 -31.791502 -13.854029 -15.405594 -19.141543 11.774538 -60.732888 -24.277293 -1.567811 -13.264536 -24.327052 -23.505671 -38.348711 -56.421389 -19.312294 -14.155115 -22.740903 -37.446418 -21.237888 -42.214332 -24.711093 -1.007186 -53.727852 -44.630731 
-17.567852 -27.164114 -42.546922 -55.228764 -39.871244 -31.693579 -14.294241 -15.766749 -19.751737 12.708116 -61.543546 -24.635683 -0.262450 -16.088652 -24.804379 -23.990436 -37.519849 -57.436835 -18.770950 -14.241881 -22.183035 -37.975828 -22.455033 -43.952900 -24.874471 -1.612168 -54.816030 -44.642802 
-17.868282 -26.890076 -42.931239 -56.149712 -40.205476 -31.546565 -14.754203 -16.135147 -20.400834 13.682942 -62.338954 -24.983637 1.112599 -19.066906 -25.286016 -24.474342 -36.583474 -58.428618 -18.191613 -14.327390 -21.541670 -38.498834 -23.698309 -45.748769 -25.024090 -2.252382 -55.922695 -44.622864 
NaN NaN NaN NaN NaN NaN NaN NaN NaN NaN NaN NaN NaN NaN NaN NaN NaN NaN NaN NaN NaN NaN NaN NaN NaN NaN NaN NaN 
NaN NaN NaN NaN NaN NaN NaN NaN NaN NaN NaN NaN NaN NaN NaN NaN NaN NaN NaN NaN NaN NaN NaN NaN NaN NaN NaN NaN 
NaN NaN NaN NaN NaN NaN NaN NaN NaN NaN NaN NaN NaN NaN NaN NaN NaN NaN NaN NaN NaN NaN NaN NaN NaN NaN NaN NaN 
NaN NaN NaN NaN NaN NaN NaN NaN NaN NaN NaN NaN NaN NaN NaN NaN NaN NaN NaN NaN NaN NaN NaN NaN NaN NaN NaN NaN 
