NaN NaN NaN NaN NaN NaN NaN NaN NaN NaN NaN NaN NaN NaN NaN NaN NaN NaN NaN NaN NaN 
NaN NaN NaN NaN NaN NaN NaN NaN NaN NaN NaN NaN NaN NaN NaN NaN NaN NaN NaN NaN NaN 
NaN NaN NaN NaN NaN NaN NaN NaN NaN NaN NaN NaN NaN NaN NaN NaN NaN NaN NaN NaN NaN 
NaN NaN NaN NaN NaN NaN NaN NaN NaN NaN NaN NaN NaN NaN NaN NaN NaN NaN NaN NaN NaN 
NaN NaN NaN NaN NaN NaN NaN NaN NaN NaN NaN NaN NaN NaN NaN NaN NaN NaN NaN NaN NaN 
7.461388 4.116354 18.961056 4.484439 8.769706 -8.413278 12.920077 1.280139 0.384698 -1.693864 12.468859 -1.268910 18.814750 -0.516445 0.043482 9.401634 6.675088 -13.077003 -3.677017 11.108817 8.325055 
6.693725 4.405377 17.678379 5.132663 8.355824 -7.331131 12.201508 0.801953 0.215862 -1.242563 11.960697 -0.167874 19.077108 0.240064 0.103356 8.532720 6.769658 -12.713756 -3.564541 10.394077 8.488699 
5.976705 4.664252 16.454604 5.737685 7.957231 -6.311129 11.521874 0.358622 0.063167 -0.809359 11.477935 0.856669 19.289004 0.944767 0.175401 7.709813 6.850383 -12.339591 -3.450317 9.717613 8.635293 
5.308419 4.894139 15.288182 6.300412 7.573554 -5.351396 10.879664 -0.051033 -0.074076 -0.394265 11.019432 1.807157 19.452242 1.599259 0.258462 6.931602 6.917617 -11.955700 -3.334586 9.078095 8.765067 
4.686984 5.096179 14.177582 6.821737 7.204420 -4.450089 10.273387 -0.428175 -0.196545 0.002716 10.584067 2.685991 19.568603 2.205113 0.351403 6.196792 6.971707 -11.563255 -3.217585 8.474210 8.878252 
4.110545 5.271491 13.121284 7.302550 6.849460 -3.605389 9.701572 -0.773954 -0.304912 0.381586 10.170735 3.495536 19.639842 2.763879 0.453112 5.504103 7.012994 -11.163403 -3.099548 7.904659 8.975075 
3.577277 5.421176 12.117784 7.743730 6.508306 -2.815506 9.162773 -1.089508 -0.399841 0.742353 9.778351 4.238126 19.667687 3.277083 0.562495 4.852268 7.041813 -10.757270 -2.980706 7.368164 9.055764 
3.085380 5.546316 11.165594 8.146149 6.180594 -2.078677 8.655564 -1.375958 -0.481987 1.085034 9.405849 4.916056 19.653843 3.746231 0.678481 4.240036 7.058492 -10.345959 -2.861288 6.863462 9.120548 
2.633086 5.647971 10.263239 8.510672 5.865959 -1.393166 8.178540 -1.634414 -0.551997 1.409651 9.052177 5.531587 19.599985 4.172802 0.800020 3.666172 7.063354 -9.930548 -2.741518 6.389306 9.169650 
2.218651 5.727185 9.409258 8.838154 5.564041 -0.757268 7.730320 -1.865970 -0.610510 1.716232 8.716306 6.086946 19.507768 4.558256 0.926083 3.129454 7.056714 -9.512096 -2.621618 5.944466 9.203296 
1.840363 5.784978 8.602207 9.129445 5.274481 -0.169301 7.309543 -2.071708 -0.658157 2.004813 8.397222 6.584325 19.378816 4.904027 1.055663 2.628676 7.038882 -9.091636 -2.501806 5.527731 9.221710 
1.496535 5.822355 7.840655 9.385383 4.996922 0.372386 6.914872 -2.252696 -0.695561 2.275437 8.093930 7.025879 19.214730 5.211529 1.187772 2.162647 7.010162 -8.670181 -2.382300 5.137905 9.225115 
1.185511 5.840297 7.123186 9.606803 4.731010 0.869417 6.544988 -2.409988 -0.723335 2.528152 7.805455 7.413731 19.017085 5.482150 1.321445 1.730191 6.970849 -8.248719 -2.263310 4.773809 9.213730 
0.905662 5.839769 6.448399 9.794528 4.476393 1.323391 6.198598 -2.544622 -0.742088 2.763014 7.530836 7.749965 18.787430 5.717259 1.455738 1.330147 6.921236 -7.828217 -2.145047 4.434281 9.187778 
0.655385 5.821714 5.814905 9.949375 4.232719 1.735875 5.874429 -2.657627 -0.752416 2.980084 7.269135 8.036633 18.527289 5.918198 1.589727 0.961367 6.861605 -7.409619 -2.027716 4.118175 9.147478 
0.433108 5.787058 5.221334 10.072153 3.999642 2.108412 5.571229 -2.750014 -0.754910 3.179433 7.019428 8.275752 18.238160 6.086288 1.722511 0.622721 6.792236 -6.993845 -1.911521 3.824365 9.093048 
0.237286 5.736703 4.666328 10.163662 3.776815 2.442516 5.287768 -2.822782 -0.750151 3.361134 6.780812 8.469302 17.921514 6.222829 1.853209 0.313091 6.713400 -6.581794 -1.796662 3.551738 9.024706 
0.066403 5.671537 4.148543 10.224696 3.563894 2.739673 5.022840 -2.876917 -0.738715 3.525271 6.552401 8.619230 17.578798 6.329095 1.980960 0.031377 6.625362 -6.174341 -1.683336 3.299200 8.942667 
-0.081030 5.592424 3.666652 10.256039 3.360539 3.001341 4.775258 -2.913389 -0.721165 3.671933 6.333328 8.727447 17.211432 6.406339 2.104927 -0.223509 6.528381 -5.772340 -1.571736 3.065673 8.847148 
-0.206474 5.500211 3.219340 10.258469 3.166409 3.228952 4.543858 -2.933156 -0.698060 3.801213 6.122742 8.795827 16.820813 6.455789 2.224292 -0.452638 6.422711 -5.376620 -1.462054 2.850097 8.738362 
-0.311360 5.395723 2.805308 10.232754 2.981168 3.423909 4.327499 -2.937162 -0.669949 3.913216 5.919813 8.826214 16.408308 6.478654 2.338258 -0.657067 6.308598 -4.987989 -1.354477 2.651428 8.616523 
-0.397094 5.279768 2.423272 10.179656 2.804480 3.587588 4.125060 -2.926336 -0.637372 4.008049 5.723727 8.820411 15.975263 6.476116 2.446051 -0.837838 6.186281 -4.607232 -1.249190 2.468638 8.481843 
-0.465050 5.153133 2.071962 10.099928 2.636013 3.721338 3.935442 -2.901596 -0.600864 4.085828 5.533689 8.780191 15.522994 6.449337 2.546917 -0.995978 6.055996 -4.235111 -1.146374 2.300717 8.334533 
-0.516577 5.016585 1.750123 9.994315 2.475436 3.826479 3.757569 -2.863843 -0.560949 4.146674 5.348922 8.707288 15.052794 6.399455 2.640123 -1.132500 5.917969 -3.872365 -1.046206 2.146673 8.174804 
-0.552994 4.870872 1.456513 9.863555 2.322420 3.904303 3.590386 -2.813966 -0.518144 4.190718 5.168668 8.603405 14.565931 6.327584 2.724958 -1.248399 5.772421 -3.519711 -0.948864 2.005527 8.002863 
-0.575593 4.716724 1.189907 9.708377 2.176640 3.956077 3.432859 -2.752840 -0.472957 4.218093 4.992186 8.470205 14.063643 6.234817 2.800730 -1.344659 5.619569 -3.177844 -0.854518 1.876322 7.818921 
-0.585637 4.554848 0.949094 9.529504 2.037770 3.983037 3.283978 -2.681326 -0.425888 4.228942 4.818754 8.309321 13.547148 6.122224 2.866772 -1.422247 5.459620 -2.847433 -0.763337 1.758113 7.623182 
-0.584361 4.385934 0.732876 9.327648 1.905489 3.986394 3.142753 -2.600272 -0.377430 4.223414 4.647667 8.122348 13.017635 5.990851 2.922434 -1.482115 5.292776 -2.529128 -0.675488 1.649976 7.415854 
-0.572973 4.210651 0.540071 9.103515 1.779478 3.967331 3.008216 -2.510511 -0.328067 4.201664 4.478239 7.910845 12.476267 5.841722 2.967090 -1.525201 5.119235 -2.223556 -0.591134 1.551001 7.197141 
-0.552652 4.029651 0.369512 8.857804 1.659418 3.927001 2.879421 -2.412864 -0.278275 4.163854 4.309803 7.676340 11.924183 5.675837 3.000133 -1.552426 4.939185 -1.931318 -0.510433 1.460295 6.967247 
-0.524547 3.843562 0.220046 8.591204 1.544993 3.866533 2.755445 -2.308136 -0.228522 4.110152 4.141708 7.420322 11.362494 5.494175 3.020980 -1.564700 4.752810 -1.652996 -0.433542 1.376984 6.726374 
-0.489783 3.652996 0.090534 8.304397 1.435892 3.787026 2.635385 -2.197119 -0.179266 4.040735 3.973324 7.144247 10.792289 5.297690 3.029067 -1.562913 4.560287 -1.389147 -0.360615 1.300209 6.474726 
-0.449453 3.458544 -0.020148 7.998057 1.331801 3.689551 2.518361 -2.080593 -0.130961 3.955783 3.804036 6.849536 10.214628 5.087314 3.023852 -1.547945 4.361787 -1.140307 -0.291802 1.229128 6.212502 
-0.404624 3.260779 -0.113108 7.672851 1.232413 3.575154 2.403514 -1.959322 -0.084049 3.855485 3.633249 6.537573 9.630547 4.863958 3.004813 -1.520657 4.157474 -0.906988 -0.227251 1.162916 5.939902 
-0.356333 3.060251 -0.189441 7.329436 1.137421 3.444850 2.290008 -1.834057 -0.038965 3.740037 3.460387 6.209709 9.041055 4.628507 2.971451 -1.481898 3.947508 -0.689680 -0.167105 1.100766 5.657126 
-0.305592 2.857494 -0.250227 6.968463 1.046519 3.299628 2.177026 -1.705535 0.003863 3.609640 3.284890 5.867260 8.447137 4.381825 2.923286 -1.432500 3.732039 -0.488850 -0.111505 1.041887 5.364369 
-0.253382 2.653020 -0.296531 6.590575 0.959406 3.140451 2.063778 -1.574481 0.044018 3.464503 3.106217 5.511505 7.849751 4.124752 2.859861 -1.373282 3.511213 -0.304942 -0.060590 0.985503 5.061830 
-0.200656 2.447322 -0.329405 6.196405 0.875781 2.968252 1.949490 -1.441603 0.081087 3.304842 2.923847 5.143691 7.249830 3.858106 2.780740 -1.305047 3.285170 -0.138377 -0.014494 0.930858 4.749703 
-0.148341 2.240875 -0.349883 5.786581 0.795346 2.783936 1.833413 -1.307598 0.114669 3.130877 2.737274 4.765026 6.648280 3.582683 2.685507 -1.228582 3.054042 0.010444 0.026652 0.877212 4.428183 
-0.097333 2.034133 -0.358987 5.361721 0.717804 2.588382 1.714821 -1.173149 0.144369 2.942838 2.546012 4.376687 6.045983 3.299254 2.573768 -1.144662 2.817956 0.141147 0.062718 0.823840 4.097464 
-0.048503 1.827529 -0.357725 4.922436 0.642863 2.382442 1.593006 -1.038923 0.169800 2.740960 2.349593 3.979813 5.443796 3.008568 2.445150 -1.054044 2.577033 0.253377 0.093580 0.770036 3.757738 
-0.002691 1.621480 -0.347089 4.469329 0.570230 2.166938 1.467284 -0.905575 0.190585 2.525484 2.147566 3.575509 4.842547 2.711352 2.299301 -0.957471 2.331387 0.346803 0.119114 0.715110 3.409196 
0.039290 1.416380 -0.328055 4.002994 0.499616 1.942667 1.336995 -0.773747 0.206354 2.296659 1.939502 3.164846 4.243041 2.408309 2.135891 -0.855672 2.081126 0.421118 0.139202 0.658388 3.052029 
0.076654 1.212604 -0.301588 3.524018 0.430733 1.710395 1.201496 -0.644065 0.216745 2.054740 1.724984 2.748859 3.646057 2.100119 1.954609 -0.749362 1.826350 0.476035 0.153728 0.599216 2.686426 
0.108645 1.010510 -0.268635 3.032981 0.363297 1.470863 1.060169 -0.517144 0.221404 1.799989 1.503619 2.328546 3.052347 1.787441 1.755169 -0.639237 1.567155 0.511293 0.162579 0.536952 2.312575 
0.134535 0.810434 -0.230130 2.530453 0.297024 1.224785 0.912418 -0.393582 0.219986 1.532674 1.275028 1.904875 2.462640 1.470908 1.537301 -0.525982 1.303630 0.526651 0.165644 0.470975 1.930664 
0.153622 0.612692 -0.186992 2.016999 0.231634 0.972844 0.757667 -0.273966 0.212153 1.253071 1.038853 1.478773 1.877636 1.151134 1.300761 -0.410265 1.035858 0.521891 0.162817 0.400678 1.540878 
0.165236 0.417582 -0.140126 1.493172 0.166847 0.715699 0.595364 -0.158868 0.197576 0.961460 0.794752 1.051137 1.298011 0.828706 1.045323 -0.292741 0.763914 0.496819 0.153994 0.325474 1.143403 
0.168730 0.225382 -0.090421 0.959521 0.102388 0.453980 0.424976 -0.048845 0.175934 0.658131 0.542403 0.622825 0.724416 0.504191 0.770784 -0.174048 0.487869 0.451263 0.139075 0.244790 0.738423 
0.163490 0.036350 -0.038753 0.416585 0.037983 0.188288 0.245994 0.055556 0.146915 0.343378 0.281501 0.194663 0.157476 0.178133 0.476962 -0.054810 0.207787 0.385074 0.117962 0.158071 0.326121 
0.148928 -0.149276 0.014017 -0.135104 -0.026642 -0.080802 0.057931 0.153805 0.110213 0.017504 0.011759 -0.232560 -0.402212 -0.148949 0.163694 0.064363 -0.076276 0.298125 0.090561 0.064779 -0.093321 
0.124483 -0.331276 0.067043 -0.695024 -0.091756 -0.352743 -0.139679 0.245386 0.065531 -0.319185 -0.267091 -0.658089 -0.954074 -0.476556 -0.169160 0.182879 -0.364269 0.190312 0.056780 -0.035608 -0.519722 
0.089625 -0.509451 0.119495 -1.262657 -0.157627 -0.627016 -0.347282 0.329794 0.012583 -0.666371 -0.555299 -1.081205 -1.497562 -0.804215 -0.521718 0.300157 -0.656146 0.061553 0.016532 -0.143594 -0.952903 
0.043849 -0.683621 0.170554 -1.837498 -0.224520 -0.903129 -0.565298 0.406541 -0.048914 -1.023735 -0.853098 -1.501222 -2.032155 -1.131473 -0.894079 0.415634 -0.951869 -0.088209 -0.030269 -0.259667 -1.392683 
-0.013319 -0.853626 0.219420 -2.419044 -0.292700 -1.180618 -0.794129 0.475149 -0.119231 -1.390948 -1.160700 -1.917491 -2.557356 -1.457902 -1.286318 0.528760 -1.251407 -0.259010 -0.083704 -0.384298 -1.838886 
-0.082326 -1.019326 0.265304 -3.006806 -0.362426 -1.459047 -1.034154 0.535158 -0.198632 -1.767674 -1.478303 -2.329399 -3.072695 -1.783095 -1.698493 0.639001 -1.554733 -0.450864 -0.143852 -0.517940 -2.291334 
-0.163593 -1.180599 0.307434 -3.600298 -0.433959 -1.738007 -1.285728 0.586119 -0.287373 -2.153573 -1.806083 -2.736364 -3.577728 -2.106669 -2.130637 0.745837 -1.861828 -0.663760 -0.210789 -0.661031 -2.749852 
-0.257508 -1.337345 0.345051 -4.199044 -0.507556 -2.017116 -1.549188 0.627598 -0.385702 -2.548295 -2.144199 -3.137844 -4.072035 -2.428265 -2.582764 0.848763 -2.172678 -0.897668 -0.284588 -0.813991 -3.214266 
-0.364436 -1.489480 0.377411 -4.802577 -0.583471 -2.296022 -1.824847 0.659173 -0.493857 -2.951486 -2.492794 -3.533328 -4.555224 -2.747544 -3.054865 0.947292 -2.487278 -1.152531 -0.365318 -0.977223 -3.684400 
-0.484711 -1.636944 0.403785 -5.410436 -0.661956 -2.574399 -2.112995 0.680437 -0.612071 -3.362785 -2.851990 -3.922342 -5.026925 -3.064193 -3.546912 1.040946 -2.805625 -1.428272 -0.453046 -1.151115 -4.160084 
-0.618639 -1.779692 0.423460 -6.022169 -0.743264 -2.851947 -2.413903 0.690998 -0.740567 -3.781823 -3.221893 -4.304448 -5.486798 -3.377919 -4.058854 1.129268 -3.127727 -1.724791 -0.547834 -1.336035 -4.641144 
-0.766498 -1.917703 0.435734 -6.637331 -0.827640 -3.128397 -2.727819 0.690476 -0.879560 -4.208225 -3.602588 -4.679239 -5.934526 -3.688454 -4.590621 1.211812 -3.453595 -2.041964 -0.649742 -1.532336 -5.127411 
-0.928539 -2.050973 0.439923 -7.255486 -0.915333 -3.403506 -3.054968 0.678504 -1.029256 -4.641610 -3.994145 -5.046349 -6.369818 -3.995552 -5.142118 1.288148 -3.783247 -2.379647 -0.758829 -1.740355 -5.618715 
-1.104983 -2.179517 0.435357 -7.876205 -1.006585 -3.677058 -3.395555 0.654732 -1.189855 -5.081590 -4.396613 -5.405441 -6.792410 -4.298990 -5.713234 1.357861 -4.116708 -2.737669 -0.875148 -1.960411 -6.114888 
-1.296025 -2.303373 0.421378 -8.499068 -1.101639 -3.948866 -3.749763 0.618821 -1.361547 -5.527770 -4.810026 -5.756218 -7.202062 -4.598568 -6.303833 1.420552 -4.454009 -3.115841 -0.998749 -2.192805 -6.615761 
-1.501830 -2.422594 0.397346 -9.123662 -1.200735 -4.218769 -4.117751 0.570446 -1.544514 -5.979748 -5.234397 -6.098414 -7.598560 -4.894108 -6.913759 1.475835 -4.795188 -3.513949 -1.129680 -2.437824 -7.121170 
-1.722535 -2.537256 0.362634 -9.749582 -1.304109 -4.486635 -4.499659 0.509297 -1.738932 -6.437117 -5.669723 -6.431802 -7.981718 -5.185457 -7.542835 1.523340 -5.140287 -3.931755 -1.267986 -2.695736 -7.630948 
-1.958250 -2.647453 0.316629 -10.376432 -1.411997 -4.752360 -4.895603 0.435077 -1.944965 -6.899461 -6.115981 -6.756186 -8.351372 -5.472482 -8.190862 1.562712 -5.489357 -4.369001 -1.413709 -2.966792 -8.144930 
-2.209056 -2.753300 0.258735 -11.003821 -1.524632 -5.015865 -5.305679 0.347503 -2.162773 -7.366359 -6.573130 -7.071408 -8.707386 -5.755075 -8.857621 1.593610 -5.842454 -4.825405 -1.566887 -3.251228 -8.662955 
-2.475007 -2.854930 0.188368 -11.631370 -1.642245 -5.277102 -5.729960 0.246304 -2.392505 -7.837383 -7.041113 -7.377345 -9.049649 -6.033151 -9.542872 1.615710 -6.199641 -5.300662 -1.727554 -3.549261 -9.184859 
-2.756127 -2.952497 0.104959 -12.258704 -1.765066 -5.536049 -6.168497 0.131227 -2.634302 -8.312098 -7.519853 -7.673906 -9.378076 -6.306646 -10.246352 1.628700 -6.560985 -5.794444 -1.895744 -3.861092 -9.710481 
-3.052413 -3.046173 0.007956 -12.885460 -1.893319 -5.792711 -6.621321 0.002028 -2.888298 -8.790063 -8.009254 -7.961039 -9.692608 -6.575521 -10.967779 1.632286 -6.926563 -6.306403 -2.071486 -4.186906 -10.239661 
-3.363834 -3.136151 -0.103181 -13.511279 -2.027231 -6.047121 -7.088439 -0.141521 -3.154620 -9.270830 -8.509204 -8.238724 -9.993211 -6.839758 -11.706848 1.626186 -7.296456 -6.836164 -2.254804 -4.526871 -10.772240 
-3.690329 -3.222642 -0.228976 -14.135812 -2.167023 -6.299341 -7.569838 -0.299633 -3.433383 -9.753944 -9.019571 -8.506978 -10.279877 -7.099364 -12.463234 1.610136 -7.670752 -7.383333 -2.445723 -4.881136 -11.308061 
-4.031813 -3.305880 -0.369939 -14.758718 -2.312916 -6.549459 -8.065481 -0.472509 -3.724697 -10.238944 -9.540207 -8.765851 -10.552623 -7.354366 -13.236591 1.583883 -8.049543 -7.947491 -2.644261 -5.249836 -11.846965 
-4.388168 -3.386114 -0.526566 -15.379663 -2.465127 -6.797592 -8.575311 -0.660336 -4.028663 -10.725362 -10.070943 -9.015431 -10.811492 -7.604816 -14.026551 1.547193 -8.432932 -8.528198 -2.850436 -5.633087 -12.388797 
-4.759251 -3.463615 -0.699337 -15.998321 -2.623873 -7.043882 -9.099248 -0.863288 -4.345374 -11.212723 -10.611595 -9.255839 -11.056555 -7.850789 -14.832726 1.499845 -8.821024 -9.124990 -3.064260 -6.030989 -12.933402 
-5.144890 -3.538675 -0.888719 -16.614375 -2.789366 -7.288503 -9.637193 -1.081523 -4.674914 -11.700546 -11.161958 -9.487231 -11.287904 -8.092382 -15.654705 1.441633 -9.213933 -9.737382 -3.285746 -6.443626 -13.480626 
-5.544885 -3.611604 -1.095161 -17.227515 -2.961818 -7.531652 -10.189020 -1.315188 -5.017360 -12.188342 -11.721810 -9.709798 -11.505661 -8.329716 -16.492057 1.372365 -9.611777 -10.364863 -3.514898 -6.871064 -14.030316 
-5.959006 -3.682730 -1.319102 -17.837440 -3.141439 -7.773557 -10.754587 -1.564413 -5.372780 -12.675618 -12.290912 -9.923766 -11.709972 -8.562932 -17.344330 1.291866 -10.014682 -11.006902 -3.751723 -7.313351 -14.582320 
-6.386999 -3.752403 -1.560963 -18.443854 -3.328436 -8.014472 -11.333726 -1.829317 -5.741235 -13.161872 -12.869004 -10.129399 -11.901008 -8.792197 -18.211051 1.199974 -10.422781 -11.662946 -3.996220 -7.770522 -15.136488 
-6.828577 -3.820992 -1.821152 -19.046473 -3.523013 -8.254679 -11.926248 -2.110004 -6.122776 -13.646596 -13.455811 -10.326991 -12.078966 -9.017700 -19.091724 1.096544 -10.836210 -12.332417 -4.248389 -8.242591 -15.692670 
-7.283429 -3.888885 -2.100062 -19.645018 -3.725374 -8.494488 -12.531945 -2.406565 -6.517447 -14.129276 -14.051038 -10.516875 -12.244070 -9.239652 -19.985835 0.981443 -11.255116 -13.014716 -4.508223 -8.729558 -16.250717 
-7.751213 -3.956490 -2.398071 -20.239219 -3.935719 -8.734235 -13.150582 -2.719076 -6.925285 -14.609389 -14.654372 -10.699417 -12.396569 -9.458289 -20.892847 0.854556 -11.679648 -13.709220 -4.775714 -9.231403 -16.810481 
-8.231561 -4.024236 -2.715543 -20.828813 -4.154247 -8.974286 -13.781908 -3.047600 -7.346316 -15.086410 -15.265482 -10.875018 -12.536737 -9.673866 -21.812201 0.715782 -12.109963 -14.415283 -5.050852 -9.748094 -17.371816 
-8.724074 -4.092568 -3.052827 -21.413547 -4.381153 -9.215034 -14.425645 -3.392187 -7.780560 -15.559802 -15.884019 -11.044117 -12.664874 -9.886666 -22.743318 0.565032 -12.546225 -15.132239 -5.333621 -10.279577 -17.934576 
-9.228328 -4.161954 -3.410257 -21.993174 -4.616633 -9.456898 -15.081497 -3.752872 -8.228029 -16.029025 -16.509616 -11.207183 -12.781306 -10.096990 -23.685597 0.402237 -12.988604 -15.859397 -5.624004 -10.825784 -18.498617 
-9.743869 -4.232881 -3.788154 -22.567455 -4.860877 -9.700327 -15.749144 -4.129677 -8.688725 -16.493531 -17.141888 -11.364725 -12.886384 -10.305164 -24.638418 0.227340 -13.437276 -16.596043 -5.921981 -11.386631 -19.063795 
-10.270215 -4.305854 -4.186822 -23.136160 -5.114076 -9.945795 -16.428246 -4.522609 -9.162643 -16.952765 -17.780430 -11.517284 -12.980485 -10.511539 -25.601137 0.040298 -13.892423 -17.341443 -6.227527 -11.962013 -19.629967 
-10.806857 -4.381399 -4.606551 -23.699066 -5.376417 -10.193806 -17.118439 -4.931663 -9.649771 -17.406166 -18.424822 -11.665436 -13.064013 -10.716485 -26.573091 -0.158916 -14.354233 -18.094836 -6.540616 -12.551814 -20.196993 
-11.353257 -4.460060 -5.047619 -24.255958 -5.648086 -10.444891 -17.819338 -5.356819 -10.150087 -17.853167 -19.074622 -11.809795 -13.137396 -10.920397 -27.553595 -0.370312 -14.822902 -18.855442 -6.861217 -13.155895 -20.764732 
-11.908848 -4.542404 -5.510286 -24.806630 -5.929266 -10.699608 -18.530537 -5.798044 -10.663561 -18.293193 -19.729374 -11.951006 -13.201089 -11.123692 -28.541941 -0.593888 -15.298631 -19.622458 -7.189298 -13.774105 -21.333044 
-12.473036 -4.629013 -5.994800 -25.350882 -6.220138 -10.958542 -19.251608 -6.255291 -11.190156 -18.725663 -20.388601 -12.089751 -13.255570 -11.326812 -29.537404 -0.829626 -15.781627 -20.395055 -7.524823 -14.406275 -21.901791 
-13.045199 -4.720493 -6.501391 -25.888525 -6.520881 -11.222308 -19.982101 -6.728498 -11.729827 -19.149989 -21.051808 -12.226749 -13.301346 -11.530219 -30.539235 -1.077493 -16.272104 -21.172386 -7.867751 -15.052216 -22.470836 
-13.624687 -4.817466 -7.030279 -26.419373 -6.831672 -11.491546 -20.721543 -7.217591 -12.282518 -19.565577 -21.718484 -12.362750 -13.338948 -11.734399 -31.546663 -1.337442 -16.770282 -21.953578 -8.218040 -15.711727 -23.040043 
-14.210820 -4.920576 -7.581665 -26.943254 -7.152685 -11.766925 -21.469441 -7.722482 -12.848168 -19.971826 -22.388096 -12.498542 -13.368933 -11.939862 -32.558898 -1.609408 -17.276388 -22.737735 -8.575646 -16.384586 -23.609277 
-14.802891 -5.030485 -8.155738 -27.459998 -7.484093 -12.049143 -22.225279 -8.243069 -13.426707 -20.368127 -23.060097 -12.634947 -13.391883 -12.147140 -33.575129 -1.893316 -17.790654 -23.523942 -8.940518 -17.070557 -24.178403 
-15.400167 -5.147877 -8.752671 -27.969447 -7.826067 -12.338923 -22.988520 -8.779235 -14.018057 -20.753868 -23.733920 -12.772823 -13.408408 -12.356786 -34.594521 -2.189071 -18.313320 -24.311257 -9.312607 -17.769385 -24.747288 
-16.001883 -5.273451 -9.372625 -28.471450 -8.178774 -12.637016 -23.758605 -9.330851 -14.622130 -21.128425 -24.408979 -12.913061 -13.419140 -12.569380 -35.616221 -2.496567 -18.844631 -25.098719 -9.691855 -18.480800 -25.315800 
-16.607248 -5.407931 -10.015742 -28.965863 -8.542380 -12.944203 -24.534952 -9.897774 -15.238832 -21.491173 -25.084671 -13.056589 -13.424740 -12.785521 -36.639353 -2.815681 -19.384838 -25.885340 -10.078206 -19.204515 -25.883809 
-17.215443 -5.552058 -10.682154 -29.452551 -8.917049 -13.261289 -25.316958 -10.479846 -15.868061 -21.841477 -25.760374 -13.204369 -13.425894 -13.005833 -37.663020 -3.146276 -19.934200 -26.670114 -10.471599 -19.940223 -26.451184 
-17.825620 -5.706591 -11.371974 -29.931385 -9.302942 -13.589111 -26.104000 -11.076896 -16.509705 -22.178695 -26.435449 -13.357399 -13.423311 -13.230961 -38.686306 -3.488199 -20.492981 -27.452008 -10.871969 -20.687605 -27.017796 
-18.436904 -5.872312 -12.085304 -30.402246 -9.700220 -13.928529 -26.895430 -11.688739 -17.163645 -22.502181 -27.109238 -13.516710 -13.417729 -13.461577 -39.708270 -3.841283 -21.061452 -28.229971 -11.279248 -21.446322 -27.583517 
-19.048391 -6.050020 -12.822230 -30.865023 -10.109038 -14.280434 -27.690581 -12.315177 -17.829754 -22.811279 -27.781064 -13.683371 -13.409911 -13.698370 -40.727952 -4.205346 -21.639888 -29.002924 -11.693367 -22.216019 -28.148222 
-19.659148 -6.240534 -13.582823 -31.319611 -10.529554 -14.645744 -28.488761 -12.955998 -18.507896 -23.105329 -28.450235 -13.858484 -13.400644 -13.942057 -41.744372 -4.580191 -22.228575 -29.769770 -12.114252 -22.996323 -28.711782 
-20.268216 -6.444694 -14.367140 -31.765915 -10.961918 -15.025403 -29.289260 -13.610976 -19.197928 -23.383663 -29.116037 -14.043186 -13.390742 -14.193374 -42.756527 -4.965605 -22.827800 -30.529386 -12.541827 -23.786846 -29.274075 
-20.874606 -6.663359 -15.175223 -32.203847 -11.406283 -15.420385 -30.091344 -14.279871 -19.899698 -23.645607 -29.777740 -14.238650 -13.381046 -14.453084 -43.763393 -5.361362 -23.437860 -31.280629 -12.976010 -24.587183 -29.834976 
-21.477302 -6.897406 -16.007099 -32.633326 -11.862796 -15.831690 -30.894256 -14.962429 -20.613046 -23.890481 -30.434596 -14.446084 -13.372419 -14.721969 -44.763926 -5.767219 -24.059057 -32.022330 -13.416720 -25.396911 -30.394363 
-22.075259 -7.147734 -16.862782 -33.054280 -12.331604 -16.260345 -31.697221 -15.658383 -21.337804 -24.117596 -31.085837 -14.666729 -13.365753 -15.000835 -45.757059 -6.182921 -24.691700 -32.753301 -13.863871 -26.215589 -30.952113 
-22.667405 -7.415259 -17.742269 -33.466644 -12.812852 -16.707407 -32.499437 -16.367451 -22.073796 -24.326258 -31.730678 -14.901865 -13.361964 -15.290512 -46.741706 -6.608194 -25.336103 -33.472328 -14.317373 -27.042763 -31.508107 
-23.252638 -7.700920 -18.645544 -33.870364 -13.306681 -17.173958 -33.300086 -17.089340 -22.820837 -24.515767 -32.368318 -15.152803 -13.361995 -15.591853 -47.716758 -7.042753 -25.992587 -34.178177 -14.777135 -27.877959 -32.062225 
-23.829829 -8.005672 -19.572577 -34.265390 -13.813232 -17.661111 -34.098323 -17.823741 -23.578735 -24.685416 -32.997933 -15.420892 -13.366814 -15.905732 -48.681086 -7.486296 -26.661480 -34.869590 -15.243061 -28.720688 -32.614347 
-24.397822 -8.330492 -20.523321 -34.651681 -14.332642 -18.170003 -34.893284 -18.570330 -24.347290 -24.834489 -33.618685 -15.707514 -13.377414 -16.233046 -49.633539 -7.938506 -27.343115 -35.545286 -15.715052 -29.570441 -33.164358 
-24.955431 -8.676376 -21.497717 -35.029205 -14.865046 -18.701800 -35.684083 -19.328772 -25.126292 -24.962266 -34.229717 -16.014087 -13.394814 -16.574718 -50.572947 -8.399051 -28.037832 -36.203961 -16.193007 -30.426696 -33.712139 
-25.501442 -9.044339 -22.495689 -35.397938 -15.410579 -19.257697 -36.469811 -20.098718 -25.915524 -25.068020 -34.830152 -16.342064 -13.420059 -16.931691 -51.498114 -8.867586 -28.745977 -36.844291 -16.676821 -31.288912 -34.257577 
-26.034615 -9.435416 -23.517149 -35.757862 -15.969371 -19.838914 -37.249539 -20.879802 -26.714761 -25.151016 -35.419097 -16.692932 -13.454221 -17.304930 -52.407829 -9.343749 -29.467904 -37.464926 -17.166387 -32.156532 -34.800556 
-26.553678 -9.850662 -24.561991 -36.108969 -16.541551 -20.446702 -38.022315 -21.671649 -27.523771 -25.210514 -35.995639 -17.068216 -13.498395 -17.695427 -53.300855 -9.827164 -30.203971 -38.064494 -17.661594 -33.028981 -35.340963 
-27.057334 -10.291150 -25.630099 -36.451258 -17.127247 -21.082336 -38.787165 -22.473867 -28.342311 -25.245766 -36.558848 -17.469472 -13.553704 -18.104192 -54.175936 -10.317439 -30.954542 -38.641603 -18.162328 -33.905668 -35.878686 
-27.544258 -10.757976 -26.721337 -36.784736 -17.726583 -21.747121 -39.543093 -23.286050 -29.170131 -25.256019 -37.107776 -17.898295 -13.621295 -18.532261 -55.031795 -10.814169 -31.719991 -39.194834 -18.668471 -34.785986 -36.413613 
-28.013095 -11.252251 -27.835559 -37.109417 -18.339682 -22.442389 -40.289082 -24.107781 -30.006976 -25.240511 -37.641457 -18.356311 -13.702341 -18.980692 -55.867133 -11.316932 -32.500693 -39.722749 -19.179904 -35.669310 -36.945635 
-28.462462 -11.775109 -28.972602 -37.425325 -18.966664 -23.169500 -41.024094 -24.938626 -30.852577 -25.198476 -38.158905 -18.845185 -13.798042 -19.450567 -56.680629 -11.825292 -33.297035 -40.223886 -19.696503 -36.554998 -37.474643 
-28.890949 -12.327703 -30.132288 -37.732491 -19.607648 -23.929841 -41.747067 -25.778140 -31.706662 -25.129139 -38.659117 -19.366613 -13.909623 -19.942988 -57.470944 -12.338799 -34.109405 -40.696758 -20.218142 -37.442391 -38.000527 
-29.297118 -12.911205 -31.314427 -38.030953 -20.262749 -24.724826 -42.456918 -26.625862 -32.568948 -25.031719 -39.141073 -19.922331 -14.038333 -20.459083 -58.236715 -12.856987 -34.938200 -41.139860 -20.744691 -38.330814 -38.523182 
-29.679502 -13.526806 -32.518811 -38.320757 -20.932081 -25.555899 -43.152544 -27.481319 -33.439144 -24.905429 -39.603734 -20.514105 -14.185449 -21.000001 -58.976558 -13.379374 -35.783825 -41.551661 -21.276018 -39.219575 -39.042500 
-30.036605 -14.175719 -33.745220 -38.601958 -21.615756 -26.424529 -43.832817 -28.344023 -34.316953 -24.749476 -40.046042 -21.143739 -14.352274 -21.566915 -59.689070 -13.905465 -36.646687 -41.930608 -21.811987 -40.107964 -39.558378 
-30.366905 -14.859173 -34.993417 -38.874619 -22.313885 -27.332214 -44.496590 -29.213473 -35.202068 -24.563057 -40.466921 -21.813072 -14.540133 -22.161020 -60.372823 -14.434750 -37.527203 -42.275125 -22.352459 -40.995257 -40.070710 
-30.668850 -15.578419 -36.263154 -39.138810 -23.026573 -28.280480 -45.142692 -30.089154 -36.094173 -24.345368 -40.865279 -22.523976 -14.750381 -22.783533 -61.026373 -14.966703 -38.425795 -42.583613 -22.897292 -41.880709 -40.579395 
-30.940861 -16.334728 -37.554164 -39.394610 -23.753927 -29.270880 -45.769932 -30.970537 -36.992946 -24.095592 -41.240002 -23.278361 -14.984397 -23.435697 -61.648250 -15.500784 -39.342890 -42.854453 -23.446342 -42.763562 -41.084330 
-31.181331 -17.129389 -38.866169 -39.642104 -24.496049 -30.304993 -46.377096 -31.857080 -37.898056 -23.812910 -41.589961 -24.078169 -15.243584 -24.118776 -62.236965 -16.036436 -40.278924 -43.086000 -23.999459 -43.643039 -41.585415 
-31.388623 -17.963712 -40.198874 -39.881386 -25.253041 -31.384430 -46.962948 -32.748225 -38.809163 -23.496495 -41.914008 -24.925380 -15.529374 -24.834055 -62.791009 -16.573090 -41.234337 -43.276587 -24.556492 -44.518346 -42.082549 
-31.561075 -18.839025 -41.551972 -40.112559 -26.025000 -32.510824 -47.526233 -33.643404 -39.725921 -23.145512 -42.210977 -25.822006 -15.843221 -25.582844 -63.308850 -17.110161 -42.209576 -43.424526 -25.117288 -45.388674 -42.575634 
-31.696994 -19.756677 -42.925137 -40.335733 -26.812025 -33.685841 -48.065670 -34.542032 -40.647973 -22.759121 -42.479683 -26.770097 -16.186609 -26.366477 -63.788935 -17.647048 -43.205095 -43.528105 -25.681689 -46.253194 -43.064572 
-31.794660 -20.718037 -44.318034 -40.551025 -27.614208 -34.911171 -48.579958 -35.443512 -41.574955 -22.336475 -42.718923 -27.771735 -16.561043 -27.186309 -64.229690 -18.183136 -44.221354 -43.585590 -26.249534 -47.111064 -43.549267 
-31.852324 -21.724491 -45.730308 -40.758561 -28.431643 -36.188534 -49.067775 -36.347232 -42.506497 -21.876720 -42.927476 -28.829040 -16.968058 -28.043717 -64.629520 -18.717795 -45.258819 -43.595222 -26.820659 -47.961423 -44.029622 
-31.868211 -22.777447 -47.161593 -40.958475 -29.264419 -37.519674 -49.527777 -37.252568 -43.442217 -21.378995 -43.104105 -29.944166 -17.409211 -28.940104 -64.986810 -19.250381 -46.317962 -43.555223 -27.394898 -48.803392 -44.505544 
-31.840516 -23.878332 -48.611507 -41.150909 -30.112624 -38.906368 -49.958598 -38.158879 -44.381728 -20.842433 -43.247550 -31.119300 -17.886087 -29.876893 -65.299922 -19.780232 -47.399261 -43.463789 -27.972081 -49.636078 -44.976939 
-31.767405 -25.028593 -50.079654 -41.336012 -30.976345 -40.350415 -50.358848 -39.065514 -45.324634 -20.266161 -43.356538 -32.356667 -18.400297 -30.855531 -65.567197 -20.306675 -48.503202 -43.319095 -28.552034 -50.458569 -45.443713 
-31.647019 -26.229695 -51.565623 -41.513942 -31.855664 -41.853647 -50.727119 -39.971807 -46.270529 -19.649298 -43.429775 -33.658526 -18.953475 -31.877489 -65.786957 -20.829020 -49.630277 -43.119294 -29.134581 -51.269936 -45.905777 
-31.477469 -27.483124 -53.068988 -41.684864 -32.750663 -43.417918 -51.061978 -40.877076 -47.219002 -18.990956 -43.465948 -35.027171 -19.547283 -32.944258 -65.957500 -21.346561 -50.780982 -42.862514 -29.719544 -52.069235 -46.363039 
-31.256836 -28.790385 -54.589309 -41.848951 -33.661421 -45.045116 -51.361972 -41.780628 -48.169631 -18.290243 -43.463729 -36.464930 -20.183409 -34.057354 -66.077104 -21.858580 -51.955822 -42.546863 -30.306740 -52.855504 -46.815410 
-30.983177 -30.153004 -56.126131 -42.006384 -34.588016 -46.737150 -51.625625 -42.681756 -49.121988 -17.546257 -43.421770 -37.974167 -20.863564 -35.218316 -66.144027 -22.364341 -53.155306 -42.170424 -30.895983 -53.627765 -47.262801 
NaN NaN NaN NaN NaN NaN NaN NaN NaN NaN NaN NaN NaN NaN NaN NaN NaN NaN NaN NaN NaN 
NaN NaN NaN NaN NaN NaN NaN NaN NaN NaN NaN NaN NaN NaN NaN NaN NaN NaN NaN NaN NaN 
NaN NaN NaN NaN NaN NaN NaN NaN NaN NaN NaN NaN NaN NaN NaN NaN NaN NaN NaN NaN NaN 
NaN NaN NaN NaN NaN NaN NaN NaN NaN NaN NaN NaN NaN NaN NaN NaN NaN NaN NaN NaN NaN 
