NaN NaN NaN NaN NaN NaN NaN NaN NaN NaN NaN NaN NaN NaN NaN NaN NaN NaN NaN NaN NaN 
NaN NaN NaN NaN NaN NaN NaN NaN NaN NaN NaN NaN NaN NaN NaN NaN NaN NaN NaN NaN NaN 
NaN NaN NaN NaN NaN NaN NaN NaN NaN NaN NaN NaN NaN NaN NaN NaN NaN NaN NaN NaN NaN 
NaN NaN NaN NaN NaN NaN NaN NaN NaN NaN NaN NaN NaN NaN NaN NaN NaN NaN NaN NaN NaN 
NaN NaN NaN NaN NaN NaN NaN NaN NaN NaN NaN NaN NaN NaN NaN NaN NaN NaN NaN NaN NaN 
NaN NaN NaN NaN NaN NaN NaN NaN NaN NaN NaN NaN NaN NaN NaN NaN NaN NaN NaN NaN NaN 
NaN NaN NaN NaN NaN NaN NaN NaN NaN NaN NaN NaN NaN NaN NaN NaN NaN NaN NaN NaN NaN 
NaN NaN NaN -2.549692 -9.364644 -0.093428 -12.158820 -6.143683 -2.681895 -11.745932 -5.987917 8.976289 -11.283537 1.242887 -16.189649 -3.145398 -1.175134 -8.360041 -4.810724 -3.960856 -7.561000 
-1.418462 -5.412293 -5.974135 -11.818545 -1.320658 -3.040922 -2.386680 -8.895604 6.631810 -13.275610 5.887140 -11.106822 -2.751653 -8.663720 -0.294853 -11.472835 -5.481077 -2.554378 -10.896436 -5.608152 9.181675 
-11.600299 1.260731 -15.651748 -2.721514 -0.797299 -8.406708 -5.353244 -3.913584 -6.955148 -1.705041 -5.380309 -6.161974 -10.954565 -1.101588 -3.313750 -1.946787 -8.358602 5.365156 -12.561210 5.312786 -10.528876 
-2.938208 -7.998123 -0.487629 -10.818233 -4.860769 -2.438944 -10.091438 -5.244643 9.343919 -11.871189 1.264779 -15.122383 -2.329976 -0.449914 -8.443103 -5.845907 -3.864868 -6.379256 -1.969906 -5.344322 -6.330147 
-10.133136 -0.902205 -3.560716 -1.542052 -7.847428 4.186347 -11.874731 4.767484 -9.974783 -3.109725 -7.366793 -0.671734 -10.194012 -4.281201 -2.334901 -9.329515 -4.897014 9.465116 -12.098019 1.255999 -14.601592 
-1.969449 -0.131778 -8.469313 -6.290499 -3.814719 -5.832514 -2.213705 -5.304379 -6.479157 -9.353046 -0.721587 -3.782726 -1.171006 -7.361242 3.092256 -11.215492 4.250465 -9.443875 -3.266568 -6.768686 -0.847150 
-9.599181 -3.740839 -2.241565 -8.609264 -4.564891 9.547325 -12.282573 1.235343 -14.089411 -1.638618 0.158293 -8.485422 -6.688781 -3.763149 -5.314119 -2.437075 -5.260526 -6.609505 -8.613097 -0.558830 -3.980671 
-0.832209 -6.899214 2.079805 -10.582821 3.760968 -8.935487 -3.409093 -6.202772 -1.013863 -9.032767 -3.238176 -2.158267 -7.929296 -4.247902 9.592570 -12.426603 1.203741 -13.585871 -1.336189 0.421465 -8.491519 
-7.042487 -3.710168 -4.823280 -2.640648 -5.212813 -6.721686 -7.912101 -0.413044 -4.155430 -0.524239 -6.460529 1.145958 -9.976052 3.298244 -8.448965 -3.537657 -5.668034 -1.171861 -8.493811 -2.771728 -2.084345 
-7.288244 -3.945676 9.602844 -12.531835 1.162107 -13.091002 -1.060888 0.658887 -8.487690 -7.353324 -3.655787 -4.359211 -2.825046 -5.161286 -6.816187 -7.248886 -0.283355 -4.307871 -0.245701 -6.044382 0.287728 
-9.394524 2.861553 -7.983660 -3.652608 -5.163469 -1.321139 -7.981367 -2.340040 -2.019151 -6.684757 -3.657845 9.580106 -12.599963 1.111333 -12.604830 -0.811464 0.871690 -8.474023 -7.622972 -3.600017 -3.921137 
-2.990883 -5.105995 -6.893492 -6.622292 -0.168906 -4.438846 0.004778 -5.649982 -0.497827 -8.837586 2.450166 -7.538930 -3.754291 -4.688088 -1.461693 -7.494504 -1.941678 -1.962048 -6.117502 -3.384042 9.526279 
-12.632653 1.052296 -12.127380 -0.586682 1.060985 -8.450607 -7.853086 -3.542867 -3.508289 -3.138765 -5.046990 -6.954077 -6.031174 -0.068855 -4.549200 0.228545 -5.276548 -1.213602 -8.304588 2.063364 -7.114142 
-3.843048 -4.240915 -1.593523 -7.032306 -1.575236 -1.912408 -5.585166 -3.123903 9.443254 -12.631541 0.985851 -11.658670 -0.385331 1.227868 -8.417530 -8.045293 -3.484346 -3.119907 -3.269288 -4.984319 -6.998414 
-5.474397 0.017623 -4.639761 0.426927 -4.923313 -1.862446 -7.794893 1.700437 -6.708670 -3.919214 -3.820989 -1.716635 -6.593872 -1.239331 -1.869616 -5.086451 -2.877067 9.332888 -12.598235 0.912835 -11.198719 
-0.206219 1.373417 -8.374882 -8.201194 -3.424465 -2.755242 -3.383043 -4.918034 -7.026970 -4.950843 0.091339 -4.711346 0.601225 -4.589521 -2.447161 -7.307865 1.360686 -6.321894 -3.983121 -3.427360 -1.831035 
-6.178314 -0.932607 -1.833067 -4.620080 -2.643172 9.197004 -12.534312 0.834066 -10.747541 -0.048176 1.498689 -8.322753 -8.322363 -3.363230 -2.413549 -3.480609 -4.848184 -7.040204 -4.459405 0.153086 -4.764760 
0.752717 -4.274427 -2.970505 -6.842878 1.043423 -5.953202 -4.035096 -3.059096 -1.936736 -5.784759 -0.653733 -1.802167 -4.184792 -2.421861 9.037390 -12.441320 0.750343 -10.305149 0.089950 1.604727 -8.261233 
-8.410347 -3.300651 -2.094095 -3.562559 -4.774821 -7.038571 -3.998990 0.203644 -4.800796 0.882657 -3.977302 -3.435188 -6.399310 0.747970 -5.601990 -4.075462 -2.715276 -2.033753 -5.412349 -0.401403 -1.776335 
-3.779345 -2.212776 8.855804 -12.320778 0.662447 -9.871549 0.209289 1.692555 -8.190415 -8.466668 -3.236735 -1.796154 -3.629456 -4.697997 -7.022521 -3.568518 0.243773 -4.820233 0.992278 -3.697424 -3.843874 
-5.976549 0.473657 -5.267660 -4.104537 -2.394992 -2.122106 -5.060240 -0.174334 -1.754998 -3.402516 -2.015565 8.653965 -12.174177 0.571139 -9.446749 0.310949 1.763177 -8.110389 -8.492818 -3.171490 -1.519008 
-3.681857 -4.617764 -6.992497 -3.166921 0.274221 -4.823839 1.082785 -3.434088 -4.199181 -5.573986 0.219827 -4.949622 -4.122634 -2.097351 -2.201816 -4.727603 0.028728 -1.737596 -3.053097 -1.829874 8.433563 
-12.002977 0.477162 -9.030752 0.396021 1.817583 -8.021248 -8.490267 -3.104922 -1.261947 -3.720308 -4.534174 -6.948938 -2.793148 0.295718 -4.812368 1.155364 -3.186596 -4.503681 -5.191020 -0.014168 -4.647294 
-4.130063 -1.821475 -2.272912 -4.413622 0.209015 -1.723580 -2.729902 -1.655354 8.196250 -11.808608 0.381238 -8.623556 0.465573 1.856741 -7.923085 -8.460455 -3.037039 -1.024270 -3.745349 -4.447281 -6.892274 
-2.446157 0.308979 -4.786563 1.211174 -2.954267 -4.759900 -4.827057 -0.228967 -4.360099 -4.127128 -1.566498 -2.335422 -4.117499 0.367732 -1.712411 -2.431760 -1.491656 7.943649 -11.592473 0.284074 -8.225159 
0.520653 1.881606 -7.815994 -8.404796 -2.967846 -0.805286 -3.757509 -4.357137 -6.822933 -2.124922 0.314703 -4.747154 1.251352 -2.736429 -4.970316 -4.481509 -0.425196 -4.087469 -4.114129 -1.331567 -2.389381 
-3.838446 0.506059 -1.703563 -2.157519 -1.338434 7.677345 -11.355943 0.186354 -7.835554 0.562288 1.893110 -7.700067 -8.324677 -2.897349 -0.604310 -3.757312 -4.263797 -6.741337 -1.828430 0.313572 -4.694859 
1.277011 -2.532423 -5.137363 -4.153795 -0.603474 -3.828845 -4.091362 -1.115845 -2.434827 -3.575693 0.625151 -1.696520 -1.906046 -1.195344 7.398891 -11.100363 0.088745 -7.454734 0.591486 1.892171 -7.575401 
-8.221461 -2.825554 -0.420667 -3.745271 -4.167316 -6.647900 -1.555679 0.306254 -4.630383 1.289241 -2.341602 -5.263428 -3.843338 -0.764407 -3.583671 -4.059117 -0.918508 -2.471801 -3.328482 0.726139 -1.690776 
-1.676225 -1.062043 7.109807 -10.827046 -0.008104 -7.082685 0.609234 1.879688 -7.442089 -8.096481 -2.752464 -0.253688 -3.721892 -4.067748 -6.543032 -1.305684 0.293399 -4.554419 1.289109 -2.163331 -5.350850 
-3.549572 -0.908592 -3.351401 -4.017682 -0.738744 -2.500349 -3.096071 0.810126 -1.685837 -1.466958 -0.938192 6.811577 -10.537276 -0.103565 -6.719393 0.616497 1.856542 -7.300228 -7.951046 -2.678086 -0.102715 
-3.687672 -3.965149 -6.427138 -1.077471 0.275644 -4.467647 1.277656 -1.996988 -5.401926 -3.271935 -1.036618 -3.131498 -3.967339 -0.575758 -2.520519 -2.877732 0.878194 -1.681221 -1.277166 -0.823452 6.505653 
-10.232309 -0.197028 -6.364841 0.614221 1.823595 -7.149913 -7.786436 -2.602423 0.032903 -3.643099 -3.859575 -6.300616 -0.870078 0.253606 -4.370735 1.255901 -1.841962 -5.418903 -3.009870 -1.149059 -2.923427 
-3.908365 -0.428765 -2.532364 -2.672752 0.931395 -1.676455 -1.105787 -0.717487 6.193453 -9.913370 -0.287901 -6.019006 0.603331 1.781693 -6.991243 -7.603906 -2.525479 0.153807 -3.588655 -3.751081 -6.163859 
-0.682559 0.227891 -4.264338 1.224840 -1.697654 -5.403982 -2.762830 -1.246484 -2.726666 -3.841032 -0.296997 -2.535940 -2.480431 0.970760 -1.671080 -0.951777 -0.619964 5.876361 -9.581656 -0.375612 -5.681866 
0.584733 1.731665 -6.824313 -7.404683 -2.447257 0.260633 -3.524811 -3.639726 -6.017255 -0.513980 0.199086 -4.149099 1.185445 -1.563478 -5.359321 -2.530272 -1.329448 -2.540697 -3.765611 -0.179698 -2.531307 
-2.300086 0.997292 -1.664645 -0.814112 -0.530549 5.555728 -9.238334 -0.459607 -5.353395 0.559309 1.674319 -6.649222 -7.189970 -2.367761 0.354005 -3.452032 -3.525566 -5.861185 -0.363421 0.167761 -4.025650 
1.138664 -1.438859 -5.287027 -2.311660 -1.398497 -2.365010 -3.682364 -0.076127 -2.518530 -2.131046 1.011970 -1.656711 -0.691783 -0.448912 5.232868 -8.884542 -0.539353 -5.033561 0.527925 1.610448 -6.466069 
-6.960940 -2.286992 0.434541 -3.370772 -3.408659 -5.696026 -0.229973 0.134474 -3.894607 1.085422 -1.323236 -5.189165 -2.106466 -1.454168 -2.199103 -3.591551 0.014446 -2.497675 -1.972656 1.015748 -1.646852 
-0.583803 -0.374727 4.909067 -8.521388 -0.614333 -4.722333 0.491422 1.540825 -6.274952 -6.718743 -2.204952 0.502849 -3.281480 -3.289063 -5.522147 -0.112744 0.099764 -3.756577 1.026620 -1.216057 -5.067752 
-1.914166 -1.496987 -2.042479 -3.493427 0.092734 -2.468814 -1.824274 1.009554 -1.634650 -0.489198 -0.307666 4.585571 -8.149952 -0.684051 -4.419676 0.450625 1.466208 -6.075971 -6.464498 -2.121644 0.559530 
-3.184593 -3.166837 -5.339915 -0.010851 0.064155 -3.612153 0.963135 -1.116785 -4.924759 -1.734244 -1.527468 -1.894652 -3.388243 0.159439 -2.432021 -1.685275 0.994291 -1.619701 -0.407017 -0.247405 4.263597 
-7.771284 -0.748029 -4.125550 0.406334 1.387334 -5.869226 -6.199301 -2.037069 0.605176 -3.080543 -3.042040 -5.149688 0.076572 0.028156 -3.461915 0.895822 -1.024894 -4.762109 -1.566192 -1.546118 -1.755139 
-3.276244 0.215246 -2.387376 -1.555046 0.970838 -1.601610 -0.336324 -0.193622 3.944325 -7.386403 -0.805808 -3.839914 0.359331 1.304924 -5.654818 -5.924220 -1.951228 0.640370 -2.969752 -2.914733 -4.951820 
0.150379 -0.007741 -3.306433 0.825511 -0.939870 -4.581683 -1.409505 -1.553432 -1.623468 -3.157673 0.260829 -2.334960 -1.432989 0.940047 -1.579993 -0.276202 -0.145998 3.628904 -6.996303 -0.856949 -3.562725 
0.310379 1.219681 -5.432849 -5.640297 -1.864121 0.665687 -2.852633 -2.784974 -4.746659 0.211412 -0.043060 -3.146261 0.753008 -0.861211 -4.385311 -1.263689 -1.549895 -1.499173 -3.032766 0.296847 -2.274860 
-1.318522 0.902747 -1.554480 -0.225752 -0.104214 3.318448 -6.601943 -0.901030 -3.293934 0.260217 1.132291 -5.203419 -5.348546 -1.775748 0.681696 -2.729592 -2.652825 -4.534547 0.260498 -0.077339 -2.981944 
0.679099 -0.788428 -4.174780 -1.128251 -1.535983 -1.381794 -2.901755 0.323946 -2.207166 -1.211076 0.859739 -1.524707 -0.184094 -0.067954 3.014035 -6.204257 -0.937649 -3.033492 0.209565 1.043419 -4.966632 
-5.049956 -1.686109 0.688954 -2.601026 -2.518347 -4.315821 0.298452 -0.110135 -2.814013 0.604541 -0.721042 -3.951830 -1.002710 -1.512159 -1.270880 -2.764869 0.342758 -2.131971 -1.110097 0.811800 -1.490326 
-0.150363 -0.036904 2.716713 -5.804149 -0.966423 -2.781345 0.159124 0.953716 -4.722590 -4.745488 -1.595204 0.688010 -2.467324 -2.381601 -4.090813 0.326075 -0.141019 -2.642985 0.530072 -0.658588 -3.718154 
-0.886588 -1.478878 -1.165987 -2.622331 0.353902 -2.049372 -1.015046 0.759684 -1.450997 -0.123717 -0.010752 2.427494 -5.402491 -0.986988 -2.537438 0.109572 0.863813 -4.471396 -4.436077 -1.503031 0.679408 
-2.328867 -2.242650 -3.859849 0.344155 -0.169576 -2.469368 0.456404 -0.600613 -3.475400 -0.779415 -1.436586 -1.066677 -2.474361 0.357980 -1.959470 -0.925396 0.704117 -1.406393 -0.103327 0.010812 2.147358 
-5.000130 -0.998998 -2.301710 0.061569 0.774324 -4.213156 -4.122632 -1.409588 0.663681 -2.186026 -2.101555 -3.623247 0.353465 -0.195412 -2.293655 0.384226 -0.546675 -3.225168 -0.680727 -1.385715 -0.972521 
-2.321171 0.355585 -1.862370 -0.840638 0.645800 -1.356197 -0.088385 0.028096 1.877248 -4.597879 -1.002127 -2.074100 0.015752 0.685845 -3.947973 -3.806033 -1.314874 0.641353 -2.039165 -1.958381 -3.381323 
0.354769 -0.218143 -2.116326 0.314204 -0.496346 -2.969014 -0.590067 -1.326691 -0.883097 -2.162973 0.347292 -1.758180 -0.760275 0.585410 -1.300102 -0.078101 0.041406 1.618076 -4.196525 -0.996067 -1.854544 
-0.027260 0.598953 -3.675953 -3.487137 -1.218886 0.612940 -1.888640 -1.813190 -3.134385 0.348813 -0.237405 -1.937852 0.246980 -0.449207 -2.708447 -0.506983 -1.259927 -0.797988 -1.999972 0.333666 -1.647012 
-0.683827 0.523600 -1.237815 -0.071702 0.051046 1.370719 -3.796825 -0.980529 -1.642972 -0.066871 0.514210 -3.397202 -3.166772 -1.121622 0.578953 -1.734797 -1.666046 -2.882737 0.336332 -0.252849 -1.758688 
0.183173 -0.404854 -2.444928 -0.431033 -1.185826 -0.716788 -1.832369 0.315255 -1.528983 -0.610824 0.460993 -1.169051 -0.068433 0.057318 1.136022 -3.399506 -0.955245 -1.439315 -0.102504 0.432158 -3.111825 
-2.845739 -1.023079 0.539889 -1.577977 -1.517014 -2.626675 0.318048 -0.264140 -1.579279 0.123376 -0.362894 -2.179873 -0.361778 -1.104783 -0.639095 -1.660360 0.292595 -1.404211 -0.540816 0.398193 -1.093538 
-0.067559 0.060522 0.914794 -3.005266 -0.919962 -1.243499 -0.133602 0.353320 -2.819931 -2.524814 -0.923253 0.496242 -1.418508 -1.366159 -2.366493 0.294670 -0.270961 -1.400055 0.068162 -0.322946 -1.914654 
-0.298787 -1.017181 -0.564516 -1.484137 0.266209 -1.272820 -0.473363 0.335774 -1.011015 -0.068360 0.060956 0.707812 -2.614774 -0.874449 -1.055446 -0.159630 0.278205 -2.521625 -2.204745 -0.822139 0.448493 
-1.256714 -1.213546 -2.102476 0.266891 -0.273011 -1.221437 0.018078 -0.284641 -1.650594 -0.241636 -0.923393 -0.492666 -1.303888 0.236603 -1.134937 -0.408042 0.274288 -0.921231 -0.070137 0.058916 0.515817 
-2.228669 -0.818493 -0.875077 -0.180073 0.207301 -2.217016 -1.886255 -0.719734 0.397118 -1.092908 -1.059241 -1.834904 0.235394 -0.270003 -1.043830 -0.026351 -0.247622 -1.388970 -0.189906 -0.823781 -0.423165 
-1.119795 0.204273 -0.990692 -0.344444 0.214259 -0.823947 -0.072207 0.054696 0.339518 -1.847561 -0.751900 -0.702310 -0.194435 0.141078 -1.906213 -1.570038 -0.616033 0.342584 -0.927395 -0.903310 -1.564053 
0.200848 -0.261668 -0.867628 -0.064625 -0.211545 -1.131013 -0.143185 -0.718699 -0.355642 -0.932037 0.169700 -0.840221 -0.282173 0.156188 -0.718934 -0.073906 0.048587 0.179591 -1.472031 -0.674495 -0.537058 
-0.202242 0.079992 -1.589325 -1.256763 -0.511031 0.285347 -0.760473 -0.745819 -1.290193 0.163906 -0.247750 -0.693215 -0.096266 -0.176077 -0.877910 -0.101070 -0.608490 -0.289732 -0.740787 0.133350 -0.683660 
-0.220851 0.100549 -0.605975 -0.074589 0.040880 0.036675 -1.102630 -0.586121 -0.379234 -0.203042 0.024476 -1.266461 -0.947072 -0.404722 0.225858 -0.592429 -0.586837 -1.013587 0.125212 -0.228013 -0.520958 
-0.120822 -0.140898 -0.630798 -0.063161 -0.493485 -0.225080 -0.546216 0.095676 -0.521153 -0.160110 0.047794 -0.484865 -0.073626 0.031863 -0.088621 -0.739880 -0.486641 -0.228745 -0.196400 -0.025051 -0.937732 
-0.641581 -0.297100 0.164559 -0.423546 -0.426431 -0.734494 0.085394 -0.202233 -0.351214 -0.137862 -0.105699 -0.390770 -0.029066 -0.374008 -0.161335 -0.348488 0.057118 -0.352843 -0.099600 -0.001654 -0.355407 
-0.070407 0.021821 -0.195724 -0.384274 -0.375937 -0.085498 -0.181903 -0.068189 -0.603249 -0.340878 -0.188159 0.101881 -0.254094 -0.264669 -0.453166 0.045066 -0.170203 -0.184329 -0.146980 -0.070184 -0.158873 
0.001600 -0.250370 -0.098155 -0.147763 0.018102 -0.178882 -0.038984 -0.047395 -0.217419 -0.064342 0.011039 -0.284094 -0.036276 -0.253908 0.050605 -0.159160 -0.104556 -0.263122 -0.045525 -0.077892 0.038250 
-0.084337 -0.101620 -0.169849 0.004831 -0.131734 -0.020634 -0.147793 -0.034070 0.063893 0.029215 -0.122872 -0.035204 0.055802 -0.020961 0.000579 0.022060 -0.089055 -0.070727 -0.054856 -0.000202 -0.353225 
0.303681 -0.120474 0.179665 -0.127798 -0.133789 0.082536 0.243941 0.033708 -0.025919 0.085469 0.062647 0.115214 -0.034722 -0.086651 0.139551 -0.139941 0.002917 0.276573 0.054153 0.008192 0.027844 
0.262057 -0.059672 0.185382 0.083841 -0.126285 0.084831 -0.041394 -0.011621 -0.402646 0.635191 0.024426 0.301784 -0.087467 -0.155540 0.433612 0.527013 0.146649 -0.090217 0.255077 0.228063 0.401787 
-0.073017 -0.034794 0.295919 -0.123089 0.041035 0.478261 0.076778 0.142542 0.091310 0.470854 -0.097647 0.375368 0.146652 -0.158760 0.249406 -0.023417 -0.022942 -0.431917 0.957880 0.180835 0.417069 
-0.037835 -0.169482 0.789995 0.803207 0.260939 -0.154245 0.424248 0.394557 0.689642 -0.109493 0.023979 0.448176 -0.096925 0.080534 0.668094 0.097451 0.279905 0.155508 0.682052 -0.134515 0.570372 
0.210771 -0.186182 0.423137 -0.000405 -0.033888 -0.440635 1.271401 0.348778 0.525629 0.021408 -0.175302 1.151569 1.072069 0.376586 -0.217613 0.592752 0.562059 0.978552 -0.143601 0.089796 0.596040 
-0.061160 0.121649 0.845257 0.116524 0.420022 0.220743 0.895512 -0.169919 0.770226 0.276463 -0.208278 0.606153 0.028141 -0.044185 -0.428427 1.575437 0.528259 0.627576 0.090551 -0.172709 1.518222 
1.333169 0.493599 -0.279937 0.760368 0.730498 1.268300 -0.174805 0.162768 0.739239 -0.015528 0.164602 1.008982 0.134343 0.562641 0.287314 1.111101 -0.203516 0.974758 0.343977 -0.224799 0.798571 
0.062708 -0.053562 -0.394957 1.869701 0.719265 0.723025 0.169864 -0.161427 1.889838 1.586105 0.611987 -0.340843 0.926881 0.899802 1.558671 -0.202583 0.242989 0.877518 0.040211 0.209607 1.158544 
0.151248 0.707521 0.355512 1.328690 -0.234977 1.183794 0.413550 -0.235522 1.000498 0.103759 -0.061748 -0.339922 2.153934 0.921762 0.812095 0.259596 -0.141199 2.266301 1.830501 0.731760 -0.399966 
1.092086 1.069899 1.849459 -0.226425 0.330541 1.010632 0.106275 0.256863 1.293268 0.167571 0.854431 0.425621 1.548155 -0.263985 1.397154 0.485401 -0.240249 1.212030 0.151742 -0.068476 -0.263052 
2.427909 1.135700 0.894905 0.359976 -0.111786 2.647497 2.066008 0.852928 -0.456947 1.255785 1.240717 2.140461 -0.245836 0.425486 1.138346 0.182859 0.306556 1.412523 0.183641 1.003150 0.497918 
1.769376 -0.290239 1.614656 0.559738 -0.238807 1.433251 0.207087 -0.073480 -0.164111 2.691424 1.361007 0.971581 0.471210 -0.072965 3.033309 2.292305 0.975501 -0.511438 1.417791 1.412182 2.431480 
-0.260332 0.527872 1.260443 0.270134 0.358863 1.515725 0.199775 1.153470 0.572673 1.992238 -0.313451 1.836113 0.636753 -0.231049 1.664233 0.270204 -0.076496 -0.042897 2.944311 1.597593 1.042248 
0.593486 -0.024533 3.423620 2.509093 1.099490 -0.563098 1.577923 1.584223 2.722327 -0.269446 0.637731 1.376714 0.368247 0.413947 1.602335 0.216289 1.305189 0.650147 2.216630 -0.333346 2.061335 
0.716622 -0.216852 1.905041 0.341488 -0.077262 0.100757 3.186428 1.845351 1.107037 0.726972 0.033696 3.818311 2.716106 1.224906 -0.611594 1.736009 1.756763 3.012815 -0.272721 0.755078 1.486964 
0.477322 0.471958 1.671862 0.233489 1.458117 0.730596 2.442446 -0.349663 2.290128 0.799509 -0.196119 2.155723 0.421313 -0.075520 0.266988 3.417664 2.104153 1.166081 0.871813 0.101890 4.217266 
2.913100 1.351762 -0.656603 1.891886 1.929731 3.302765 -0.269714 0.879915 1.591010 0.597458 0.533036 1.723860 0.251676 1.612075 0.814267 2.669583 -0.362156 2.522295 0.885563 -0.168778 2.416322 
0.510037 -0.071010 0.455895 3.637936 2.373854 1.219514 1.028136 0.180200 4.620366 3.099858 1.480069 -0.697809 2.045397 2.103049 3.592003 -0.259995 1.012225 1.688682 0.728733 0.597308 1.757930 
0.271143 1.766893 0.901400 2.897945 -0.370591 2.757634 0.974916 -0.134782 2.686865 0.607998 -0.063477 0.667545 3.847192 2.654286 1.267476 1.196045 0.268759 5.027491 3.276193 1.609839 -0.734904 
2.196396 2.276644 3.880361 -0.243149 1.151976 1.779822 0.871200 0.664888 1.773719 0.292178 1.922411 0.992228 3.127439 -0.374749 2.995940 1.067690 -0.094110 2.967371 0.715517 -0.052667 0.901972 
4.045408 2.945268 1.310108 1.375626 0.367680 5.438522 3.441941 1.741085 -0.767590 2.344745 2.450439 4.167675 -0.218773 1.299122 1.864285 1.024887 0.735880 1.770920 0.315061 2.078481 1.086977 
3.357977 -0.374423 3.237004 1.163988 -0.046764 3.257846 0.832898 -0.038330 1.159175 4.232590 3.246595 1.347555 1.566942 0.477062 5.853338 3.596965 1.873822 -0.795576 2.490312 2.624358 4.453790 
-0.186476 1.453598 1.941938 1.189801 0.810374 1.749272 0.340068 2.234963 1.185866 3.589474 -0.369422 3.480615 1.263902 0.007226 3.558287 0.960425 -0.020214 1.439120 4.408773 3.558046 1.379964 
1.770039 0.596983 6.271818 3.741158 2.008061 -0.818580 2.632977 2.798324 4.738552 -0.145884 1.615325 2.012661 1.365925 0.888449 1.708560 0.367465 2.391729 1.289105 3.821852 -0.359568 3.726555 
1.367506 0.067806 3.868678 1.098366 0.001928 1.741738 4.574021 3.879380 1.407486 1.984939 0.727503 6.693842 3.874435 2.143818 -0.836328 2.772625 2.972261 5.021817 -0.096631 1.784209 2.076344 
1.553216 0.970170 1.648617 0.397515 2.548659 1.396899 4.055036 -0.344696 3.974605 1.474864 0.134897 4.188992 1.246968 0.028341 2.066927 4.728428 4.210337 1.430273 2.211644 0.868668 7.119286 
3.996741 2.281106 -0.848555 2.909151 3.146090 5.303444 -0.038370 1.960138 2.132893 1.751611 1.055594 1.569320 0.430471 2.705645 1.509444 4.288955 -0.324656 4.224542 1.586022 0.208396 4.519193 
1.406463 0.059269 2.414553 4.872117 4.550639 1.448483 2.450139 1.020502 7.548030 4.108047 2.419942 -0.855004 3.042458 3.319734 5.583298 0.029237 2.142984 2.182225 1.961021 1.144761 1.470594 
0.466582 2.862589 1.626929 4.523544 -0.299310 4.476137 1.701012 0.288172 4.859232 1.577063 0.094954 2.784445 5.005241 4.899988 1.462274 2.700383 1.183014 7.979948 4.208348 2.560339 -0.855425 
3.172458 3.493113 5.861250 0.106514 2.332606 2.224268 2.181334 1.237703 1.352408 0.506090 3.019403 1.749536 4.758742 -0.268535 4.729160 1.819853 0.374071 5.209050 1.758963 0.135635 3.176401 
5.127980 5.258068 1.471809 2.962320 1.356193 8.414918 4.297670 2.702314 -0.849580 3.299071 3.666149 6.137178 0.193769 2.528845 2.258964 2.412414 1.334436 1.214780 0.549230 3.176008 1.877440 
4.994492 -0.232221 4.983376 1.942549 0.465912 5.568575 1.952340 0.181551 3.590183 5.240547 5.624544 1.477253 3.235869 1.540011 8.852816 4.376062 2.845883 -0.837235 3.422223 3.838762 6.410962 
0.291300 2.731526 2.286268 2.654103 1.434969 1.057773 0.596230 3.332338 2.010809 5.230742 -0.190274 5.238547 2.069087 0.563492 5.937727 2.157351 0.232936 4.025520 5.343181 5.999060 1.478774 
3.520931 1.734423 9.293516 4.443602 2.991063 -0.818168 3.541853 4.010873 6.682491 0.399390 2.940458 2.306146 2.906219 1.539293 0.881495 0.647312 3.488333 2.149802 5.467443 -0.142610 5.494431 
2.199444 0.666580 6.316411 2.374137 0.290025 4.482109 5.436153 6.381245 1.476542 3.817386 1.939365 9.736894 4.500393 3.137869 -0.792164 3.657904 4.182400 6.951658 0.518310 3.155436 2.318577 
3.168554 1.647392 0.686101 0.702692 3.643947 2.294573 5.704554 -0.089162 5.750781 2.333579 0.774920 6.704526 2.602821 0.353049 4.959611 5.519760 6.770706 1.470732 4.125093 2.154756 10.182823 
4.546565 3.286320 -0.759014 3.770330 4.353263 7.218362 0.648316 3.376236 2.323553 3.440879 1.759234 0.471794 0.762579 3.799142 2.445266 5.942034 -0.029874 6.007347 2.471438 0.888231 7.101955 
2.843506 0.422238 5.457654 5.594332 7.167031 1.461522 4.443892 2.380497 10.631177 4.582275 3.436433 -0.718522 3.879091 4.523380 7.482508 0.789651 3.602622 2.321077 3.722942 1.874778 0.238820 
0.827175 3.953892 2.602021 6.179851 0.035293 6.263878 2.612952 1.006209 7.508573 3.096279 0.497819 5.975831 5.660226 7.569792 1.449089 4.773601 2.616472 11.081829 4.607707 3.588227 -0.670497 
3.984159 4.692669 7.744006 0.942547 3.834339 2.311166 4.014465 1.993969 -0.012525 0.896677 4.108179 2.764968 6.417973 0.106367 6.520114 2.758038 1.128521 7.924243 3.361209 0.580018 6.513704 
5.717829 7.978539 1.433619 5.114017 2.862544 11.534651 4.623071 3.741720 -0.614757 4.085510 4.861048 8.002772 1.107220 4.071116 2.293848 4.315147 2.116741 -0.281903 0.971273 4.261997 2.934231 
6.656377 0.183361 6.775797 2.906597 1.254813 8.348817 3.638344 0.669059 7.070800 5.767558 8.392804 1.415295 5.464918 3.118562 11.989515 4.628603 3.896930 -0.551129 4.183132 5.028434 8.258727 
1.283874 4.312669 2.269165 4.624666 2.243015 -0.568926 1.051146 4.415349 3.109925 6.895042 0.266275 7.030660 3.058519 1.384701 8.782135 3.927718 0.765163 7.646610 5.809857 8.812102 1.394308 
5.826062 3.384356 12.446293 4.624568 4.053878 -0.479449 4.277018 5.194744 8.511798 1.472700 4.558696 2.237170 4.942673 2.372700 -0.873162 1.136473 4.568248 3.292162 7.133950 0.355095 7.284436 
3.213675 1.517781 9.224027 4.229343 0.868549 8.240594 5.845202 9.235926 1.370848 6.197184 3.659736 12.904855 4.611255 4.212582 -0.399559 4.367173 5.359894 8.761919 1.673874 4.808880 2.197929 
5.268798 2.505694 -1.194132 1.227424 4.720719 3.481041 7.373092 0.449792 7.536853 3.371925 1.653619 9.674313 4.543217 0.979435 8.852178 5.874098 9.663753 1.345110 6.578001 3.944498 13.365071 
4.588980 4.373064 -0.311312 4.453608 5.523799 9.009027 1.887561 5.062886 2.151522 5.602646 2.641881 -1.531311 1.324161 4.872796 3.676659 7.612458 0.550325 7.787636 3.533113 1.791760 10.132799 
4.869316 1.098038 9.480753 5.897077 10.095037 1.317292 6.968207 4.238416 13.826812 4.558088 4.535343 -0.214567 4.536342 5.686376 9.253067 2.113911 5.320366 2.098038 5.943798 2.781136 -1.884128 
1.426842 5.024521 3.879101 7.852048 0.656639 8.036504 3.697069 1.931721 10.599282 5.207602 1.224569 10.125676 5.914703 10.529219 1.287594 7.367479 4.541251 14.289945 4.518947 4.699441 -0.109194 
4.615404 5.847538 9.493987 2.353062 5.580954 2.037582 6.291814 2.923317 -2.251966 1.535617 5.175951 4.088448 8.091863 0.768663 8.283176 3.863607 2.072994 11.073549 5.558014 1.359242 10.786272 
5.927567 10.965716 1.256219 7.775469 4.852741 14.754340 4.471956 4.865378 0.004931 4.690830 6.007199 9.731744 2.605139 5.844271 1.970269 6.646227 3.068276 -2.634160 1.650628 5.327150 4.304773 
8.331908 0.886316 8.527363 4.032530 2.215048 11.555372 5.920477 1.502264 11.461832 5.936292 11.403928 1.223375 8.191814 5.172610 15.219864 4.417536 5.033178 0.127922 4.762665 6.165275 9.966297 
2.870250 6.109917 1.896228 7.006549 3.215847 -3.030000 1.772014 5.478191 4.528141 8.572196 1.009501 8.768776 4.203622 2.357325 12.044516 6.294897 1.653845 12.151611 5.941528 11.843236 1.189270 
8.616125 5.500562 15.686385 4.356138 5.202861 0.259885 4.830962 6.321678 10.197614 3.148496 6.377482 1.815598 7.372268 3.365856 -3.438731 1.899905 5.629160 4.758610 8.812741 1.138107 9.007119 
4.376657 2.499241 12.540733 6.681161 1.814189 12.854832 5.943955 12.283003 1.154117 9.047996 5.836285 16.153770 4.288238 5.374451 0.400920 4.895782 6.476320 10.425665 3.439959 6.646536 1.728534 
7.742847 3.518116 -3.859551 2.034424 5.780153 4.996231 9.053563 1.272011 9.242097 4.551391 2.640189 13.043763 7.079139 1.983500 13.570684 5.944284 12.722571 1.118130 9.486999 6.179448 16.621885 
4.214339 5.547970 0.551114 4.957196 6.629115 10.650430 3.744711 6.916635 1.635201 8.117728 3.672427 -4.291609 2.175691 5.931273 5.241048 9.294687 1.411073 9.473405 4.727567 2.779535 13.553338 
7.488681 2.161979 14.298323 5.943252 13.161266 1.081528 9.932686 6.529702 17.090595 4.134971 5.723442 0.710549 5.015281 6.779974 10.871891 4.062809 7.187318 1.535777 8.496326 3.828577 -4.734013 
2.323814 6.082637 5.493096 9.536141 1.555143 9.700740 4.904913 2.916621 14.069177 7.909621 2.349826 15.036869 5.941628 13.598391 1.044533 10.384590 6.886681 17.559765 4.050690 5.900890 0.879299 
5.070124 6.928809 11.090037 4.394298 7.458109 1.430453 8.878036 3.986342 -5.185820 2.478899 6.234371 5.752405 9.777960 1.704055 9.923792 5.083144 3.050764 14.590986 8.341776 2.547238 15.785411 
5.940210 14.033235 1.007368 10.842220 7.250000 18.029261 3.962080 6.080340 1.057426 5.121820 7.075531 11.304862 4.739210 7.728516 1.319430 9.262227 4.145488 -5.646044 2.641044 6.386609 6.018996 
10.020181 1.857630 10.142248 5.261959 3.181254 15.118464 8.784940 2.754411 16.543002 5.939824 14.465063 0.970259 11.305068 7.619258 18.498947 3.869749 6.261814 1.244988 5.170473 7.220050 11.516367 
5.097561 7.998031 1.202926 9.648246 4.305765 -6.113650 2.810341 6.539498 6.292884 10.262846 2.015675 10.355792 5.441043 3.307358 15.651296 9.238895 2.971538 17.308663 5.941326 14.893126 0.933438 
11.772603 7.994034 18.968684 3.774334 6.445339 1.442033 5.216192 7.362276 11.724558 5.469358 8.266130 1.081167 10.035415 4.466914 -6.587560 2.986873 6.693194 6.574076 10.506002 2.177983 10.564103 
5.620066 3.428316 16.189157 9.703401 3.198810 18.081379 5.945602 15.316653 0.897137 12.244274 8.373891 19.438338 3.676499 6.630940 1.648598 5.259100 7.502120 11.929444 5.854591 8.532273 0.954394 
10.423034 4.628663 -7.066647 3.170719 6.847863 6.862572 10.749701 2.344335 10.766857 5.798684 3.543344 16.731710 10.178200 3.436418 18.860104 5.953567 15.734854 0.861592 12.719512 8.758373 19.907769 
3.576932 6.818643 1.864716 5.299323 7.639489 12.131045 6.253238 8.795904 0.822860 10.810377 4.790727 -7.549739 3.361951 7.003683 7.158363 10.993999 2.514495 10.963727 5.976538 3.651632 17.278609 
10.663019 3.684547 19.643755 5.966164 16.146922 0.827041 13.197724 9.147008 20.376841 3.476349 7.008473 2.090408 5.336998 7.774292 12.329381 6.665264 9.056453 0.686829 11.196697 4.952811 -8.035618 
3.560634 7.160838 7.461436 11.238956 2.688217 11.154381 6.153256 3.752346 17.829495 11.157564 3.943385 20.431219 5.984368 16.552029 0.793727 13.678299 9.539303 20.845413 3.375494 7.200458 2.325690 
5.372270 7.906439 12.524481 7.090621 9.313331 0.546580 11.581223 5.114606 -8.523019 3.766827 7.319527 7.771769 11.484637 2.865238 11.338485 6.328450 3.844626 18.383998 11.661523 4.213114 21.221346 
6.009180 16.949331 0.761893 14.160604 9.934750 21.313346 3.275136 7.394625 2.570566 5.405292 8.035835 12.716380 7.529247 9.565935 0.402401 11.963159 5.275792 -9.010632 3.980583 7.479956 8.089331 
11.731112 3.045282 11.515698 6.501718 3.927586 18.941738 12.174567 4.493915 22.012953 6.041634 17.337961 0.731788 14.643986 10.332822 21.780501 3.176071 7.591000 2.825034 5.436226 8.162390 12.905116 
7.981067 9.813645 0.254597 12.341686 5.436035 -9.497099 4.201945 7.642342 8.414086 11.978455 3.228062 11.685680 6.672644 4.000317 19.502324 12.696350 4.785969 22.804825 6.082789 17.717036 0.703663 
15.127771 10.732975 22.246738 3.079121 7.789612 3.089083 5.465242 8.286008 13.090734 8.445993 10.055828 0.103481 12.715963 5.594992 -9.981017 4.430955 7.806913 8.745991 12.226743 3.413274 11.848082 
6.840796 4.061882 20.065352 13.226506 5.089451 23.595712 6.133738 18.085654 0.677770 15.611266 11.134645 22.711914 2.985135 7.990489 3.362694 5.492518 8.406597 13.273286 8.923923 10.291832 -0.050620 
13.085124 5.752306 -10.460936 4.667644 7.973907 9.084994 12.476061 3.600601 12.002556 7.005730 4.111322 20.630409 13.764651 5.404538 24.384329 6.195600 18.442893 0.654366 16.093757 11.537253 23.175889 
2.894991 8.193660 3.645839 5.518241 8.524063 13.452827 9.414743 10.520990 -0.207364 13.448279 5.907607 -10.935362 4.912038 8.143570 9.431037 12.726496 3.789713 12.148748 7.166984 4.147650 21.197069 
14.310385 5.731403 25.169359 6.269525 18.787812 0.633711 16.574507 11.940200 23.638520 2.809590 8.399154 3.938482 5.542605 8.638310 13.629419 9.918324 10.742619 -0.366401 13.804516 6.060515 -11.402752 
5.164157 8.316162 9.784054 12.978139 3.980266 12.286300 7.324085 4.169854 21.764898 14.863286 6.070218 25.949450 6.356691 19.119453 0.616067 17.052763 12.342871 24.099665 2.729861 8.607000 4.240579 
5.565814 8.749244 13.803129 10.434525 10.956021 -0.527365 14.152897 6.210637 -11.861517 5.424013 8.491949 10.143971 13.231087 4.171902 12.414850 7.476544 4.176900 22.333449 15.422919 6.421151 26.723218 
6.458306 19.436837 0.601699 17.527748 12.744632 24.559181 2.656760 8.817227 4.552076 5.588078 8.856768 13.974031 10.963191 11.160481 -0.689880 14.492464 6.357568 -12.310024 5.691614 8.671211 10.510709 
13.485441 4.364250 12.534035 7.623858 4.167725 22.902262 15.988827 6.784369 27.489244 6.575607 19.738967 0.590876 17.998665 13.144831 25.016923 2.591270 9.029867 4.872912 5.609620 8.960788 14.142204 
11.504155 11.355269 -0.853555 14.822232 6.500891 -12.746592 5.966959 8.854235 10.884180 13.741307 4.556924 12.643486 7.765508 4.141242 23.470869 16.560536 7.160039 28.246074 6.709862 20.024827 0.583868 
18.464698 13.542800 25.472747 2.534400 9.244951 5.203019 5.630665 9.061205 14.307731 12.057235 11.539639 -1.017989 15.141194 6.640176 -13.169495 6.250041 9.041321 11.264289 13.998795 4.749525 12.742829 
7.900962 4.096341 24.038790 17.137555 7.548324 28.992222 6.862366 20.293381 0.580950 18.925009 13.937850 25.926509 2.487185 9.462508 5.542317 5.651452 9.157923 14.470703 12.622237 11.712828 -1.182768 
15.448320 6.774982 -13.576958 6.540848 9.232777 11.650933 14.258018 4.941639 12.831690 8.029673 4.031884 24.605534 17.719375 7.949384 29.726169 7.034445 20.543577 0.582399 19.378740 14.329276 26.378062 
2.450688 9.682570 5.890721 5.672225 9.250845 14.631216 13.198954 11.874059 -1.347465 15.742555 6.904855 -13.967163 6.839358 9.428921 12.044004 14.519098 5.132842 12.909688 8.151080 3.946708 25.170598 
18.305466 8.363379 30.446360 7.227453 20.774341 0.588494 19.825014 14.716356 26.827261 2.425997 9.905171 6.248135 5.693237 9.339873 14.789369 13.787163 12.022538 -1.511640 16.022822 7.029330 -14.338245 
7.145547 9.630085 12.443384 14.782156 5.322692 12.976440 8.264607 3.839626 25.733470 18.895283 8.790467 31.151207 7.442773 20.984581 0.599520 20.262930 15.098350 27.273959 2.414229 10.130341 6.614458 
5.714750 9.424908 14.945271 14.386631 12.157455 -1.674841 16.288019 7.147930 -14.688292 7.459382 9.836605 12.848949 15.047321 5.510735 13.031559 8.369664 3.709426 26.293623 19.488262 9.230801 31.839089 
7.681821 21.173187 0.615761 20.691570 15.474498 27.718009 2.416526 10.358113 6.989576 5.737034 9.505850 15.099034 14.997111 12.277984 -1.836606 16.537021 7.260164 -15.015345 7.780823 10.048833 13.260568 
15.314725 5.696503 13.074654 8.465646 3.554870 26.850524 20.083821 9.684537 32.508351 7.946037 21.339030 0.637508 21.109994 15.844025 28.159262 2.434056 10.588521 7.373371 5.760367 9.582602 15.250775 
15.618341 12.383284 -1.996455 16.768680 7.365531 -15.317401 8.109823 10.267127 13.678103 15.584506 5.879515 13.105330 8.551933 3.374695 27.403625 20.681360 10.151825 33.157302 8.236894 21.480960 0.665050 
21.517241 16.206136 28.597572 2.468015 10.821598 7.765714 5.785036 9.655062 15.400618 16.250048 12.472497 -2.153902 16.981824 7.463517 -15.592410 8.446332 10.491859 14.101406 15.856806 6.059276 13.123189 
8.627893 3.167613 27.952369 21.280261 10.632814 33.784222 8.555893 21.597811 0.698684 21.912331 16.560019 29.032788 2.519625 11.057378 8.166469 5.811336 9.723131 15.548693 16.891943 12.544751 -2.308444 
17.175257 7.553595 -15.838274 8.790290 10.723406 14.530326 16.131769 6.235276 13.127828 8.692876 2.932311 28.496186 21.879887 11.127651 34.387352 8.904565 21.688397 0.738707 22.294262 16.904845 29.464762 
2.590135 11.295895 8.575490 5.839570 9.786707 15.695134 17.543727 12.599155 -2.459568 17.347760 7.635228 -16.052851 9.141631 10.962161 14.964701 16.409548 6.406993 13.118843 8.746219 2.667449 29.034498 
22.479584 11.636482 34.964903 9.284470 21.751511 0.785419 22.662013 17.239766 29.893344 2.680819 11.537184 8.992624 5.870049 9.845689 15.840081 18.205085 12.634806 -2.606747 17.498090 7.707866 -16.233953 
9.500283 11.208523 15.404364 16.690296 6.573889 13.095823 8.787247 2.371665 29.566714 23.078679 12.159449 35.515051 9.697197 21.785931 0.839125 23.014540 17.563916 30.318382 2.792982 11.781280 9.417710 
5.903095 9.899976 15.983682 18.875691 12.650781 -2.749441 17.624981 7.770945 -16.379343 9.866169 11.462903 15.849140 16.974174 6.735415 13.058356 8.815266 2.043569 30.092230 23.676483 12.696695 36.035937 
10.144364 21.790413 0.900130 23.350782 17.876412 30.739727 2.927949 12.028219 9.850578 5.939034 9.949466 16.126087 19.555203 12.646145 -2.887101 17.727143 7.823892 -16.486740 10.239202 11.725721 16.298845 
17.261345 6.891008 13.006024 8.829571 1.681747 30.610436 24.272286 13.248357 36.525669 10.627619 21.763695 0.968745 23.669654 18.176354 31.157225 3.087078 12.278036 10.291048 5.978205 9.994054 16.267455 
20.243268 12.619945 -3.019162 17.803263 7.866121 -16.553818 10.619292 11.997409 16.753292 17.551979 7.040087 12.938407 8.829440 1.284760 31.120705 24.865363 13.814574 36.982323 11.148640 21.704497 1.045281 
23.970053 18.462822 31.570726 3.271750 12.530769 10.738935 6.020951 10.033639 16.407947 20.939520 12.571212 -3.145049 17.852004 7.897032 -16.578201 11.006340 12.278408 17.212282 17.846248 7.182064 12.855080 
8.814140 0.851144 31.622404 25.454968 14.395480 37.403939 11.709132 21.611518 1.130054 24.250855 18.734880 31.980075 3.483374 12.786453 11.194042 6.067626 10.068117 16.547732 21.643577 12.498961 -3.264172 
17.872005 7.916016 -16.557469 11.400241 12.569168 17.675611 18.144330 7.316331 12.755615 8.782919 0.379408 32.114886 26.040339 14.991209 37.788524 12.310833 21.483440 1.223383 24.510914 18.991573 32.385120 
3.723384 13.045126 11.656167 6.118593 10.097383 16.686985 22.355046 12.402193 -3.375930 17.861882 7.922448 -16.489158 11.800885 12.870152 18.143069 18.446408 7.442270 12.639581 8.735015 -0.131961 32.597493 
26.620694 15.601891 38.134052 12.955506 21.318927 1.325588 24.749066 19.231929 32.785708 3.993242 13.306825 12.125097 6.174220 10.121332 16.825886 23.073520 12.279891 -3.479711 17.820227 7.915695 -16.370752 
12.208153 13.181831 18.614435 18.752667 7.559249 12.506543 8.669648 -0.684504 33.069558 27.195236 16.227656 38.438461 13.644947 21.116620 1.436994 24.964125 19.454957 33.181682 4.294438 13.571589 12.600612 
6.234886 10.139861 16.964619 23.798580 12.131023 -3.574888 17.745610 7.895110 -16.199695 12.621921 13.504687 19.089484 19.063299 7.666620 12.356059 8.586024 -1.279787 33.530400 27.763147 16.868631 38.699657 
14.380979 20.875145 1.557928 25.154884 19.659650 33.572889 4.628485 13.839455 13.082484 6.300978 10.152863 17.103376 24.529791 11.954541 -3.660823 17.636576 7.860033 -15.973381 13.042059 13.839212 19.567982 
19.378501 7.763724 12.187689 8.483338 -1.919400 33.979330 28.323593 17.524941 38.915513 15.165456 20.593108 1.688720 25.320117 19.844982 33.959173 4.996926 14.110463 13.570474 6.372892 10.160231 17.242353 
25.266708 11.749381 -3.736865 17.491646 7.809793 -15.689159 13.468430 14.185908 20.049690 19.698470 7.849886 12.000985 8.360765 -2.604957 34.415646 28.875720 18.196709 39.083866 16.000260 20.269095 1.829704 
25.458575 20.009909 34.340377 5.401330 14.384652 14.064339 6.451029 10.161860 17.381753 26.008869 11.514464 -3.802351 17.309318 7.743707 -15.344331 13.900888 14.545288 20.534358 20.023414 7.924418 11.795497 
8.217471 -3.338101 34.838635 29.418657 18.884056 39.202521 16.887302 19.901675 1.981214 25.568992 20.153370 34.716346 5.843290 14.662061 14.563823 6.535803 10.157643 17.521784 26.755803 11.248695 -3.856606 
17.088068 7.661080 -14.936154 14.339284 14.917873 21.021732 20.353540 7.986620 11.570770 8.052603 -4.120497 35.247574 29.951515 19.587101 39.269249 17.828524 19.489396 2.143591 25.650080 20.274285 35.086921 
6.324428 14.942730 15.068665 6.627633 10.147472 17.662658 27.507022 10.950961 -3.898941 16.826345 7.561205 -14.461837 14.783461 15.304198 21.511549 20.689062 8.035776 11.326347 7.865297 -4.953835 35.641728 
30.473387 20.305961 39.281785 18.825896 19.030789 2.317176 25.700528 20.371558 35.451945 6.846393 15.226699 15.578594 6.726948 10.131239 17.804596 28.262026 10.620135 -3.928655 16.522578 7.443361 -13.918545 
15.233256 15.704804 22.003539 21.030199 8.071156 11.061766 7.654671 -5.839834 36.020350 30.983348 21.040752 39.237834 19.881418 18.524364 2.502313 25.719009 20.444073 35.811259 7.410860 15.514010 16.093331 
6.834183 10.108836 17.947821 29.020304 10.255074 -3.945036 16.175170 7.306818 -13.303396 15.688498 16.120244 22.497425 21.377174 8.092019 10.776563 7.419832 -6.780233 36.382685 31.480454 21.791586 39.135065 
20.997119 17.968615 2.699351 25.704172 20.490698 36.164705 8.019530 15.804704 16.612589 6.949786 10.080154 18.092565 29.781327 9.854619 -3.947359 15.782501 7.150831 -12.613461 16.149011 16.551083 22.992922 
21.730213 8.097607 10.470268 7.159871 -7.776801 36.727963 31.963744 22.558574 38.971112 22.175057 17.362013 2.908641 25.654646 20.510282 36.512123 8.674131 16.098822 17.136072 7.074208 10.045083 18.239063 
30.544557 9.417595 -3.934885 15.342929 6.974645 -11.845764 16.614612 16.997893 23.489740 22.089548 8.087150 10.142408 6.873864 -8.831328 37.055407 32.432239 23.341825 38.743579 23.417321 16.703015 3.130536 
25.569043 20.501658 36.853353 9.376417 16.396406 17.663475 7.207911 10.003514 18.387556 31.309442 8.942811 -3.906864 14.854787 6.777492 -10.997286 17.085111 17.461258 23.987579 22.455415 8.059865 9.792507 
6.560872 -9.945632 37.364225 32.884941 24.141447 38.450032 24.726026 15.990055 3.365392 25.445949 20.463637 37.188234 10.128171 16.697499 18.194488 7.351366 9.955336 18.538292 32.075413 8.429061 -3.862534 
14.316384 6.558592 -10.064958 17.560312 17.941772 24.486132 22.828056 8.014953 9.420084 6.219945 -11.121555 37.653617 33.320834 24.957544 38.088006 26.103321 15.221551 3.613570 25.283933 20.395018 37.516605 
10.931200 17.002143 18.728788 7.505052 9.900439 18.691523 32.841894 7.875121 -3.801119 13.726007 6.317152 -9.045668 18.040013 18.440039 24.985087 23.207715 7.951604 9.024657 5.850114 -12.360965 37.922771 
33.738886 25.790220 37.655002 27.551379 14.395899 3.875431 25.081543 20.294577 37.838304 11.787339 17.310382 19.266046 7.669454 9.838711 18.847509 33.608289 7.279754 -3.721832 13.081917 6.052370 -7.936256 
18.524004 18.956673 25.484121 23.594643 7.868991 8.605738 5.450398 -13.665754 38.170863 34.138043 26.639574 37.148486 29.072407 13.511479 4.151342 24.837307 20.161076 38.153170 12.698449 17.622259 19.805925 
7.845068 9.770041 19.006512 34.373995 6.641705 -3.623873 12.382354 5.763428 -6.733516 19.012069 19.492298 25.982908 NaN NaN NaN NaN NaN NaN NaN NaN NaN 
NaN NaN NaN NaN NaN NaN NaN NaN NaN NaN NaN NaN NaN NaN NaN NaN NaN NaN NaN NaN NaN 
NaN NaN NaN NaN NaN NaN NaN NaN NaN NaN NaN NaN NaN NaN NaN NaN NaN NaN NaN NaN NaN 
NaN NaN NaN NaN NaN NaN NaN NaN NaN NaN NaN NaN NaN NaN NaN NaN NaN NaN NaN NaN NaN 
NaN NaN NaN NaN NaN NaN NaN NaN NaN NaN NaN NaN NaN NaN NaN NaN NaN NaN NaN NaN NaN 
NaN NaN NaN NaN NaN NaN NaN NaN NaN NaN NaN NaN NaN NaN NaN NaN NaN NaN NaN NaN NaN 
NaN NaN NaN NaN NaN NaN 