NaN NaN NaN NaN NaN NaN NaN 
NaN NaN NaN NaN NaN NaN NaN 
NaN NaN NaN NaN NaN NaN NaN 
NaN NaN NaN NaN NaN NaN NaN 
NaN NaN NaN NaN NaN NaN NaN 
-4.721526 -4.017820 -0.851926 -8.810868 -1.838820 -2.791770 0.007211 
-4.601744 -3.560587 -0.451821 -7.781517 -2.418267 -2.705100 -0.309611 
-4.669638 -3.493228 -0.053294 -6.910991 -2.637472 -3.181570 -0.498945 
-4.783422 -3.673090 0.240752 -7.073621 -3.951006 -3.650967 -0.592426 
-4.656850 -3.553312 -0.194597 -7.448806 -4.682712 -3.475372 -0.320349 
-4.544740 -3.606564 -0.865069 -6.796778 -4.808841 -3.639337 -0.563276 
-4.481754 -3.507845 -0.800218 -7.389415 -5.352547 -3.346369 0.108584 
-5.002679 -3.383762 -1.423613 -7.646190 -4.422956 -3.120773 0.368108 
-4.841378 -3.697742 -1.851391 -7.979274 -4.478912 -2.770698 0.010890 
-4.924210 -3.679252 -1.833287 -8.315585 -6.433733 -2.814528 0.046273 
-4.630031 -3.309820 -1.302887 -8.741423 -5.488796 -3.573798 0.302878 
-4.468338 -3.598087 -1.751618 -9.632248 -5.304634 -4.012438 0.819638 
-4.650103 -3.397049 -2.253275 -9.812061 -5.596117 -3.174470 1.332562 
-5.020678 -3.043996 -1.610663 -9.174125 -5.567556 -3.586897 1.157437 
-4.996765 -2.939827 -1.244375 -8.905190 -6.024217 -3.218490 1.043997 
-5.052783 -2.950385 -0.553132 -9.791890 -5.853883 -3.852027 1.168182 
-5.282350 -2.784423 -0.853419 -9.510196 -6.041604 -4.132382 0.385389 
-5.088074 -2.606422 -0.356528 -8.745150 -6.381553 -4.036424 0.246885 
-5.243363 -2.589019 0.379696 -8.241523 -6.493103 -4.445391 0.664614 
-5.180252 -2.007629 1.152526 -8.067915 -5.777442 -4.070550 0.784213 
-5.445296 -1.772304 0.792018 -7.961591 -6.742375 -3.610890 0.753211 
-5.753028 -1.887820 0.816130 -7.441568 -6.382453 -3.161752 0.479187 
-5.671823 -1.653867 0.783800 -8.056405 -5.755048 -3.519143 -0.110109 
-5.612123 -1.163498 0.611710 -7.891838 -5.225476 -3.192555 0.002476 
-5.559830 -0.573007 0.766861 -7.673387 -4.359650 -3.630229 0.498177 
-5.601653 -0.210666 0.892356 -6.882398 -4.322982 -2.725827 1.055787 
-5.423860 -0.687526 1.599589 -6.220759 -3.940939 -1.640025 1.408567 
-5.125197 -0.391868 1.760794 -6.424657 -4.132042 -1.865392 1.710214 
-4.924604 -0.192641 0.891206 -6.103849 -3.583752 -1.584199 1.933219 
-4.795475 -0.744636 -0.632017 -5.742817 -2.770919 -0.756903 1.491239 
-4.435466 -0.738883 -0.801350 -5.116375 -1.827458 -1.067593 1.483796 
-4.203761 -0.522067 -0.791053 -4.212643 -1.542772 -1.080131 1.899736 
-3.972218 -0.585879 -0.371357 -3.133950 -2.121213 -0.351602 1.608013 
-3.665048 -1.183028 -0.768650 -3.043598 -2.348668 -0.041449 2.448111 
-3.403033 -1.556420 -0.467728 -3.276965 -1.788055 -0.029268 2.600166 
-3.014369 -2.213089 -0.865341 -3.213519 -1.861983 -0.069348 2.561925 
-2.827958 -1.397665 -1.324183 -2.848082 -2.144135 0.012522 2.497720 
-2.834727 -1.308753 -1.722615 -3.493577 -1.995959 0.138350 2.101416 
-2.328532 -1.371186 -1.417111 -3.285422 -1.851447 -0.396735 1.875046 
-1.939323 -1.344906 -0.443341 -2.062040 -1.443007 -1.106585 1.975178 
-1.365842 -1.500919 -0.265881 -1.449915 -1.475988 -0.342741 2.204599 
-0.986185 -0.939455 -0.664064 -2.122812 -1.489110 -0.171273 1.933911 
-0.630128 -0.999867 -0.660680 -1.001953 -0.970206 -0.381692 2.758564 
-0.466159 -1.092530 0.332781 -0.760705 -0.723123 -0.613508 1.508579 
-0.498911 -1.403280 0.125094 -0.185971 -1.195258 0.289645 0.722581 
-0.314136 -0.455596 0.015470 0.150656 -0.909887 0.243578 0.089543 
0.092861 -0.796961 -0.745517 0.940871 -0.596479 -0.031660 0.078713 
0.319733 -0.526590 -0.351623 2.165693 0.102779 0.024223 -0.039506 
-0.537327 -0.401368 -0.310769 1.855997 0.216429 0.579359 -0.086674 
-0.483787 0.241978 -0.642666 1.022361 -0.267120 1.092677 0.086001 
-0.524965 0.420346 -0.265200 0.897020 0.118440 1.166183 -0.511048 
-0.351034 0.237148 0.719964 0.776755 -0.017300 1.061926 -0.703445 
-0.349695 -0.112452 0.822248 -0.242833 0.267144 0.007882 -1.409664 
-0.034659 0.446139 -0.320574 0.396207 0.764683 -0.159777 -1.163967 
0.370663 1.017338 -0.207613 0.375261 1.280117 -0.822510 -0.903210 
0.678047 0.954957 0.182071 0.058967 1.039022 -0.385249 -0.889843 
0.726194 1.353385 0.828124 -1.041118 1.130857 -0.408938 -0.891168 
1.021478 1.055455 0.522338 -1.159696 0.961420 -0.247279 -0.447136 
1.726990 1.298420 0.100780 -0.666922 1.127322 -0.214870 -0.995494 
1.606862 1.203851 0.785716 -0.007863 0.636262 -0.685975 -1.341337 
1.721433 1.167135 0.806111 0.741593 0.798935 -0.145913 -1.180941 
1.532131 0.809399 0.525636 0.799938 1.088924 0.036908 -1.328851 
1.506260 1.251395 0.156280 0.696719 1.504480 0.743562 -1.295209 
1.278810 0.926430 0.878326 -0.222427 1.209576 1.730826 -1.156576 
0.934969 0.497460 0.958806 -0.294242 0.816156 1.957394 -1.058622 
1.093385 0.342977 0.918037 0.108002 1.065004 1.816948 -1.129166 
0.939416 0.335317 0.727336 0.651621 1.350231 1.957322 -1.425049 
1.028909 0.453487 0.716419 0.281799 1.200517 2.620594 -2.120314 
1.071163 0.269493 0.967520 -0.600149 2.042954 2.981266 -1.614516 
1.426887 0.054847 0.499084 -0.807731 2.314545 3.353951 -1.284540 
1.206650 0.072868 -0.117143 -1.964323 1.750664 2.763002 -1.370962 
1.117543 0.278112 -0.021420 -1.490875 1.668273 2.869446 -1.955183 
1.319435 0.125249 -0.647027 -1.593548 0.766070 3.327580 -2.178802 
1.997608 0.118587 -1.062310 -1.596080 0.567955 2.839252 -3.086894 
2.436381 0.662702 -1.098334 -1.830874 0.922446 2.681009 -3.450113 
2.373241 0.971375 -1.414142 -1.477792 1.182787 3.153873 -3.768559 
2.433508 1.010529 -0.994250 -1.042107 1.401135 3.029879 -4.243980 
2.327095 1.399929 -1.320506 0.276473 1.851395 3.562331 -4.054837 
2.677877 1.851828 -1.639259 1.182125 0.814262 3.633887 -4.515735 
2.805773 2.114670 -1.291576 1.045165 1.336735 3.935809 -5.072926 
2.954123 2.312805 -0.587807 1.393765 2.043481 3.586260 -5.502784 
3.445704 2.379701 -1.103595 1.358910 2.099440 3.991223 -5.405632 
3.533906 2.718937 -0.615916 0.897967 2.703603 4.261543 -5.542423 
3.400658 2.860324 -0.514900 1.344429 3.347144 4.200027 -5.161141 
3.468589 2.669942 -0.837033 1.915306 2.755032 4.800781 -5.118731 
3.311580 2.718548 -0.192770 2.172222 2.175891 5.631404 -5.365243 
3.450378 2.512136 -0.263852 1.605792 1.990147 5.605595 -5.454441 
3.659604 1.865064 0.090684 0.320060 1.859549 5.192627 -5.822976 
3.854806 1.373349 -0.240489 0.671339 2.168666 5.542592 -6.089195 
4.161603 1.425049 -0.664203 0.942182 1.906200 5.543161 -6.349369 
4.783443 1.540388 -0.735521 0.935684 2.739040 6.063742 -6.095528 
5.227089 1.466561 -0.292041 1.032700 3.412268 6.043120 -6.676923 
5.910976 1.264264 -0.174519 1.355497 3.613941 6.120572 -6.738771 
6.101195 1.285577 -0.354734 1.268909 3.110706 7.097392 -7.021245 
6.422066 1.493294 -0.555813 0.220444 3.928251 7.266089 -7.896555 
7.004078 1.145780 -0.981965 0.348772 4.999427 5.930167 -8.185319 
7.789942 1.011084 -1.044523 0.451247 5.515927 7.432009 -8.340308 
8.105841 1.245125 -1.112694 0.647382 5.284552 8.525375 -8.526016 
8.247072 1.391698 -0.422017 0.831739 5.655291 8.524829 -9.038990 
8.501734 1.056065 -1.099145 0.664055 5.692765 8.835188 -9.342515 
8.432226 0.509211 -1.471229 1.275476 4.998693 8.780926 -9.828097 
8.472063 0.419314 -1.377998 1.327413 4.456587 8.896074 -9.499688 
7.946197 0.499023 -1.013774 2.294602 4.708588 9.438483 -9.678864 
8.182158 0.309377 -0.920516 3.827832 4.630958 9.755935 -10.463996 
8.355782 -0.353182 -0.504098 5.390770 4.073309 10.741918 -10.628682 
8.029972 -0.405156 -0.660155 4.197704 3.475893 11.253597 -11.420534 
7.513034 -0.272196 -0.752430 4.329192 3.680994 10.668817 -11.590455 
7.767623 -0.068117 -0.917584 5.011199 3.789370 10.104001 -11.561642 
8.011249 -0.004315 -1.292411 5.431075 3.313932 10.714159 -11.410708 
8.357153 0.175794 -0.446260 5.732224 3.442511 11.027630 -11.374494 
8.464792 0.213919 -0.295734 5.924297 3.300372 11.228134 -11.797140 
8.565201 0.317279 -0.545250 6.901288 2.989345 11.973956 -12.142546 
9.196252 0.052178 -1.077674 6.892931 3.149495 12.114789 -12.429568 
9.793276 0.152478 -0.685085 5.859435 3.027428 12.615670 -12.212661 
10.067033 0.486794 -0.462906 6.072566 2.651830 12.689270 -12.181464 
10.458073 0.509427 -0.684107 6.819132 2.898720 13.586945 -12.117798 
11.113683 0.506874 -0.645584 7.931346 2.960100 14.471694 -12.396735 
11.140838 0.059453 -0.347416 8.595531 3.325600 14.295994 -13.165714 
11.366023 -0.107607 0.581530 8.743299 3.567557 15.237284 -13.610491 
11.515458 -0.239652 0.764288 9.081603 3.849311 15.330073 -14.347309 
11.830085 -0.051823 0.411704 8.773184 3.356231 16.352487 -14.645985 
11.702290 -0.106615 0.397803 8.539088 4.051387 16.034305 -15.010537 
11.717979 0.106548 0.525818 8.605730 3.543971 17.014808 -15.384348 
11.576043 -0.114275 -0.103313 8.651204 4.077261 17.352212 -16.086950 
11.631767 -0.023367 -0.535002 8.603332 5.119613 18.265546 -16.572667 
11.612033 -0.254119 -0.051050 8.953311 5.435152 18.721281 -17.057103 
11.630050 -0.664488 -0.530460 8.362339 5.389055 18.831446 -17.183267 
12.312281 -0.751243 -1.505102 8.317404 5.426708 18.832090 -16.968676 
11.945167 -0.855114 -2.161394 8.467134 5.552945 18.243153 -17.530099 
11.635674 -0.992925 -2.374578 8.827918 4.760315 18.937580 -17.444151 
11.570850 -1.053871 -1.478687 9.007124 5.467848 18.305666 -17.901734 
12.393043 -1.319091 -1.767244 9.788124 5.874623 19.251502 -18.370367 
12.725400 -1.760446 -1.500900 10.420414 6.281108 18.733409 -18.711700 
12.492595 -1.840104 -1.222524 11.265629 6.780838 18.794052 -18.797540 
12.567640 -1.932219 -0.998455 11.526160 6.444737 17.994337 -18.916869 
13.077257 -1.532034 -1.164547 12.345096 6.319861 18.172128 -18.915506 
13.299643 -1.697738 -0.429983 12.621444 6.030622 20.026087 -19.303129 
12.887882 -1.507301 0.037894 13.144139 5.980758 21.763676 -19.869839 
13.021233 -1.758146 0.370329 12.949935 5.803663 22.412752 -19.961800 
13.448929 -2.178782 0.499466 12.491713 6.531011 22.919750 -20.242899 
13.866256 -2.238624 -0.138867 13.132549 6.546237 24.703194 -20.225847 
NaN NaN NaN NaN NaN NaN NaN 
NaN NaN NaN NaN NaN NaN NaN 
NaN NaN NaN NaN NaN NaN NaN 
NaN NaN NaN NaN NaN NaN NaN 
