NaN NaN NaN NaN NaN NaN NaN 
NaN NaN NaN NaN NaN NaN NaN 
NaN NaN NaN NaN NaN NaN NaN 
NaN NaN NaN NaN NaN NaN NaN 
NaN NaN NaN NaN NaN NaN NaN 
5.255489 -0.593423 2.278990 9.880520 1.763061 -0.125002 2.119224 
5.018231 -0.716404 2.340415 8.705458 1.466247 0.213274 1.841977 
4.713477 -0.892168 1.719750 8.538349 1.331052 -0.128761 1.699228 
4.332847 -1.197045 1.732586 8.246275 1.294967 -0.045945 1.732517 
3.733342 -1.421576 1.248793 8.507360 1.553558 -0.230850 1.514918 
3.454804 -1.880474 1.147384 8.328056 1.405897 -0.095770 1.447539 
3.328485 -2.031229 0.730325 8.169082 1.416232 -0.589162 1.505148 
2.865220 -2.089461 0.829647 7.753380 1.654334 -0.928857 1.413847 
2.598152 -2.202074 1.057931 7.531520 2.030984 -0.670530 1.359011 
2.471678 -2.183948 0.790557 7.479890 1.933418 -1.148937 1.453678 
2.576564 -2.400208 0.501265 7.746886 1.732536 -1.010414 1.309425 
2.391429 -2.407447 0.472794 7.492084 2.276151 -1.004393 1.501499 
2.238957 -2.541884 0.638747 7.189956 2.209192 -1.041357 1.566516 
2.299166 -2.595647 0.246141 6.829640 2.376277 -0.919032 1.510361 
2.434441 -2.426267 -0.155358 6.317632 2.122265 -0.757952 1.489970 
2.443096 -2.043996 -0.499772 5.959231 2.400577 -0.896674 1.597345 
1.976644 -2.105388 -0.741728 5.648369 2.225234 -0.615730 1.350613 
2.086863 -2.169559 -1.057389 5.704858 1.769099 -0.135834 1.364253 
2.084034 -2.165668 -1.151385 5.645371 1.380163 -0.448686 1.279877 
2.023228 -2.067727 -0.533407 5.359318 1.784070 0.283734 1.153730 
1.714280 -1.722538 -0.255991 4.768215 1.785137 0.167856 1.149297 
1.672192 -1.759279 -0.304400 4.560660 1.352387 -0.016314 0.973425 
1.299961 -1.827027 -0.525673 4.777491 1.297651 0.528842 0.985119 
1.124794 -1.594067 -0.569088 4.530007 0.970444 0.712317 0.731746 
0.657507 -1.678718 -0.764957 4.003990 0.613194 0.913881 0.598169 
0.608898 -1.610677 -1.061433 3.783971 0.231864 0.803450 0.326140 
0.653906 -1.561941 -1.072752 3.989209 0.200672 0.522129 0.397094 
0.389756 -1.696518 -0.789213 3.444114 0.252696 -0.252063 0.330715 
0.071041 -1.795807 -0.805199 3.205211 -0.125379 -0.084397 0.222704 
-0.165779 -1.786877 -0.798537 2.617826 -0.441910 -0.416510 0.096573 
-0.265281 -1.925487 -0.758061 2.168822 -0.589765 0.183491 -0.013901 
-0.439478 -1.828721 -0.619378 2.123523 -0.586403 0.204827 0.078075 
-0.337763 -1.872115 -0.539625 1.314718 -0.604881 -0.392294 0.032327 
-0.633890 -2.030617 -0.707840 1.157048 -0.896847 -0.997067 -0.060257 
-0.408438 -1.958943 -0.152168 1.079366 -0.583737 -1.075190 0.139387 
-0.468725 -2.117310 0.296633 0.784975 -0.436940 -1.057499 0.298779 
-0.393436 -1.965433 0.716964 0.578427 -0.289378 -0.812013 0.229739 
-0.491163 -1.887483 0.513267 0.287010 -0.306685 -0.147848 0.111721 
-0.425082 -1.781808 0.775213 0.361683 -0.112260 -0.377204 0.076455 
-0.363213 -1.615988 0.747543 0.244969 -0.329710 -0.436413 0.051945 
-0.051322 -1.363269 0.949285 0.545697 0.105855 -1.205453 0.051213 
0.040457 -1.076166 0.784723 0.285594 0.355371 -1.141143 -0.094282 
0.002855 -0.728400 0.562585 0.678241 0.328591 -0.457077 -0.102386 
0.084688 -0.498363 0.699318 0.463277 0.728909 0.149979 0.241429 
0.044308 -0.176068 0.840409 0.749492 0.495507 0.066833 0.241537 
0.124972 -0.028581 0.738780 0.757029 0.721827 0.231339 0.031340 
0.128114 0.090566 0.023135 0.251651 0.317160 0.205897 0.099496 
0.119719 0.329539 -0.026728 0.338397 0.199386 0.151284 0.127618 
0.103184 0.410869 -0.830414 0.025910 0.188411 0.358933 0.097063 
0.056002 0.416723 -1.223139 0.205980 0.149970 0.157591 0.053182 
-0.311369 0.248980 -1.370805 -0.036158 -0.122873 0.596398 0.040009 
-0.433678 0.155801 -1.023031 0.126708 -0.414806 0.718930 0.058542 
-0.324007 0.287788 -0.631320 -0.321061 -0.369114 0.350477 -0.066201 
-0.064817 0.378227 -0.199515 -0.066995 -0.469128 0.340685 -0.150456 
-0.048827 0.170694 -0.252835 -0.451884 -0.179091 -0.018229 -0.191749 
-0.019332 0.339777 0.026012 -0.528284 -0.648854 0.152925 -0.126313 
0.029244 0.392483 0.367075 -0.540535 -0.502878 -0.031093 -0.114197 
0.127969 0.034015 0.124467 -0.662448 -0.465592 -0.261473 -0.133380 
0.102142 0.104334 0.238966 -0.733861 -0.269821 -0.202789 -0.115161 
0.289696 0.511050 0.203034 -1.086748 -0.148828 -0.164014 0.052697 
0.288618 0.772042 0.660956 -1.040835 -0.246826 -0.155188 0.221834 
0.502603 0.913357 0.491542 -0.980356 -0.157108 -0.048761 0.295059 
0.387955 0.884994 0.278941 -1.157919 -0.043855 0.132371 0.334084 
0.484406 1.003997 0.056114 -0.953825 0.162466 0.179219 0.449051 
0.758189 1.166734 0.250900 -1.150187 -0.467685 0.561168 0.580881 
0.749616 1.400032 0.440149 -0.972825 -0.305029 0.766479 0.808318 
0.772009 1.421913 0.660648 -0.772036 -0.450544 1.278379 0.884434 
0.855318 1.971734 1.213104 -0.386799 -0.301985 1.799198 0.973923 
1.119791 2.185689 1.624040 -0.687070 -0.279654 2.051397 1.018073 
1.380662 1.826088 1.837204 0.315333 -0.234330 2.110393 1.128764 
1.759455 2.178884 1.338852 0.360304 -0.150151 1.779478 1.215893 
1.932490 2.531342 1.476439 0.686083 -0.136063 1.446273 1.331713 
2.280571 2.693623 1.773406 1.528876 -0.151586 1.951282 1.326379 
2.450338 2.582254 2.032432 1.409202 -0.136704 2.033197 1.494128 
2.904139 3.031056 1.335115 2.380769 0.483319 2.233178 1.561040 
3.037693 3.498683 1.202902 2.771475 0.426248 2.182329 1.729210 
3.258778 4.090406 1.424737 3.435219 0.763586 2.212163 1.868416 
3.820441 4.259069 1.270234 3.765709 0.897067 1.912514 2.044424 
4.123014 4.687538 1.219135 4.600578 0.500969 1.848689 2.400088 
4.033591 5.429833 1.208500 4.583153 0.744537 2.637770 2.530696 
4.320999 5.700521 1.413512 5.633054 0.962477 3.145273 2.783524 
4.804724 5.762729 0.999865 6.217255 1.148823 3.280807 2.815239 
5.120298 5.936206 0.985816 7.033689 1.175160 2.723527 3.151449 
5.501164 6.387861 0.551410 7.639634 1.573404 2.474039 3.314842 
5.555918 6.543092 0.506111 7.861499 1.729594 2.256258 3.591645 
6.123215 6.518558 0.356784 8.704090 2.175742 2.090179 3.823499 
6.569682 6.349209 0.481511 9.375374 2.294012 1.733178 3.994372 
6.992663 6.818618 0.696326 9.983761 2.328180 2.170178 4.277653 
7.396525 6.976052 0.776300 10.601920 3.294940 2.544161 4.372686 
8.146232 7.052556 1.183731 11.502140 3.661233 2.584425 4.602277 
8.124325 7.147019 1.080252 11.850907 3.666066 2.626760 4.752653 
8.408567 7.581102 1.328852 12.548524 3.495101 2.916470 5.228976 
8.870294 8.221398 1.427744 12.778869 3.983359 3.106988 5.387411 
9.008232 8.557836 1.818211 13.644045 3.990375 3.106242 5.440441 
9.354359 8.923210 2.235930 13.764481 4.039081 3.379037 5.415114 
9.598879 9.093886 2.290853 13.921128 4.010417 3.229574 5.520108 
10.170001 9.651728 2.037732 14.397152 4.617520 3.702844 5.794475 
10.051056 9.592088 1.884288 14.912098 4.969937 3.454739 5.964957 
10.245412 9.966398 1.539402 15.716286 4.495952 2.987319 6.172392 
10.335841 9.951648 0.990417 16.155693 4.023205 2.549391 6.375657 
10.852768 10.217270 1.055554 16.499146 4.299176 2.389023 6.516545 
10.893861 10.331827 1.054765 17.146629 4.685571 2.687804 6.486700 
10.924811 10.218127 0.916040 17.341591 4.565180 2.565648 6.560111 
11.431294 10.422294 0.505764 17.480285 4.738020 2.710024 6.625859 
11.769866 10.431373 0.281092 18.638610 5.290717 2.751990 6.942709 
12.261185 11.053620 0.368667 19.219817 5.403963 3.716171 7.183702 
12.213944 11.180997 0.643873 19.304818 5.298707 3.983317 7.358673 
12.532545 11.849802 0.981754 19.926386 5.111626 4.035460 7.323959 
12.775426 11.839003 1.062093 20.360244 5.201202 4.557129 7.391504 
13.143392 12.270721 1.423345 20.584474 6.061873 5.297726 7.607398 
13.593420 12.551996 1.336178 20.741963 6.128777 5.291689 7.759064 
14.044263 12.966718 1.186753 20.804931 6.517259 4.835988 8.109725 
14.172328 13.219861 0.932660 21.260811 6.965218 4.941667 8.379063 
14.397200 13.706734 1.412613 21.721009 7.415244 5.438060 8.495278 
14.696151 14.310390 1.586364 21.485800 7.213743 5.655448 8.684510 
14.538496 14.525966 1.465975 21.837243 7.558124 4.892680 8.740981 
14.753544 14.700806 0.930456 22.589999 7.589203 4.914710 8.813926 
14.935334 14.885115 0.656028 22.433627 7.862164 4.586450 8.956897 
15.313109 15.360374 0.929340 22.945760 8.638790 4.310470 9.192343 
15.372015 15.711006 1.416725 23.186164 8.931325 3.805717 9.183098 
15.507782 16.055564 1.602672 23.581399 8.925574 4.143135 9.246988 
15.528895 16.094975 1.656542 23.108219 8.816944 4.125779 9.214340 
16.189061 16.521397 1.802622 23.381391 9.116627 4.645878 9.336088 
16.289102 16.952911 1.577075 23.577850 8.873247 4.453351 9.444357 
16.507469 17.174705 1.821578 24.359696 8.974974 4.264808 9.327711 
16.710666 17.286637 2.137794 24.591857 8.926794 5.029136 9.213183 
17.081624 17.820010 2.680106 24.564676 9.165932 4.530563 9.190699 
17.348980 17.894207 2.676929 24.067110 9.633250 4.216337 9.255087 
17.496728 18.098271 2.850380 23.627834 9.777167 4.524961 9.400673 
17.804090 18.326055 2.522203 23.965693 9.742698 5.098230 9.407786 
17.920610 18.371439 2.898143 24.757167 10.497632 4.833181 9.563310 
18.146410 18.992067 2.837215 25.422639 10.748026 5.492331 9.677278 
18.076821 19.402504 2.898703 25.877768 10.852273 5.136167 9.660276 
18.057129 19.378509 2.811414 26.208054 10.940982 5.257671 9.701484 
18.171488 19.464182 2.593885 26.114030 11.121487 5.453358 9.819844 
18.480721 20.089615 2.482484 26.166783 11.397742 4.972414 10.035549 
18.607272 20.322951 2.049981 25.976429 11.380202 5.273500 9.992034 
18.935544 20.590265 1.490922 27.265353 11.685196 6.085402 10.181558 
18.940732 21.203807 0.923946 27.787321 11.783595 6.146196 10.267102 
18.723271 21.834943 1.099257 28.372603 12.104456 5.992588 10.483695 
18.753145 22.509931 0.975922 28.519475 12.325225 6.417983 10.667902 
NaN NaN NaN NaN NaN NaN NaN 
NaN NaN NaN NaN NaN NaN NaN 
NaN NaN NaN NaN NaN NaN NaN 
NaN NaN NaN NaN NaN NaN NaN 
