NaN NaN NaN NaN NaN NaN NaN NaN NaN NaN NaN NaN NaN NaN NaN NaN NaN NaN NaN NaN NaN NaN NaN NaN NaN NaN NaN NaN 
NaN NaN NaN NaN NaN NaN NaN NaN NaN NaN NaN NaN NaN NaN NaN NaN NaN NaN NaN NaN NaN NaN NaN NaN NaN NaN NaN NaN 
NaN NaN NaN NaN NaN NaN NaN NaN NaN NaN NaN NaN NaN NaN NaN NaN NaN NaN NaN NaN NaN NaN NaN NaN NaN NaN NaN NaN 
NaN NaN NaN NaN NaN NaN NaN NaN NaN NaN NaN NaN NaN NaN NaN NaN NaN NaN NaN NaN NaN NaN NaN NaN NaN NaN NaN NaN 
NaN NaN NaN NaN NaN NaN NaN NaN NaN NaN NaN NaN NaN NaN NaN NaN NaN NaN NaN NaN NaN NaN NaN NaN NaN NaN NaN NaN 
3.756542 -0.211933 0.486720 0.318127 1.921147 8.233440 -1.646505 4.907549 3.691442 1.971483 -2.373545 11.088565 5.599471 4.871894 3.069937 6.867820 1.350628 7.022026 -0.522804 -2.682221 0.421916 11.585479 -1.470329 1.084755 1.986875 2.149487 3.406538 -0.377746 
3.525903 -0.189963 0.446125 0.086085 1.684664 7.890878 -1.299366 4.425787 3.467820 1.628743 -2.045773 10.450510 5.362777 4.932862 2.846201 6.619912 1.211321 6.395839 -0.385974 -2.653332 0.432916 11.589214 -1.159018 1.133470 2.040958 1.889310 3.466099 -0.159739 
3.297079 -0.169714 0.405274 -0.134618 1.457992 7.554348 -0.975736 3.971965 3.249149 1.306201 -1.741671 9.833581 5.131301 4.978502 2.630794 6.377914 1.077842 5.798496 -0.261449 -2.621328 0.441677 11.566440 -0.865571 1.176286 2.085406 1.645704 3.511501 0.040258 
3.070463 -0.151115 0.364298 -0.344114 1.241027 7.223948 -0.674833 3.545159 3.035550 1.003294 -1.460307 9.237484 4.905040 5.009475 2.423614 6.141721 0.950097 5.229353 -0.148677 -2.586360 0.448306 11.518457 -0.589534 1.213423 2.120661 1.418059 3.543431 0.222959 
2.846440 -0.134094 0.323324 -0.542540 1.033664 6.899779 -0.395881 3.144461 2.827139 0.719465 -1.200762 8.661927 4.683989 5.026435 2.224558 5.911229 0.827994 4.687770 -0.047115 -2.548579 0.452906 11.446542 -0.330456 1.245095 2.147158 1.205777 3.562562 0.389068 
2.625384 -0.118582 0.282476 -0.730030 0.835796 6.581934 -0.138117 2.768975 2.624030 0.454163 -0.962130 8.106621 4.468144 5.030025 2.033523 5.686335 0.711442 4.173118 0.043769 -2.508131 0.455580 11.351950 -0.087893 1.271516 2.165323 1.008271 3.569556 0.539279 
2.407658 -0.104510 0.241876 -0.906717 0.647319 6.270507 0.099213 2.417817 2.426330 0.206846 -0.743522 7.571281 4.257499 5.020878 1.850405 5.466937 0.600353 3.684771 0.124501 -2.465161 0.456429 11.235916 0.138593 1.292895 2.175578 0.824963 3.565065 0.674275 
2.193617 -0.091810 0.201642 -1.072736 0.468125 5.965588 0.316852 2.090118 2.234143 -0.023026 -0.544064 7.055623 4.052049 4.999618 1.675101 5.252934 0.494637 3.222111 0.195595 -2.419813 0.455553 11.099651 0.349437 1.309441 2.178335 0.655289 3.549727 0.794725 
1.983606 -0.080414 0.161888 -1.228221 0.298108 5.667265 0.515532 1.785022 2.047568 -0.235982 -0.362896 6.559364 3.851786 4.966858 1.507505 5.044228 0.394209 2.784530 0.257557 -2.372229 0.453050 10.944345 0.545069 1.321358 2.174002 0.498693 3.524172 0.901290 
1.777961 -0.070256 0.122727 -1.373306 0.137161 5.375624 0.695978 1.501688 1.866701 -0.432546 -0.199172 6.082227 3.656703 4.923202 1.347512 4.840721 0.298982 2.371421 0.310884 -2.322547 0.449018 10.771166 0.725913 1.328848 2.162977 0.354632 3.489018 0.994618 
1.577005 -0.061270 0.084266 -1.508123 -0.014822 5.090746 0.858900 1.239286 1.691632 -0.613237 -0.052061 5.623936 3.466791 4.869244 1.195018 4.642314 0.208872 1.982189 0.356064 -2.270906 0.443551 10.581262 0.892388 1.332111 2.145653 0.222573 3.444871 1.075348 
1.381055 -0.053390 0.046612 -1.632808 -0.157949 4.812713 1.005003 0.996999 1.522447 -0.778566 0.079251 5.184216 3.282043 4.805567 1.049917 4.448914 0.123796 1.616244 0.393574 -2.217443 0.436746 10.375755 1.044909 1.331343 2.122416 0.101994 3.392325 1.144105 
1.190416 -0.046554 0.009866 -1.747492 -0.292329 4.541601 1.134977 0.774027 1.359229 -0.929035 0.195566 4.762797 3.102448 4.732747 0.912102 4.260426 0.043672 1.273002 0.423884 -2.162289 0.428693 10.155749 1.183885 1.326740 2.093643 -0.007614 3.331965 1.201505 
1.005384 -0.040698 -0.025871 -1.852310 -0.418069 4.277487 1.249504 0.569581 1.202054 -1.065145 0.297670 4.359410 2.927995 4.651346 0.781466 4.076756 -0.031581 0.951887 0.447453 -2.105579 0.419486 9.922325 1.309720 1.318492 2.059706 -0.106753 3.264364 1.248152 
0.826245 -0.035758 -0.060504 -1.947394 -0.535278 4.020442 1.349255 0.382884 1.050997 -1.187386 0.386335 3.973788 2.758675 4.561920 0.657903 3.897814 -0.102042 0.652330 0.464733 -2.047442 0.409214 9.676540 1.422813 1.306788 2.020969 -0.195909 3.190082 1.284641 
0.653275 -0.031675 -0.093940 -2.032877 -0.644064 3.770537 1.434893 0.213176 0.906125 -1.296242 0.462317 3.605670 2.594475 4.465013 0.541305 3.723508 -0.167789 0.373767 0.476165 -1.988006 0.397967 9.419433 1.523560 1.291815 1.977790 -0.275562 3.109671 1.311551 
0.486742 -0.028386 -0.126090 -2.108893 -0.744537 3.527840 1.507068 0.059707 0.767504 -1.392192 0.526359 3.254792 2.435382 4.361160 0.431564 3.553750 -0.228900 0.115644 0.482181 -1.927398 0.385831 9.152018 1.612349 1.273756 1.930519 -0.346178 3.023669 1.329456 
0.326901 -0.025833 -0.156865 -2.175573 -0.836806 3.292415 1.566420 -0.078258 0.635192 -1.475707 0.579187 2.920898 2.281385 4.250885 0.328571 3.388451 -0.285450 -0.122588 0.483204 -1.865742 0.372893 8.875288 1.689565 1.252791 1.879498 -0.408213 2.932604 1.338914 
0.174000 -0.023955 -0.186184 -2.233050 -0.920981 3.064326 1.613580 -0.201439 0.509247 -1.547253 0.621514 2.603731 2.132468 4.134705 0.232219 3.227524 -0.337513 -0.341472 0.479649 -1.803161 0.359237 8.590215 1.755586 1.229100 1.825065 -0.462111 2.836992 1.340474 
0.028277 -0.022694 -0.213965 -2.281457 -0.997172 2.843632 1.649168 -0.310547 0.389720 -1.607288 0.654038 2.303037 1.988618 4.013123 0.142397 3.070885 -0.385163 -0.541543 0.471919 -1.739776 0.344948 8.297748 1.810788 1.202856 1.767549 -0.508306 2.737340 1.334675 
-0.110043 -0.021993 -0.240131 -2.320925 -1.065489 2.630390 1.673794 -0.406274 0.276657 -1.656263 0.677441 2.018567 1.849819 3.886635 0.058995 2.918449 -0.428472 -0.723328 0.460411 -1.675706 0.330106 7.998815 1.855539 1.174234 1.707271 -0.547221 2.634142 1.322042 
-0.240739 -0.021796 -0.264608 -2.351587 -1.126042 2.424656 1.688058 -0.489304 0.170101 -1.694625 0.692392 1.750070 1.716055 3.755727 -0.018095 2.770133 -0.467511 -0.887349 0.445511 -1.611067 0.314793 7.694322 1.890204 1.143404 1.644546 -0.579268 2.527880 1.303091 
-0.363606 -0.022046 -0.287325 -2.373574 -1.178944 2.226483 1.692549 -0.560303 0.070090 -1.722811 0.699545 1.497303 1.587311 3.620875 -0.088986 2.625856 -0.502348 -1.034122 0.427596 -1.545975 0.299088 7.385152 1.915142 1.110532 1.579684 -0.604847 2.419026 1.278326 
-0.478444 -0.022689 -0.308214 -2.387019 -1.224305 2.035919 1.687846 -0.619926 -0.023342 -1.741254 0.699537 1.260021 1.463568 3.482544 -0.153787 2.485536 -0.533053 -1.164152 0.407033 -1.480543 0.283068 7.072167 1.930708 1.075784 1.512985 -0.624349 2.308041 1.248241 
-0.585065 -0.023669 -0.327211 -2.392052 -1.262237 1.853013 1.674518 -0.668815 -0.110165 -1.750379 0.692993 1.037983 1.344809 3.341189 -0.212611 2.349095 -0.559693 -1.277942 0.384182 -1.414883 0.266811 6.756208 1.937251 1.039322 1.444742 -0.638152 2.195375 1.213318 
-0.683290 -0.024935 -0.344253 -2.388806 -1.292852 1.677809 1.653123 -0.707598 -0.190354 -1.750605 0.680522 0.830952 1.231014 3.197258 -0.265569 2.216454 -0.582332 -1.375984 0.359393 -1.349103 0.250391 6.438092 1.935115 1.001304 1.375244 -0.646623 2.081465 1.174028 
-0.772952 -0.026432 -0.359282 -2.377412 -1.316263 1.510350 1.624210 -0.736888 -0.263888 -1.742346 0.662718 0.638692 1.122166 3.051186 -0.312774 2.087538 -0.601037 -1.458767 0.333005 -1.283311 0.233883 6.118616 1.924639 0.961889 1.304770 -0.650120 1.966738 1.130830 
-0.853889 -0.028110 -0.372243 -2.358000 -1.332581 1.350676 1.588317 -0.757287 -0.330751 -1.726006 0.640162 0.460970 1.018243 2.903399 -0.354338 1.962270 -0.615870 -1.526769 0.305349 -1.217614 0.217358 5.798555 1.906158 0.921230 1.233594 -0.648989 1.851611 1.084174 
-0.925954 -0.029918 -0.383084 -2.330701 -1.341920 1.198823 1.545972 -0.769382 -0.390931 -1.701984 0.613417 0.297554 0.919225 2.754315 -0.390374 1.840577 -0.626893 -1.580465 0.276749 -1.152114 0.200888 5.478661 1.880000 0.879479 1.161980 -0.643564 1.736488 1.034497 
-0.989007 -0.031805 -0.391756 -2.295648 -1.344393 1.054827 1.497692 -0.773747 -0.444420 -1.670675 0.583034 0.148218 0.825090 2.604339 -0.420996 1.722385 -0.634167 -1.620321 0.247515 -1.086913 0.184542 5.159665 1.846492 0.836783 1.090189 -0.634170 1.621762 0.982226 
-1.042917 -0.033722 -0.398212 -2.252969 -1.340114 0.918720 1.443984 -0.770943 -0.491215 -1.632462 0.549548 0.012734 0.735817 2.453869 -0.446319 1.607623 -0.637752 -1.646796 0.217953 -1.022112 0.168388 4.842276 1.805950 0.793290 1.018472 -0.621118 1.507815 0.927776 
-1.087565 -0.035622 -0.402410 -2.202797 -1.329196 0.790532 1.385346 -0.761517 -0.531316 -1.587727 0.513480 -0.109118 0.651382 2.303292 -0.466456 1.496221 -0.637706 -1.660344 0.188356 -0.957809 0.152494 4.527181 1.758691 0.749143 0.947075 -0.604712 1.395019 0.871552 
-1.122840 -0.037455 -0.404310 -2.145260 -1.311754 0.670290 1.322264 -0.746003 -0.564730 -1.536842 0.475336 -0.217561 0.571762 2.152984 -0.481522 1.388108 -0.634086 -1.661409 0.159009 -0.894100 0.136925 4.215045 1.705022 0.704482 0.876234 -0.585241 1.283733 0.813947 
-1.148642 -0.039175 -0.403876 -2.080490 -1.287903 0.558018 1.255214 -0.724921 -0.591465 -1.480174 0.435607 -0.312812 0.496933 2.003313 -0.491633 1.283218 -0.626948 -1.650431 0.130189 -0.831078 0.121746 3.906511 1.645250 0.659446 0.806181 -0.562987 1.174306 0.755343 
-1.164881 -0.040737 -0.401074 -2.008617 -1.257757 0.453739 1.184664 -0.698779 -0.611537 -1.418081 0.394769 -0.395086 0.426869 1.854636 -0.496905 1.181484 -0.616348 -1.627842 0.102162 -0.768838 0.107018 3.602201 1.579671 0.614170 0.737140 -0.538217 1.067075 0.696111 
-1.171475 -0.042095 -0.395874 -1.929770 -1.221431 0.357473 1.111068 -0.668070 -0.624963 -1.350919 0.353284 -0.464597 0.361546 1.707301 -0.497453 1.082840 -0.602337 -1.594067 0.075186 -0.707468 0.092804 3.302714 1.508582 0.568787 0.669328 -0.511189 0.962365 0.636612 
-1.168353 -0.043205 -0.388249 -1.844079 -1.179042 0.269235 1.034873 -0.633274 -0.631766 -1.279032 0.311598 -0.521554 0.300937 1.561646 -0.493395 0.987221 -0.584968 -1.549524 0.049509 -0.647059 0.079163 3.008628 1.432271 0.523426 0.602955 -0.482152 0.860493 0.577193 
-1.155454 -0.044024 -0.378174 -1.751675 -1.130704 0.189042 0.956513 -0.594858 -0.631974 -1.202761 0.270144 -0.566166 0.245015 1.417997 -0.484847 0.894566 -0.564293 -1.494626 0.025371 -0.587695 0.066155 2.720499 1.351022 0.478216 0.538223 -0.451339 0.761762 0.518193 
-1.132725 -0.044508 -0.365629 -1.652686 -1.076534 0.116905 0.876415 -0.553275 -0.625618 -1.122440 0.229339 -0.598638 0.193752 1.276674 -0.471927 0.804812 -0.540361 -1.429776 0.003001 -0.529464 0.053836 2.438860 1.265116 0.433281 0.475328 -0.418978 0.666463 0.459939 
-1.100126 -0.044616 -0.350597 -1.547242 -1.016648 0.052834 0.794993 -0.508965 -0.612735 -1.038396 0.189585 -0.619172 0.147119 1.137985 -0.454754 0.717900 -0.513220 -1.355372 -0.017380 -0.472446 0.042262 2.164225 1.174825 0.388742 0.414459 -0.385280 0.574880 0.402746 
-1.057624 -0.044307 -0.333062 -1.435472 -0.951164 -0.003164 0.712652 -0.462355 -0.593363 -0.950949 0.151271 -0.627970 0.105089 1.002227 -0.433444 0.633769 -0.482918 -1.271806 -0.035560 -0.416725 0.031489 1.897082 1.080419 0.344719 0.355798 -0.350450 0.487281 0.346917 
-1.005197 -0.043540 -0.313013 -1.317505 -0.880198 -0.051086 0.629785 -0.413857 -0.567549 -0.860412 0.114769 -0.625227 0.067630 0.869689 -0.408118 0.552362 -0.449501 -1.179460 -0.051337 -0.362378 0.021569 1.637900 0.982163 0.301330 0.299519 -0.314680 0.403926 0.292748 
-0.942832 -0.042276 -0.290442 -1.193470 -0.803868 -0.090928 0.546778 -0.363872 -0.535341 -0.767094 0.080437 -0.611141 0.034713 0.740649 -0.378893 0.473623 -0.413013 -1.078713 -0.064517 -0.309483 0.012554 1.387126 0.880316 0.258688 0.245791 -0.278150 0.325061 0.240519 
-0.870526 -0.040477 -0.265344 -1.063496 -0.722291 -0.122692 0.464003 -0.312786 -0.496793 -0.671293 0.048620 -0.585903 0.006306 0.615378 -0.345891 0.397496 -0.373497 -0.969935 -0.074918 -0.258115 0.004495 1.145185 0.775132 0.216903 0.194773 -0.241030 0.250925 0.190503 
-0.788286 -0.038105 -0.237716 -0.927712 -0.635586 -0.146380 0.381825 -0.260971 -0.451962 -0.573306 0.019645 -0.549703 -0.017623 0.494132 -0.309231 0.323926 -0.330997 -0.853488 -0.082363 -0.208348 -0.002560 0.912478 0.666860 0.176086 0.146620 -0.203480 0.181741 0.142958 
-0.696130 -0.035123 -0.207559 -0.786246 -0.543871 -0.161998 0.300597 -0.208787 -0.400910 -0.473418 -0.006173 -0.502729 -0.037106 0.377162 -0.269034 0.252862 -0.285553 -0.729730 -0.086687 -0.160254 -0.008562 0.689388 0.555744 0.136342 0.101479 -0.165647 0.117725 0.098134 
-0.594083 -0.031495 -0.174879 -0.639226 -0.447264 -0.169555 0.220662 -0.156579 -0.343704 -0.371912 -0.028534 -0.445167 -0.052176 0.264706 -0.225420 0.184251 -0.237205 -0.599010 -0.087734 -0.113903 -0.013466 0.476272 0.442025 0.097774 0.059488 -0.127669 0.059078 0.056269 
-0.482182 -0.027186 -0.139681 -0.486781 -0.345885 -0.169060 0.142353 -0.104681 -0.280415 -0.269060 -0.047156 -0.377198 -0.062868 0.156994 -0.178511 0.118042 -0.185991 -0.461671 -0.085356 -0.069361 -0.017226 0.273468 0.325935 0.060484 0.020781 -0.089671 0.005993 0.017589 
-0.360472 -0.022160 -0.101977 -0.329038 -0.239854 -0.160528 0.065992 -0.053412 -0.211118 -0.165132 -0.061766 -0.299003 -0.069216 0.054245 -0.128429 0.054188 -0.131949 -0.318049 -0.079416 -0.026696 -0.019799 0.081292 0.207704 0.024568 -0.014518 -0.051769 -0.041351 -0.017690 
-0.229011 -0.016385 -0.061780 -0.166125 -0.129289 -0.143973 -0.008108 -0.003077 -0.135893 -0.060388 -0.072112 -0.210759 -0.071255 -0.043332 -0.075296 -0.007360 -0.075115 -0.168473 -0.069785 0.014028 -0.021142 -0.099964 0.087557 -0.009878 -0.046288 -0.014067 -0.082783 -0.049364 
-0.087862 -0.009828 -0.019107 0.001829 -0.014311 -0.119415 -0.079646 0.046032 -0.054823 0.044918 -0.077952 -0.112641 -0.069022 -0.135535 -0.019234 -0.066649 -0.015523 -0.013265 -0.056342 0.052751 -0.021215 -0.270028 -0.034287 -0.042760 -0.074419 0.023343 -0.118146 -0.077239 
0.062898 -0.002456 0.026022 0.174697 0.104960 -0.086873 -0.148329 0.093635 0.032003 0.150536 -0.079061 -0.004821 -0.062553 -0.222177 0.039632 -0.123724 0.046793 0.147260 -0.038979 0.089410 -0.019978 -0.428651 -0.157615 -0.073990 -0.098807 0.060377 -0.147293 -0.101133 
0.223184 0.005761 0.073585 0.352352 0.228403 -0.046371 -0.213877 0.139467 0.124492 0.256227 -0.075228 0.112531 -0.051885 -0.303075 0.101180 -0.178629 0.111800 0.312793 -0.017592 0.123948 -0.017393 -0.575603 -0.282216 -0.103479 -0.119353 0.096966 -0.170089 -0.120876 
0.392902 0.014853 0.123554 0.534666 0.355898 0.002065 -0.276017 0.183275 0.222547 0.361754 -0.066258 0.239247 -0.037058 -0.378061 0.165285 -0.231407 0.179467 0.483032 0.007909 0.156309 -0.013423 -0.710681 -0.407887 -0.131144 -0.135968 0.133049 -0.186408 -0.136306 
0.571946 0.024851 0.175902 0.721513 0.487322 0.058406 -0.334490 0.224823 0.326067 0.466890 -0.051969 0.375163 -0.018109 -0.446974 0.231823 -0.282100 0.249766 0.657683 0.037607 0.186437 -0.008033 -0.833699 -0.534429 -0.156902 -0.148567 0.168576 -0.196139 -0.147275 
0.760203 0.035783 0.230594 0.912765 0.622555 0.122622 -0.389044 0.263883 0.434947 0.571413 -0.032195 0.520116 0.004922 -0.509664 0.300669 -0.330747 0.322666 0.836458 0.071577 0.214279 -0.001189 -0.944496 -0.661647 -0.180674 -0.157074 0.203510 -0.199178 -0.153646 
0.957548 0.047677 0.287597 1.108296 0.761474 0.194680 -0.439438 0.300244 0.549075 0.675107 -0.006784 0.673947 0.031995 -0.565989 0.371699 -0.377389 0.398140 1.019076 0.109882 0.239786 0.007142 -1.042931 -0.789352 -0.202383 -0.161420 0.237823 -0.195436 -0.155291 
1.163847 0.060560 0.346871 1.307978 0.903958 0.274544 -0.485443 0.333709 0.668338 0.777765 0.024401 0.836498 0.063068 -0.615819 0.444785 -0.422062 0.476163 1.205263 0.152579 0.262908 0.016990 -1.128885 -0.917360 -0.221956 -0.161543 0.271500 -0.184832 -0.152095 
1.378956 0.074458 0.408374 1.511685 1.049883 0.362174 -0.526839 0.364091 0.792616 0.879184 0.061481 1.007615 0.098100 -0.659033 0.519803 -0.464804 0.556710 1.394752 0.199712 0.283597 0.028387 -1.202263 -1.045491 -0.239320 -0.157387 0.304535 -0.167298 -0.143953 
1.602723 0.089396 0.472061 1.719291 1.199127 0.457531 -0.563417 0.391220 0.921787 0.979169 0.104566 1.187145 0.137048 -0.695521 0.596624 -0.505649 0.639757 1.587282 0.251319 0.301809 0.041360 -1.262990 -1.173572 -0.254409 -0.148904 0.336933 -0.142777 -0.130772 
1.834983 0.105399 0.537885 1.930669 1.351567 0.560571 -0.594975 0.414936 1.055722 1.077531 0.153746 1.374940 0.179871 -0.725180 0.675124 -0.544632 0.725281 1.782599 0.307427 0.317501 0.055936 -1.311012 -1.301433 -0.267155 -0.136052 0.368713 -0.111223 -0.112471 
2.075564 0.122492 0.605794 2.145694 1.507079 0.671247 -0.621327 0.435096 1.194290 1.174088 0.209100 1.570852 0.226524 -0.747920 0.755173 -0.581786 0.813261 1.980458 0.368055 0.330631 0.072142 -1.346299 -1.428910 -0.277495 -0.118796 0.399901 -0.072602 -0.088977 
2.324283 0.140695 0.675734 2.364239 1.665539 0.789511 -0.642292 0.451569 1.337354 1.268663 0.270691 1.774736 0.276962 -0.763658 0.836644 -0.617143 0.903678 2.180618 0.433213 0.341159 0.090002 -1.368842 -1.555844 -0.285369 -0.097111 0.430536 -0.026890 -0.060230 
2.580947 0.160033 0.747647 2.586178 1.826823 0.915313 -0.657702 0.464235 1.484774 1.361088 0.338567 1.986450 0.331140 -0.772324 0.919408 -0.650731 0.996512 2.382846 0.502900 0.349048 0.109538 -1.378654 -1.682081 -0.290719 -0.070975 0.460669 0.025926 -0.026182 
2.845354 0.180526 0.821473 2.811387 1.990806 1.048598 -0.667399 0.472992 1.636405 1.451201 0.412762 2.205855 0.389014 -0.773855 1.003337 -0.682582 1.091746 2.586917 0.577107 0.354261 0.130773 -1.375769 -1.807471 -0.293490 -0.040375 0.490359 0.085847 0.013205 
3.117291 0.202195 0.897148 3.039738 2.157364 1.189310 -0.671235 0.477747 1.792097 1.538846 0.493295 2.432815 0.450536 -0.768199 1.088303 -0.712722 1.189365 2.792611 0.655816 0.356767 0.153726 -1.360244 -1.931870 -0.293629 -0.005305 0.519679 0.152862 0.057958 
3.396538 0.225058 0.974604 3.271108 2.326372 1.337392 -0.669071 0.478423 1.951696 1.623872 0.580170 2.667193 0.515658 -0.755315 1.174174 -0.741178 1.289352 2.999716 0.738999 0.356531 0.178417 -1.332157 -2.055140 -0.291086 0.034234 0.548711 0.226950 0.108093 
3.682862 0.249136 1.053773 3.505370 2.497704 1.492780 -0.660781 0.474956 2.115044 1.706137 0.673377 2.908860 0.584334 -0.735169 1.260821 -0.767975 1.391695 3.208027 0.826620 0.353524 0.204863 -1.291609 -2.177145 -0.285814 0.078235 0.577550 0.308079 0.163614 
3.976022 0.274446 1.134581 3.742400 2.671235 1.655413 -0.646247 0.467296 2.281979 1.785506 0.772889 3.157685 0.656515 -0.707741 1.348113 -0.793138 1.496381 3.417344 0.918632 0.347719 0.233081 -1.238721 -2.297758 -0.277769 0.126682 0.606299 0.396205 0.224514 
4.275766 0.301005 1.216951 3.982073 2.846837 1.825224 -0.625362 0.455403 2.452334 1.861847 0.878667 3.413541 0.732151 -0.673016 1.435920 -0.816689 1.603398 3.627477 1.014982 0.339088 0.263084 -1.173638 -2.416853 -0.266908 0.179555 0.635074 0.491273 0.290777 
4.581835 0.328829 1.300804 4.224263 3.024386 2.002143 -0.598029 0.439256 2.625937 1.935039 0.990655 3.676304 0.811192 -0.630993 1.524110 -0.838649 1.712736 3.838240 1.115603 0.327607 0.294887 -1.096526 -2.534311 -0.253193 0.236823 0.664003 0.593217 0.362372 
4.893956 0.357934 1.386058 4.468847 3.203754 2.186100 -0.564162 0.418843 2.802613 2.004965 1.108785 3.945853 0.893588 -0.581678 1.612552 -0.859040 1.824388 4.049455 1.220424 0.313254 0.328502 -1.007572 -2.650019 -0.236586 0.298452 0.693223 0.701960 0.439261 
5.211850 0.388336 1.472627 4.715699 3.384814 2.377022 -0.523685 0.394167 2.982181 2.071515 1.232972 4.222068 0.979287 -0.525089 1.701112 -0.877879 1.938344 4.260952 1.329360 0.296008 0.363939 -0.906987 -2.763867 -0.217055 0.364397 0.722883 0.817412 0.521391 
5.535226 0.420046 1.560422 4.964696 3.567439 2.574830 -0.476531 0.365244 3.164459 2.134584 1.363115 4.504833 1.068237 -0.461252 1.789659 -0.895186 2.054600 4.472566 1.442321 0.275850 0.401207 -0.795001 -2.875750 -0.194568 0.434611 0.753141 0.939475 0.608702 
5.863784 0.453080 1.649352 5.215712 3.751500 2.779448 -0.422644 0.332105 3.349256 2.194078 1.499102 4.794033 1.160386 -0.390204 1.878059 -0.910976 2.173149 4.684140 1.559205 0.252764 0.440315 -0.671867 -2.985571 -0.169096 0.509034 0.784170 1.068037 0.701120 
6.197214 0.487448 1.739320 5.468625 3.936871 2.990793 -0.361981 0.294791 3.536379 2.249905 1.640804 5.089556 1.255680 -0.311991 1.966179 -0.925264 2.293988 4.895523 1.679902 0.226734 0.481270 -0.537862 -3.093234 -0.140613 0.587604 0.816150 1.202976 0.798559 
6.535197 0.523163 1.830229 5.723310 4.123423 3.208782 -0.294504 0.253360 3.725632 2.301982 1.788078 5.391294 1.354065 -0.226671 2.053885 -0.938065 2.417115 5.106571 1.804292 0.197748 0.524075 -0.393283 -3.198651 -0.109097 0.670250 0.849274 1.344159 0.900926 
6.877404 0.560234 1.921977 5.979644 4.311026 3.433327 -0.220190 0.207882 3.916812 2.350231 1.940764 5.699140 1.455486 -0.134308 2.141043 -0.949392 2.542527 5.317149 1.932248 0.165794 0.568736 -0.238447 -3.301737 -0.074527 0.756892 0.883746 1.491442 1.008114 
7.223495 0.598672 2.014461 6.237502 4.499553 3.664341 -0.139023 0.158441 4.109714 2.394583 2.098690 6.012990 1.559888 -0.034981 2.227517 -0.959256 2.670226 5.527126 2.063630 0.130863 0.615254 -0.073697 -3.402414 -0.036885 0.847448 0.919781 1.644667 1.120004 
7.573122 0.638486 2.107571 6.496762 4.688873 3.901732 -0.050999 0.105131 4.304126 2.434973 2.261669 6.332743 1.667214 0.071227 2.313172 -0.967667 2.800212 5.736378 2.198291 0.092947 0.663631 0.100605 -3.500606 0.003844 0.941823 0.957603 1.803670 1.236469 
7.925925 0.679683 2.201199 6.757300 4.878857 4.145406 0.043875 0.048066 4.499834 2.471345 2.429497 6.658299 1.777407 0.184219 2.397873 -0.974634 2.932487 5.944791 2.336077 0.052042 0.713866 0.284075 -3.596246 0.047673 1.039921 0.997450 1.968270 1.357367 
8.281537 0.722271 2.295229 7.018992 5.069376 4.395266 0.145585 -0.012634 4.696618 2.503646 2.601958 6.989562 1.890410 0.303888 2.481483 -0.980165 3.067056 6.152254 2.476820 0.008143 0.765958 0.476306 -3.689268 0.094611 1.141633 1.039569 2.138279 1.482549 
8.639579 0.766256 2.389544 7.281717 5.260299 4.651213 0.254103 -0.076829 4.894255 2.531834 2.778819 7.326438 2.006164 0.430121 2.563866 -0.984267 3.203922 6.358665 2.620347 -0.038752 0.819904 0.676869 -3.779614 0.144665 1.246847 1.084219 2.313496 1.611852 
8.999664 0.811645 2.484025 7.545350 5.451495 4.913145 0.369392 -0.144371 5.092517 2.555870 2.959834 7.668836 2.124611 0.562791 2.644885 -0.986945 3.343093 6.563929 2.766474 -0.088642 0.875699 0.885316 -3.867230 0.197840 1.355444 1.131670 2.493710 1.745103 
9.361393 0.858441 2.578549 7.809770 5.642833 5.180960 0.491407 -0.215094 5.291172 2.575724 3.144741 8.016666 2.245691 0.701763 2.724403 -0.988202 3.484575 6.767957 2.915007 -0.141525 0.933337 1.101172 -3.952066 0.254138 1.467295 1.182201 2.678697 1.882117 
9.724359 0.906649 2.672988 8.074854 5.834183 5.454549 0.620089 -0.288821 5.489982 2.591370 3.333264 8.369844 2.369343 0.846892 2.802281 -0.988042 3.628377 6.970667 3.065745 -0.197397 0.992812 1.323945 -4.034078 0.313558 1.582267 1.236104 2.868223 2.022700 
10.088145 0.956272 2.767213 8.340478 6.025412 5.733804 0.755372 -0.365363 5.688706 2.602792 3.525112 8.728283 2.495506 0.998023 2.878381 -0.986466 3.774509 7.171985 3.218475 -0.256252 1.054115 1.553119 -4.113228 0.376096 1.700219 1.293683 3.062042 2.166644 
10.452323 1.007313 2.861091 8.606522 6.216390 6.018613 0.897177 -0.444514 5.887100 2.609978 3.719980 9.091905 2.624118 1.154991 2.952565 -0.983475 3.922981 7.371841 3.372977 -0.318084 1.117236 1.788156 -4.189481 0.441746 1.821002 1.355249 3.259899 2.313733 
10.816458 1.059772 2.954488 8.872862 6.406983 6.308863 1.045417 -0.526058 6.084913 2.612923 3.917545 9.460629 2.755118 1.317622 3.024694 -0.979066 4.073807 7.570176 3.529022 -0.382881 1.182163 2.028496 -4.262808 0.510499 1.944461 1.421129 3.461524 2.463736 
11.180102 1.113651 3.047263 9.139377 6.597059 6.604435 1.199993 -0.609762 6.281891 2.611628 4.117474 9.834380 2.888441 1.485732 3.094627 -0.973239 4.227000 7.766934 3.686371 -0.450634 1.248884 2.273558 -4.333184 0.582344 2.070433 1.491657 3.666640 2.616416 
11.542799 1.168950 3.139274 9.405946 6.786485 6.905212 1.360797 -0.695384 6.477776 2.606103 4.319416 10.213083 3.024024 1.659125 3.162225 -0.965989 4.382574 7.962068 3.844774 -0.521327 1.317386 2.522739 -4.400592 0.657266 2.198751 1.567180 3.874955 2.771520 
11.904082 1.225667 3.230377 9.672445 6.975129 7.211071 1.527710 -0.782664 6.672304 2.596363 4.523006 10.596669 3.161802 1.837598 3.227347 -0.957312 4.540546 8.155538 4.003975 -0.594947 1.387652 2.775413 -4.465016 0.735248 2.329237 1.648056 4.086169 2.928786 
12.263477 1.283800 3.320423 9.938754 7.162857 7.521888 1.700603 -0.871333 6.865209 2.582428 4.727864 10.985067 3.301710 2.020937 3.289852 -0.947201 4.700932 8.347310 4.163707 -0.671475 1.459667 3.030934 -4.526447 0.816271 2.461707 1.734652 4.299968 3.087942 
12.620498 1.343348 3.409260 10.204752 7.349534 7.837537 1.879338 -0.961104 7.056218 2.564328 4.933597 11.378213 3.443682 2.208918 3.349600 -0.935650 4.863752 8.537356 4.323695 -0.750893 1.533411 3.288633 -4.584882 0.900312 2.595973 1.827348 4.516029 3.248703 
12.974648 1.404307 3.496734 10.470317 7.535027 8.157887 2.063763 -1.051680 7.245055 2.542096 5.139795 11.776042 3.587651 2.401306 3.406448 -0.922650 5.029025 8.725658 4.483653 -0.833180 1.608865 3.547818 -4.640322 0.987347 2.731835 1.926536 4.734017 3.410774 
13.325423 1.466672 3.582687 10.735327 7.719202 8.482807 2.253720 -1.142750 7.431441 2.515775 5.346035 12.178493 3.733550 2.597859 3.460254 -0.908191 5.196771 8.912201 4.643286 -0.918314 1.686009 3.807777 -4.692772 1.077348 2.869091 2.032615 4.953585 3.573848 
13.672309 1.530438 3.666958 10.999663 7.901923 8.812163 2.449039 -1.233989 7.615090 2.485411 5.551877 12.585509 3.881311 2.798323 3.510875 -0.892262 5.367014 9.096981 4.802293 -1.006268 1.764820 4.067777 -4.742243 1.170284 3.007528 2.145999 5.174375 3.737608 
14.014779 1.595600 3.749383 11.263203 8.083056 9.145818 2.649539 -1.325058 7.795714 2.451060 5.756869 12.997033 4.030866 3.002435 3.558169 -0.874851 5.539777 9.279996 4.960359 -1.097017 1.845275 4.327059 -4.788751 1.266124 3.146928 2.267111 5.396019 3.901724 
14.352300 1.662151 3.829795 11.525826 8.262465 9.483632 2.855029 -1.415606 7.973018 2.412783 5.960541 13.413011 4.182143 3.209921 3.601992 -0.855944 5.715084 9.461255 5.117164 -1.190533 1.927348 4.584847 -4.832317 1.364830 3.287066 2.396385 5.618138 4.065858 
14.684327 1.730083 3.908023 11.787413 8.440015 9.825463 3.065309 -1.505267 8.146706 2.370646 6.162413 13.833394 4.335075 3.420499 3.642199 -0.835526 5.892961 9.640772 5.272376 -1.286785 2.011014 4.840339 -4.872967 1.466364 3.427709 2.534267 5.840339 4.229658 
15.010307 1.799388 3.983895 12.047842 8.615569 10.171167 3.280168 -1.593663 8.316474 2.324725 6.361984 14.258131 4.489589 3.633876 3.678647 -0.813582 6.073436 9.818568 5.425655 -1.385740 2.096244 5.092714 -4.910732 1.570687 3.568618 2.681213 6.062221 4.392763 
15.329675 1.870057 4.057233 12.306994 8.788992 10.520597 3.499384 -1.680402 8.482016 2.275100 6.558744 14.687179 4.645614 3.849748 3.711191 -0.790094 6.256537 9.994672 5.576652 -1.487365 2.183010 5.341129 -4.945648 1.677754 3.709546 2.837691 6.283370 4.554798 
15.641858 1.942079 4.127858 12.564748 8.960146 10.873604 3.722726 -1.765079 8.643021 2.221858 6.752165 15.120492 4.803078 4.067804 3.739685 -0.765043 6.442293 10.169118 5.725008 -1.591623 2.271281 5.584717 -4.977756 1.787518 3.850240 3.004178 6.503361 4.715381 
15.946273 2.015445 4.195587 12.820985 9.128894 11.230035 3.949951 -1.847274 8.799175 2.165094 6.941705 15.558032 4.961908 4.287721 3.763985 -0.738410 6.630735 10.341948 5.870355 -1.698476 2.361025 5.822590 -5.007101 1.899932 3.990440 3.181165 6.721758 4.874115 
16.242327 2.090142 4.260234 13.075584 9.295099 11.589735 4.180808 -1.926556 8.950157 2.104907 7.126808 15.999758 5.122030 4.509167 3.783943 -0.710174 6.821897 10.513211 6.012316 -1.807886 2.452209 6.053840 -5.033735 2.014942 4.129877 3.369151 6.938115 5.030594 
16.529416 2.166157 4.321610 13.328426 9.458624 11.952548 4.415034 -2.002478 9.095642 2.041405 7.306902 16.445636 5.283371 4.731800 3.799413 -0.680312 7.015810 10.682962 6.150506 -1.919809 2.544799 6.277534 -5.057713 2.132495 4.268276 3.568648 7.151972 5.184401 
16.806928 2.243478 4.379522 13.579393 9.619331 12.318314 4.652356 -2.074583 9.235304 1.974701 7.481400 16.895633 5.445854 4.955267 3.810248 -0.648801 7.212509 10.851264 6.284528 -2.034203 2.638758 6.492721 -5.079097 2.252534 4.405358 3.780178 7.362860 5.335107 
17.074241 2.322091 4.433776 13.828363 9.777081 12.686871 4.892492 -2.142396 9.368808 1.904916 7.649703 17.349718 5.609404 5.179207 3.816302 -0.615615 7.412032 11.018186 6.413979 -2.151021 2.734049 6.698424 -5.097953 2.374999 4.540832 4.004274 7.570299 5.482271 
17.330722 2.401979 4.484172 14.075218 9.931735 13.058054 5.135149 -2.205433 9.495819 1.832177 7.811193 17.807862 5.773946 5.403248 3.817425 -0.580730 7.614413 11.183805 6.538443 -2.270217 2.830634 6.893646 -5.114351 2.499828 4.674404 4.241482 7.773795 5.625445 
17.575730 2.483129 4.530510 14.319840 10.083156 13.431696 5.380022 -2.263194 9.615994 1.756616 7.965242 18.270041 5.939401 5.627009 3.813470 -0.544117 7.819693 11.348202 6.657500 -2.391742 2.928472 7.077370 -5.128367 2.626955 4.805770 4.492355 7.972847 5.764164 
17.808613 2.565523 4.572583 14.562108 10.231203 13.807627 5.626798 -2.315166 9.728987 1.678374 8.111202 18.736230 6.105691 5.850098 3.804288 -0.505748 8.027910 11.511469 6.770716 -2.515543 3.027522 7.248553 -5.140082 2.756314 4.934621 4.757460 8.166940 5.897957 
18.028709 2.649143 4.610185 14.801905 10.375737 14.185675 5.875153 -2.360823 9.834448 1.597597 8.248416 19.206411 6.272740 6.072114 3.789730 -0.465593 8.239105 11.673702 6.877650 -2.641568 3.127741 7.406134 -5.149583 2.887833 5.060640 5.037375 8.355547 6.026338 
18.235347 2.733972 4.643104 15.039112 10.516618 14.565665 6.124753 -2.399626 9.932024 1.514439 8.376207 19.680564 6.440466 6.292646 3.769646 -0.423621 8.453321 11.835004 6.977851 -2.769763 3.229085 7.549029 -5.156960 3.021439 5.183504 5.332688 8.538133 6.148814 
18.427846 2.819990 4.671127 15.273610 10.653706 14.947420 6.375254 -2.431021 10.021354 1.429058 8.493886 20.158674 6.608791 6.511273 3.743887 -0.379800 8.670600 11.995486 7.070860 -2.900070 3.331509 7.676130 -5.162309 3.157058 5.302882 5.643998 8.714148 6.264877 
18.605515 2.907178 4.694035 15.505282 10.786860 15.330761 6.626299 -2.454442 10.102075 1.341622 8.600750 20.640729 6.777634 6.727564 3.712301 -0.334095 8.890987 12.155266 7.156207 -3.032430 3.434965 7.786310 -5.165732 3.294610 5.418435 5.971914 8.883035 6.374009 
18.767654 2.995514 4.711608 15.734008 10.915940 15.715503 6.877526 -2.469310 10.173820 1.252302 8.696078 21.126717 6.946912 6.941079 3.674739 -0.286473 9.114528 12.314467 7.233415 -3.166783 3.539405 7.878418 -5.167333 3.434015 5.529820 6.317060 9.044222 6.475683 
18.913552 3.084978 4.723623 15.959671 11.040805 16.101464 7.128557 -2.475031 10.236216 1.161279 8.779138 21.616631 7.116546 7.151367 3.631048 -0.236897 9.341270 12.473221 7.301997 -3.303067 3.644780 7.951283 -5.167225 3.575188 5.636684 6.680066 9.197127 6.569358 
19.042490 3.175547 4.729853 16.182153 11.161312 16.488455 7.379008 -2.470998 10.288888 1.068739 8.849180 22.110467 7.286451 7.357968 3.581078 -0.185330 9.571262 12.631666 7.361455 -3.441216 3.751039 8.003712 -5.165523 3.718043 5.738668 7.061575 9.341158 6.654484 
19.153736 3.267197 4.730069 16.401337 11.277321 16.876286 7.628483 -2.456591 10.331454 0.974873 8.905442 22.608220 7.456545 7.560412 3.524675 -0.131733 9.804551 12.789947 7.411284 -3.581166 3.858128 8.034487 -5.162347 3.862492 5.835408 7.462243 9.475712 6.730498 
19.246553 3.359906 4.724036 16.617104 11.388689 17.264766 7.876576 -2.431177 10.363529 0.879881 8.947145 23.109891 7.626742 7.758218 3.461687 -0.076066 10.041191 12.948215 7.450970 -3.722847 3.965995 8.042372 -5.157825 4.008442 5.926529 7.882734 9.600171 6.796828 
19.320190 3.453647 4.711519 16.829338 11.495273 17.653698 8.122870 -2.394108 10.384724 0.783969 8.973496 23.615482 7.796960 7.950896 3.391962 -0.018289 10.281232 13.106628 7.479987 -3.866190 4.074584 8.026108 -5.152087 4.155799 6.011652 8.323724 9.713911 6.852890 
19.373888 3.548396 4.692279 17.037921 11.596931 18.042886 8.366938 -2.344726 10.394645 0.687348 8.983689 24.124998 7.967111 8.137948 3.315345 0.041642 10.524727 13.265353 7.497803 -4.011122 4.183839 7.984413 -5.145269 4.304466 6.090390 8.785901 9.816292 6.898087 
19.406878 3.644125 4.666074 17.242736 11.693520 18.432130 8.608344 -2.282355 10.392893 0.590239 8.976901 24.638445 8.137111 8.318863 3.231683 0.103770 10.771731 13.424562 7.503875 -4.157570 4.293702 7.915984 -5.137512 4.454344 6.162350 9.269962 9.906667 6.931815 
19.418381 3.740808 4.632657 17.443666 11.784896 18.821226 8.846641 -2.206308 10.379067 0.492866 8.952294 25.155835 8.306872 8.493121 3.140821 0.168140 11.022300 13.584433 7.497651 -4.305458 4.404113 7.819496 -5.128962 4.605329 6.227129 9.776617 9.984376 6.953454 
19.407610 3.838416 4.591780 17.640594 11.870916 19.209971 9.081372 -2.115886 10.352758 0.395460 8.909017 25.677180 8.476306 8.660194 3.042606 0.234797 11.276491 13.745154 7.478571 -4.454709 4.515012 7.693602 -5.119769 4.757316 6.284321 10.306586 10.048746 6.962378 
19.373765 3.936921 4.543191 17.833404 11.951435 19.598155 9.312067 -2.010373 10.313556 0.298262 8.846203 26.202493 8.645325 8.819543 2.936880 0.303789 11.534361 13.906916 7.446064 -4.605242 4.626336 7.536933 -5.110091 4.910199 6.333510 10.860599 10.099095 6.957946 
19.316039 4.036293 4.486636 18.021979 12.026310 19.985570 9.538251 -1.889043 10.261045 0.201515 8.762971 26.731793 8.813841 8.970617 2.823490 0.375166 11.795971 14.069919 7.399552 -4.756978 4.738024 7.348099 -5.100088 5.063866 6.374274 11.439400 10.134730 6.939506 
19.233614 4.136500 4.421857 18.206202 12.095395 20.372002 9.759433 -1.751155 10.194804 0.105472 8.658425 27.265101 8.981763 9.112860 2.702278 0.448976 12.061381 14.234371 7.338445 -4.909831 4.850009 7.125688 -5.089926 5.218204 6.406185 12.043741 10.154946 6.906398 
19.125662 4.237513 4.348591 18.385958 12.158546 20.757237 9.975117 -1.595954 10.114411 0.010391 8.531654 27.802437 9.149002 9.245701 2.573089 0.525271 12.330652 14.400485 7.262145 -5.063718 4.962225 6.868264 -5.079776 5.373097 6.428805 12.674386 10.159026 6.857949 
18.991347 4.339298 4.266575 18.561130 12.215617 21.141056 10.184793 -1.422672 10.019434 -0.083463 8.381732 28.343828 9.315466 9.368562 2.435765 0.604104 12.603849 14.568481 7.170047 -5.218550 5.074606 6.574372 -5.069814 5.528428 6.441693 13.332110 10.146244 6.793473 
18.829820 4.441822 4.175541 18.731602 12.266462 21.523239 10.387942 -1.230530 9.909442 -0.175819 8.207719 28.889301 9.481064 9.480855 2.290149 0.685528 12.881034 14.738586 7.061534 -5.374240 5.187082 6.242534 -5.060221 5.684074 6.444398 14.017700 10.115860 6.712277 
18.640225 4.545052 4.075219 18.897260 12.310936 21.903564 10.584036 -1.018731 9.783997 -0.266399 8.008660 29.438885 9.645703 9.581981 2.136084 0.769597 13.162275 14.911035 6.935981 -5.530696 5.299583 5.871250 -5.051183 5.839912 6.436462 14.731952 10.067124 6.613653 
18.421696 4.648953 3.965335 19.057986 12.348892 22.281805 10.772533 -0.786469 9.642657 -0.354919 7.783585 29.992615 9.809290 9.671333 1.973410 0.856368 13.447637 15.086068 6.792752 -5.687826 5.412037 5.458997 -5.042891 5.995816 6.417422 15.475674 9.999277 6.496885 
18.173355 4.753489 3.845612 19.213665 12.380184 22.657735 10.952886 -0.532921 9.484976 -0.441086 7.531510 30.550525 9.971732 9.748293 1.801970 0.945899 13.737189 15.263934 6.631205 -5.845534 5.524372 5.004233 -5.035542 6.151656 6.386807 16.249685 9.911545 6.361243 
17.894318 4.858625 3.715771 19.364183 12.404665 23.031124 11.124533 -0.257254 9.310503 -0.524604 7.251434 31.112652 10.132933 9.812231 1.621603 1.038248 14.031001 15.444886 6.450687 -6.003726 5.636512 4.505391 -5.029335 6.307301 6.344139 17.054816 9.803145 6.205988 
17.583687 4.964322 3.575527 19.509423 12.422188 23.401737 11.286905 0.041382 9.118783 -0.605167 6.942344 31.679037 10.292798 9.862512 1.432152 1.133475 14.329142 15.629188 6.250535 -6.162301 5.748384 3.960884 -5.024478 6.462616 6.288931 17.891908 9.673282 6.030369 
17.240558 5.070543 3.424594 19.649272 12.432604 23.769340 11.439420 0.363848 8.909356 -0.682466 6.603210 32.249722 10.451233 9.898487 1.233455 1.231641 14.631685 15.817107 6.030079 -6.321160 5.859908 3.369104 -5.021180 6.617463 6.220693 18.761811 9.521152 5.833624 
16.864014 5.177249 3.262684 19.783613 12.435766 24.133696 11.581489 0.711018 8.681760 -0.756182 6.232990 32.824754 10.608139 9.919499 1.025352 1.332809 14.938702 16.008918 5.788637 -6.480200 5.971007 2.728418 -5.019659 6.771704 6.138924 19.665390 9.345936 5.614981 
16.453131 5.284401 3.089504 19.912333 12.431527 24.494563 11.712509 1.083781 8.435526 -0.825992 5.830625 33.404179 10.763420 9.924881 0.807683 1.437042 15.250268 16.204904 5.525520 -6.639318 6.081601 2.037173 -5.020136 6.925195 6.043119 20.603519 9.146807 5.373655 
16.006973 5.391957 2.904757 20.035316 12.419736 24.851699 11.831870 1.483040 8.170181 -0.891565 5.395041 33.988049 10.916978 9.913955 0.580286 1.544406 15.566459 16.405353 5.240030 -6.798408 6.191609 1.293696 -5.022836 7.077791 5.932764 21.577081 8.922924 5.108851 
15.524596 5.499877 2.708146 20.152449 12.400246 25.204858 11.938950 1.909709 7.885248 -0.952564 4.925151 34.576416 11.068714 9.886035 0.343000 1.654966 15.887350 16.610563 4.931458 -6.957361 6.300948 0.496288 -5.027990 7.229345 5.807339 22.586974 8.673438 4.819763 
NaN NaN NaN NaN NaN NaN NaN NaN NaN NaN NaN NaN NaN NaN NaN NaN NaN NaN NaN NaN NaN NaN NaN NaN NaN NaN NaN NaN 
NaN NaN NaN NaN NaN NaN NaN NaN NaN NaN NaN NaN NaN NaN NaN NaN NaN NaN NaN NaN NaN NaN NaN NaN NaN NaN NaN NaN 
NaN NaN NaN NaN NaN NaN NaN NaN NaN NaN NaN NaN NaN NaN NaN NaN NaN NaN NaN NaN NaN NaN NaN NaN NaN NaN NaN NaN 
NaN NaN NaN NaN NaN NaN NaN NaN NaN NaN NaN NaN NaN NaN NaN NaN NaN NaN NaN NaN NaN NaN NaN NaN NaN NaN NaN NaN 
