NaN NaN NaN NaN NaN NaN NaN NaN NaN NaN NaN NaN NaN NaN NaN NaN NaN NaN NaN NaN NaN 
NaN NaN NaN NaN NaN NaN NaN NaN NaN NaN NaN NaN NaN NaN NaN NaN NaN NaN NaN NaN NaN 
NaN NaN NaN NaN NaN NaN NaN NaN NaN NaN NaN NaN NaN NaN NaN NaN NaN NaN NaN NaN NaN 
NaN NaN NaN NaN NaN NaN NaN NaN NaN NaN NaN NaN NaN NaN NaN NaN NaN NaN NaN NaN NaN 
NaN NaN NaN NaN NaN NaN NaN NaN NaN NaN NaN NaN NaN NaN NaN NaN NaN NaN NaN NaN NaN 
0.908246 4.016680 7.084706 -0.958206 1.465722 2.410672 -1.674066 -2.426106 2.473278 -0.463241 4.593682 15.202287 -0.479579 -0.007108 3.992127 -3.352652 -0.072562 2.880373 -0.759346 9.876411 1.525227 
0.718309 3.802245 6.562773 -0.693296 1.340375 2.393575 -1.763173 -2.620345 2.307254 -0.452173 4.271153 14.668486 -0.413598 0.084414 3.633823 -3.584117 0.075684 2.853179 -0.834850 9.378184 1.323417 
0.535442 3.597107 6.066251 -0.446597 1.219376 2.370987 -1.851395 -2.798330 2.145214 -0.444275 3.962495 14.145076 -0.355078 0.165572 3.292684 -3.789130 0.211578 2.820135 -0.905187 8.890199 1.128101 
0.359666 3.400971 5.594388 -0.217508 1.102714 2.343245 -1.938388 -2.960547 1.987220 -0.439303 3.667385 13.631981 -0.303617 0.236879 2.968281 -3.968778 0.335613 2.781598 -0.970471 8.412669 0.939335 
0.191003 3.213548 5.146445 -0.005437 0.990377 2.310679 -2.023816 -3.107477 1.833335 -0.437014 3.385501 13.129121 -0.258818 0.298835 2.660187 -4.124131 0.448274 2.737920 -1.030813 7.945799 0.757176 
0.029470 3.034553 4.721693 0.190200 0.882351 2.273610 -2.107347 -3.239589 1.683618 -0.437172 3.116527 12.636421 -0.220293 0.351935 2.367983 -4.256244 0.550038 2.689446 -1.086320 7.489784 0.581674 
-0.124916 2.863704 4.319412 0.369979 0.778619 2.232356 -2.188661 -3.357347 1.538128 -0.439543 2.860149 12.153803 -0.187661 0.396664 2.091254 -4.366151 0.641372 2.636517 -1.137100 7.044814 0.412880 
-0.272142 2.700727 3.938897 0.534468 0.679164 2.187227 -2.267442 -3.461206 1.396922 -0.443900 2.616058 11.681193 -0.160548 0.433499 1.829593 -4.454872 0.722737 2.579465 -1.183259 6.611069 0.250842 
-0.412197 2.545350 3.579454 0.684229 0.583970 2.138526 -2.343384 -3.551614 1.260056 -0.450019 2.383948 11.218514 -0.138586 0.462909 1.582598 -4.523408 0.794584 2.518616 -1.224898 6.188724 0.095604 
-0.545071 2.397307 3.240397 0.819815 0.493016 2.086551 -2.416186 -3.629008 1.127585 -0.457683 2.163519 10.765691 -0.121413 0.485352 1.349872 -4.572743 0.857357 2.454292 -1.262121 5.777942 -0.052789 
-0.670760 2.256335 2.921054 0.941769 0.406280 2.031593 -2.485559 -3.693821 0.999561 -0.466676 1.954472 10.322651 -0.108678 0.501282 1.131024 -4.603842 0.911490 2.386806 -1.295026 5.378881 -0.194299 
-0.789257 2.122177 2.620765 1.050630 0.323742 1.973937 -2.551216 -3.746475 0.876035 -0.476790 1.756514 9.889318 -0.100034 0.511140 0.925671 -4.617656 0.957410 2.316466 -1.323711 4.991691 -0.328886 
-0.900562 1.994581 2.338879 1.146928 0.245377 1.913861 -2.612883 -3.787388 0.757057 -0.487819 1.569353 9.465621 -0.095140 0.515362 0.733432 -4.615116 0.995535 2.243574 -1.348272 4.616514 -0.456515 
-1.004676 1.873299 2.074757 1.231183 0.171159 1.851636 -2.670289 -3.816965 0.642676 -0.499564 1.392705 9.051485 -0.093665 0.514374 0.553934 -4.597136 1.026274 2.168425 -1.368804 4.253483 -0.577153 
-1.101600 1.758088 1.827774 1.303909 0.101064 1.787528 -2.723174 -3.835606 0.532938 -0.511828 1.226286 8.646838 -0.095282 0.508593 0.386812 -4.564613 1.050030 2.091308 -1.385399 3.902725 -0.690768 
-1.191341 1.648708 1.597312 1.365613 0.035062 1.721796 -2.771284 -3.843703 0.427890 -0.524420 1.069818 8.251608 -0.099675 0.498429 0.231702 -4.518427 1.067195 2.012506 -1.398147 3.564356 -0.797332 
-1.273905 1.544927 1.382767 1.416793 -0.026875 1.654693 -2.814372 -3.841641 0.327574 -0.537155 0.923026 7.865724 -0.106530 0.484283 0.088249 -4.459439 1.078153 1.932295 -1.407138 3.238489 -0.896818 
-1.349303 1.446514 1.183546 1.457940 -0.084778 1.586465 -2.852200 -3.829794 0.232034 -0.549849 0.785639 7.489115 -0.115543 0.466547 -0.043896 -4.388495 1.083282 1.850945 -1.412458 2.925224 -0.989204 
-1.417548 1.353245 0.999067 1.489535 -0.138678 1.517352 -2.884537 -3.808530 0.141310 -0.562327 0.657390 7.121709 -0.126418 0.445604 -0.165077 -4.306421 1.082950 1.768721 -1.414192 2.624658 -1.074466 
-1.478652 1.264900 0.828760 1.512054 -0.188609 1.447587 -2.911160 -3.778209 0.055443 -0.574414 0.538016 6.763438 -0.138863 0.421831 -0.275633 -4.214029 1.077515 1.685879 -1.412423 2.336875 -1.152587 
-1.532635 1.181264 0.672064 1.525963 -0.234605 1.377398 -2.931852 -3.739184 -0.025531 -0.585943 0.427258 6.414231 -0.152595 0.395595 -0.375897 -4.112110 1.067329 1.602672 -1.407234 2.061955 -1.223549 
-1.579514 1.102126 0.528433 1.531723 -0.276703 1.307005 -2.946407 -3.691798 -0.101573 -0.596751 0.324859 6.074019 -0.167338 0.367253 -0.466193 -4.001440 1.052735 1.519343 -1.398703 1.799970 -1.287339 
-1.619312 1.027279 0.397329 1.529783 -0.314939 1.236623 -2.954622 -3.636388 -0.172650 -0.606678 0.230569 5.742734 -0.182821 0.337157 -0.546844 -3.882776 1.034068 1.436133 -1.386909 1.550982 -1.343943 
-1.652052 0.956522 0.278228 1.520588 -0.349353 1.166459 -2.956306 -3.573281 -0.238726 -0.615570 0.144138 5.420308 -0.198783 0.305648 -0.618164 -3.756859 1.011654 1.353273 -1.371927 1.315046 -1.393352 
-1.677761 0.889660 0.170614 1.504574 -0.379983 1.096716 -2.951272 -3.502799 -0.299771 -0.623278 0.065323 5.106673 -0.214967 0.273059 -0.680463 -3.624413 0.985811 1.270990 -1.353832 1.092210 -1.435559 
-1.696468 0.826498 0.073986 1.482168 -0.406873 1.027587 -2.939343 -3.425252 -0.355753 -0.629657 -0.006116 4.801761 -0.231126 0.239715 -0.734043 -3.486142 0.956848 1.189502 -1.332697 0.882514 -1.470560 
-1.708203 0.766851 -0.012148 1.453791 -0.430063 0.959263 -2.920349 -3.340947 -0.406644 -0.634565 -0.070415 4.505507 -0.247018 0.205933 -0.779201 -3.342736 0.925067 1.109025 -1.308591 0.685989 -1.498351 
-1.713000 0.710535 -0.088268 1.419855 -0.449599 0.891925 -2.894127 -3.250178 -0.452414 -0.637867 -0.127808 4.217844 -0.262408 0.172020 -0.816230 -3.194864 0.890760 1.029766 -1.281583 0.502659 -1.518933 
-1.710895 0.657371 -0.154842 1.380764 -0.465526 0.825749 -2.860522 -3.153235 -0.493038 -0.639432 -0.178523 3.938707 -0.277068 0.138276 -0.845416 -3.043182 0.854211 0.951924 -1.251741 0.332540 -1.532307 
-1.701925 0.607188 -0.212328 1.336916 -0.477891 0.760906 -2.819386 -3.050399 -0.528491 -0.639133 -0.222785 3.668029 -0.290779 0.104991 -0.867037 -2.888324 0.815697 0.875696 -1.219129 0.175640 -1.538479 
-1.686131 0.559815 -0.261172 1.288698 -0.486741 0.697557 -2.770581 -2.941941 -0.558750 -0.636848 -0.260816 3.405748 -0.303326 0.072449 -0.881369 -2.730910 0.775486 0.801269 -1.183812 0.031959 -1.537455 
-1.663555 0.515088 -0.301810 1.236492 -0.492127 0.635861 -2.713973 -2.828128 -0.583792 -0.632459 -0.292831 3.151798 -0.314503 0.040924 -0.888680 -2.571541 0.733837 0.728826 -1.145849 -0.098509 -1.529245 
-1.634244 0.472848 -0.334663 1.180672 -0.494099 0.575967 -2.649438 -2.709214 -0.603598 -0.625853 -0.319045 2.906115 -0.324111 0.010681 -0.889232 -2.410801 0.691000 0.658542 -1.105302 -0.215782 -1.513860 
-1.598243 0.432940 -0.360144 1.121603 -0.492710 0.518020 -2.576859 -2.585451 -0.618147 -0.616923 -0.339668 2.668638 -0.331956 -0.018023 -0.883281 -2.249256 0.647219 0.590588 -1.062227 -0.319881 -1.491314 
-1.555604 0.395214 -0.378655 1.059642 -0.488012 0.462157 -2.496126 -2.457077 -0.627423 -0.605564 -0.354905 2.439302 -0.337854 -0.044938 -0.871079 -2.087457 0.602728 0.525126 -1.016681 -0.410838 -1.461625 
-1.506377 0.359524 -0.390584 0.995139 -0.480062 0.408509 -2.407139 -2.324327 -0.631410 -0.591677 -0.364958 2.218045 -0.341626 -0.069825 -0.852871 -1.925934 0.557753 0.462314 -0.968718 -0.488691 -1.424810 
-1.450618 0.325729 -0.396310 0.928437 -0.468916 0.357202 -2.309801 -2.187426 -0.630092 -0.575168 -0.370025 2.004807 -0.343099 -0.092451 -0.828895 -1.765203 0.512511 0.402303 -0.918390 -0.553489 -1.380891 
-1.388383 0.293693 -0.396199 0.859869 -0.454631 0.308354 -2.204028 -2.046590 -0.623457 -0.555946 -0.370300 1.799525 -0.342111 -0.112594 -0.799386 -1.605761 0.467212 0.345236 -0.865748 -0.605285 -1.329892 
-1.319732 0.263284 -0.390607 0.789763 -0.437265 0.262076 -2.089739 -1.902030 -0.611493 -0.533927 -0.365975 1.602139 -0.338502 -0.130037 -0.764570 -1.448086 0.422056 0.291252 -0.810841 -0.644143 -1.271838 
-1.244725 0.234375 -0.379878 0.718436 -0.416881 0.218476 -1.966863 -1.753945 -0.594190 -0.509030 -0.357234 1.412588 -0.332123 -0.144575 -0.724670 -1.292642 0.377237 0.240483 -0.753716 -0.670131 -1.206758 
-1.163427 0.206844 -0.364345 0.646199 -0.393539 0.177651 -1.835337 -1.602530 -0.571539 -0.481178 -0.344262 1.230814 -0.322829 -0.156009 -0.679901 -1.139874 0.332938 0.193054 -0.694418 -0.683330 -1.134683 
-1.075904 0.180573 -0.344330 0.573356 -0.367303 0.139695 -1.695104 -1.447970 -0.543533 -0.450300 -0.327237 1.056755 -0.310485 -0.164150 -0.630473 -0.990209 0.289335 0.149085 -0.632989 -0.683824 -1.055645 
-0.982224 0.155449 -0.320142 0.500202 -0.338236 0.104695 -1.546116 -1.290443 -0.510167 -0.416329 -0.306334 0.890355 -0.294960 -0.168816 -0.576591 -0.844057 0.246595 0.108690 -0.569472 -0.671708 -0.969681 
-0.882458 0.131364 -0.292081 0.427023 -0.306406 0.072730 -1.388331 -1.130118 -0.471434 -0.379203 -0.281725 0.731554 -0.276133 -0.169836 -0.518454 -0.701811 0.204879 0.071974 -0.503906 -0.647084 -0.876827 
-0.776679 0.108214 -0.260434 0.354100 -0.271879 0.043875 -1.221716 -0.967156 -0.427334 -0.338864 -0.253576 0.580294 -0.253886 -0.167043 -0.456253 -0.563847 0.164335 0.039038 -0.436329 -0.610061 -0.777125 
-0.664964 0.085900 -0.225477 0.281704 -0.234724 0.018196 -1.046245 -0.801713 -0.377864 -0.295258 -0.222052 0.436518 -0.228113 -0.160284 -0.390175 -0.430523 0.125108 0.009976 -0.366777 -0.560756 -0.670617 
-0.547389 0.064327 -0.187475 0.210100 -0.195010 -0.004244 -0.861900 -0.633932 -0.323025 -0.248338 -0.187311 0.300170 -0.198711 -0.149409 -0.320402 -0.302178 0.087330 -0.015123 -0.295285 -0.499297 -0.557347 
-0.424034 0.043405 -0.146682 0.139542 -0.152809 -0.023392 -0.668670 -0.463953 -0.262818 -0.198059 -0.149511 0.171193 -0.165585 -0.134281 -0.247109 -0.179138 0.051128 -0.036179 -0.221884 -0.425814 -0.437363 
-0.294984 0.023050 -0.103340 0.070281 -0.108195 -0.039200 -0.466552 -0.291904 -0.197246 -0.144382 -0.108804 0.049531 -0.128648 -0.114768 -0.170465 -0.061707 0.016619 -0.053115 -0.146605 -0.340450 -0.310715 
-0.160321 0.003181 -0.057681 0.002555 -0.061240 -0.051625 -0.255550 -0.117909 -0.126314 -0.087272 -0.065336 -0.064871 -0.087820 -0.090749 -0.090633 0.049826 -0.016088 -0.065863 -0.069477 -0.243354 -0.177455 
-0.020135 -0.016278 -0.009922 -0.063401 -0.012020 -0.060632 -0.035677 0.057919 -0.050027 -0.026700 -0.019253 -0.172068 -0.043026 -0.062110 -0.007771 0.155190 -0.046893 -0.074359 0.009473 -0.134682 -0.037637 
0.125487 -0.035397 0.039726 -0.127364 0.039389 -0.066193 0.193047 0.235474 0.031607 0.037362 0.029304 -0.272115 0.005799 -0.028745 0.077969 0.254131 -0.075703 -0.078549 0.090220 -0.014599 0.108682 
0.276451 -0.054245 0.091067 -0.189116 0.092907 -0.068283 0.430596 0.414658 0.118579 0.104933 0.080199 -0.365066 0.058716 0.009441 0.166441 0.346413 -0.102434 -0.078380 0.172741 0.116723 0.261443 
0.432664 -0.072882 0.143916 -0.248448 0.148455 -0.066888 0.676935 0.595379 0.210878 0.176029 0.133299 -0.450973 0.115778 0.052537 0.257505 0.431816 -0.127012 -0.073810 0.257014 0.259102 0.420583 
0.594030 -0.091366 0.198098 -0.305159 0.205954 -0.061997 0.932020 0.777557 0.308494 0.250664 0.188475 -0.529891 0.177029 0.100624 0.351026 0.510140 -0.149367 -0.064800 0.343019 0.412352 0.586040 
0.760448 -0.109749 0.253450 -0.359054 0.265320 -0.053607 1.195803 0.961116 0.411412 0.328843 0.245602 -0.601870 0.242509 0.153772 0.446876 0.581199 -0.169443 -0.051320 0.430740 0.576275 0.757747 
0.931818 -0.128079 0.309821 -0.409948 0.326470 -0.041721 1.468225 1.145990 0.519618 0.410569 0.304558 -0.666964 0.312249 0.212045 0.544932 0.644827 -0.187187 -0.033344 0.520159 0.750668 0.935635 
1.108036 -0.146400 0.367069 -0.457662 0.389319 -0.026347 1.749220 1.332121 0.633095 0.495841 0.365226 -0.725223 0.386274 0.275496 0.645078 0.700875 -0.202559 -0.010854 0.611263 0.935319 1.119633 
1.288996 -0.164750 0.425067 -0.502028 0.453780 -0.007503 2.038717 1.519457 0.751826 0.584652 0.427491 -0.776700 0.464601 0.344173 0.747201 0.749210 -0.215524 0.016164 0.704038 1.130009 1.309668 
1.474590 -0.183163 0.483695 -0.542882 0.519767 0.014791 2.336635 1.707957 0.875793 0.676990 0.491245 -0.821443 0.547242 0.418112 0.851198 0.789718 -0.226056 0.047715 0.798476 1.334509 1.505664 
1.664707 -0.201668 0.542849 -0.580069 0.587190 0.040506 2.642885 1.897585 1.004973 0.772840 0.556381 -0.859503 0.634199 0.497343 0.956967 0.822301 -0.234140 0.083799 0.894566 1.548585 1.707542 
1.859234 -0.220291 0.602433 -0.613444 0.655959 0.069607 2.957372 2.088314 1.139345 0.872181 0.622796 -0.890931 0.725469 0.581886 1.064417 0.846880 -0.239766 0.124410 0.992302 1.771994 1.915222 
2.058056 -0.239051 0.662362 -0.642866 0.725982 0.102053 3.279992 2.280127 1.278885 0.974988 0.690393 -0.915774 0.821043 0.671754 1.173458 0.863392 -0.242933 0.169535 1.091680 2.004483 2.128622 
2.261055 -0.257963 0.722565 -0.668205 0.797165 0.137796 3.610636 2.473011 1.423569 1.081232 0.759076 -0.934081 0.920903 0.766951 1.284010 0.871791 -0.243651 0.219155 1.192694 2.245795 2.347656 
2.468111 -0.277039 0.782981 -0.689337 0.869416 0.176782 3.949184 2.666963 1.573370 1.190878 0.828756 -0.945900 1.025024 0.867471 1.395995 0.872051 -0.241934 0.273245 1.295345 2.495663 2.572235 
2.679102 -0.296284 0.843560 -0.706147 0.942637 0.218951 4.295510 2.861990 1.728259 1.303888 0.899344 -0.951280 1.133376 0.973302 1.509344 0.864160 -0.237808 0.331774 1.399632 2.753811 2.802271 
2.893903 -0.315699 0.904262 -0.718526 1.016731 0.264235 4.649481 3.058102 1.888208 1.420219 0.970759 -0.950266 1.245919 1.084423 1.623992 0.848125 -0.231306 0.394704 1.505557 3.019958 3.037671 
3.112386 -0.335282 0.965062 -0.726376 1.091601 0.312563 5.010955 3.255322 2.053185 1.539821 1.042921 -0.942906 1.362609 1.200802 1.739880 0.823972 -0.222469 0.461991 1.613125 3.293813 3.278340 
3.334423 -0.355025 1.025943 -0.729604 1.167146 0.363853 5.379784 3.453678 2.223159 1.662643 1.115754 -0.929245 1.483393 1.322403 1.856956 0.791741 -0.211348 0.533584 1.722342 3.575078 3.524180 
3.559882 -0.374915 1.086901 -0.728126 1.243265 0.418021 5.755811 3.653206 2.398094 1.788628 1.189186 -0.909330 1.608212 1.449178 1.975172 0.751492 -0.197999 0.609426 1.833214 3.863447 3.775093 
3.788628 -0.394935 1.147942 -0.721864 1.319855 0.474974 6.138873 3.853951 2.577957 1.917713 1.263152 -0.883205 1.737000 1.581071 2.094487 0.703301 -0.182491 0.689456 1.945752 4.158606 4.030975 
4.020525 -0.415063 1.209086 -0.710751 1.396812 0.534613 6.528797 4.055966 2.762709 2.049832 1.337585 -0.850915 1.869683 1.718019 2.214866 0.647262 -0.164896 0.773603 2.059966 4.460233 4.291724 
4.255435 -0.435272 1.270360 -0.694726 1.474032 0.596833 6.925404 4.259310 2.952314 2.184914 1.412426 -0.812504 2.006182 1.859950 2.336279 0.583487 -0.145300 0.861793 2.175870 4.767998 4.557232 
4.493215 -0.455532 1.331807 -0.673735 1.551407 0.661523 7.328508 4.464053 3.146730 2.322884 1.487620 -0.768015 2.146408 2.006783 2.458703 0.512104 -0.123793 0.953943 2.293479 5.081565 4.827391 
4.733724 -0.475806 1.393477 -0.647733 1.628829 0.728564 7.737914 4.670271 3.345917 2.463662 1.563113 -0.717493 2.290267 2.158429 2.582119 0.433259 -0.100475 1.049965 2.412809 5.400588 5.102088 
4.976815 -0.496055 1.455435 -0.616682 1.706189 0.797832 8.153420 4.878047 3.549833 2.607162 1.638857 -0.660979 2.437659 2.314790 2.706515 0.347115 -0.075454 1.149765 2.533879 5.724713 5.381210 
5.222339 -0.516233 1.517756 -0.580554 1.783376 0.869197 8.574817 5.087474 3.758432 2.753295 1.714808 -0.598515 2.588475 2.475761 2.831886 0.253854 -0.048848 1.253243 2.656709 6.053579 5.664642 
5.470146 -0.536290 1.580524 -0.539326 1.860278 0.942522 9.001887 5.298652 3.971670 2.901967 1.790924 -0.530144 2.742600 2.641227 2.958230 0.153673 -0.020780 1.360292 2.781321 6.386819 5.952263 
5.720084 -0.556172 1.643839 -0.492984 1.936782 1.017663 9.434405 5.511689 4.189500 3.053081 1.867168 -0.455907 2.899911 2.811064 3.085554 0.046789 0.008615 1.470797 2.907740 6.724054 6.243954 
5.971998 -0.575821 1.707808 -0.441522 2.012772 1.094470 9.872140 5.726700 4.411872 3.206531 1.943507 -0.375844 3.060280 2.985143 3.213867 -0.066567 0.039196 1.584641 3.035991 7.064901 6.539591 
6.225728 -0.595171 1.772552 -0.384942 2.088133 1.172787 10.314851 5.943811 4.638737 3.362212 2.019912 -0.289995 3.223569 3.163322 3.343188 -0.186143 0.070813 1.701697 3.166102 7.408966 6.839049 
6.481117 -0.614155 1.838201 -0.323252 2.162747 1.252452 10.762290 6.163152 4.870043 3.520009 2.096358 -0.198401 3.389636 3.345454 3.473539 -0.311672 0.103307 1.821833 3.298101 7.755850 7.142199 
6.738002 -0.632700 1.904899 -0.256471 2.236494 1.333295 11.214203 6.384863 5.105738 3.679807 2.172822 -0.101100 3.558330 3.531381 3.604948 -0.442869 0.136512 1.944910 3.432022 8.105145 7.448911 
6.996217 -0.650729 1.972800 -0.184623 2.309255 1.415141 11.670326 6.609092 5.345766 3.841484 2.249286 0.001869 3.729495 3.720940 3.737451 -0.579431 0.170253 2.070785 3.567895 8.456434 7.759053 
7.255597 -0.668158 2.042068 -0.107740 2.380908 1.497808 12.130390 6.835994 5.590073 4.004913 2.325738 0.110467 3.902965 3.913956 3.871087 -0.721039 0.204346 2.199306 3.705757 8.809293 8.072488 
7.515971 -0.684901 2.112881 -0.025865 2.451330 1.581108 12.594116 7.065734 5.838600 4.169965 2.402165 0.224657 4.078571 4.110247 4.005903 -0.867355 0.238599 2.330316 3.845645 9.163292 8.389081 
7.777169 -0.700867 2.185427 0.060956 2.520397 1.664847 13.061219 7.298482 6.091290 4.336502 2.478562 0.344402 4.256132 4.309623 4.141950 -1.018025 0.272813 2.463652 3.987596 9.517989 8.708689 
8.039016 -0.715959 2.259905 0.152666 2.587983 1.748823 13.531406 7.534418 6.348080 4.504386 2.554927 0.469664 4.435465 4.511884 4.279287 -1.172676 0.306778 2.599144 4.131650 9.872938 9.031173 
8.301336 -0.730076 2.336525 0.249200 2.653960 1.832830 14.004375 7.773728 6.608911 4.673473 2.631261 0.600407 4.616377 4.716824 4.417976 -1.330920 0.340278 2.736615 4.277851 10.227684 9.356386 
8.563951 -0.743113 2.415509 0.350487 2.718201 1.916652 14.479819 8.016609 6.873718 4.843611 2.707568 0.736596 4.798669 4.924227 4.558088 -1.492349 0.373087 2.875884 4.426243 10.581763 9.684181 
8.826680 -0.754959 2.497091 0.456447 2.780575 2.000071 14.957421 8.263264 7.142437 5.014649 2.783859 0.878196 4.982134 5.133868 4.699697 -1.656539 0.404973 3.016762 4.576870 10.934705 10.014411 
9.089338 -0.765500 2.581515 0.566992 2.840951 2.082860 15.436858 8.513903 7.415002 5.186428 2.860144 1.025170 5.166560 5.345515 4.842885 -1.823049 0.435692 3.159055 4.729780 11.286030 10.346921 
9.351742 -0.774616 2.669038 0.682028 2.899197 2.164786 15.917800 8.768746 7.691344 5.358784 2.936443 1.177486 5.351725 5.558926 4.987738 -1.991420 0.464995 3.302560 4.885024 11.635252 10.681559 
9.613701 -0.782182 2.759926 0.801452 2.955179 2.245609 16.399906 9.028019 7.971396 5.531550 3.012773 1.335109 5.537404 5.773852 5.134350 -2.161175 0.492623 3.447070 5.042652 11.981876 11.018169 
9.875028 -0.788071 2.854458 0.925151 3.008762 2.325084 16.882831 9.291958 8.255086 5.704554 3.089161 1.498005 5.723362 5.990035 5.282818 -2.331821 0.518309 3.592372 5.202717 12.325400 11.356590 
10.135527 -0.792149 2.952923 1.053008 3.059808 2.402959 17.366222 9.560805 8.542342 5.877620 3.165634 1.666143 5.909357 6.207208 5.433247 -2.502847 0.541778 3.738246 5.365274 12.665313 11.696661 
10.395006 -0.794277 3.055624 1.184896 3.108181 2.478975 17.849715 9.834811 8.833092 6.050565 3.242224 1.839489 6.095141 6.425096 5.585747 -2.673725 0.562745 3.884466 5.530380 13.001098 12.038220 
10.653265 -0.794313 3.162872 1.320681 3.153740 2.552868 18.332943 10.114235 9.127259 6.223204 3.318966 2.018012 6.280459 6.643417 5.740435 -2.843908 0.580919 4.030798 5.698094 13.332228 12.381101 
10.910106 -0.792109 3.274991 1.460221 3.196345 2.624366 18.815528 10.399343 9.424767 6.395347 3.395901 2.201679 6.465049 6.861877 5.897432 -3.012833 0.596000 4.177004 5.868476 13.658170 12.725133 
11.165327 -0.787513 3.392317 1.603365 3.235854 2.693192 19.297087 10.690410 9.725539 6.566798 3.473073 2.390462 6.648643 7.080177 6.056865 -3.179920 0.607678 4.322839 6.041587 13.978381 13.070148 
11.418723 -0.780369 3.515196 1.749955 3.272123 2.759061 19.777227 10.987718 10.029494 6.737357 3.550527 2.584328 6.830962 7.298009 6.218868 -3.344570 0.615637 4.468052 6.217493 14.292313 13.415972 
11.670087 -0.770516 3.643986 1.899827 3.305009 2.821684 20.255549 11.291558 10.336553 6.906821 3.628316 2.783247 7.011725 7.515054 6.383581 -3.506169 0.619551 4.612384 6.396258 14.599408 13.762429 
11.919210 -0.757786 3.779056 2.052807 3.334363 2.880762 20.731645 11.602228 10.646633 7.074980 3.706494 2.987192 7.190641 7.730987 6.551148 -3.664084 0.619085 4.755571 6.577950 14.899100 14.109341 
12.165881 -0.742010 3.920786 2.208713 3.360040 2.935995 21.205102 11.920035 10.959650 7.241620 3.785120 3.196132 7.367414 7.945475 6.721720 -3.817664 0.613898 4.897344 6.762640 15.190818 14.456528 
12.409886 -0.723012 4.069569 2.367357 3.381889 2.987070 21.675496 12.245291 11.275519 7.406524 3.864257 3.410039 7.541738 8.158174 6.895455 -3.966242 0.603640 5.037426 6.950397 15.473978 14.803808 
12.651010 -0.700612 4.225806 2.528542 3.399762 3.033674 22.142398 12.578321 11.594153 7.569469 3.943971 3.628884 7.713303 8.368734 7.072515 -4.109133 0.587951 5.175533 7.141295 15.747994 15.150996 
12.889032 -0.674626 4.389913 2.692063 3.413506 3.075482 22.605371 12.919453 11.915464 7.730227 4.024333 3.852642 7.881790 8.576795 7.253067 -4.245635 0.566464 5.311378 7.335410 16.012267 15.497904 
13.123734 -0.644864 4.562316 2.857707 3.422968 3.112168 23.063969 13.269026 12.239361 7.888567 4.105416 4.081284 8.046875 8.781990 7.437287 -4.375028 0.538804 5.444663 7.532817 16.266194 15.844342 
13.354891 -0.611132 4.743451 3.025255 3.427994 3.143395 23.517739 13.627386 12.565755 8.044252 4.187299 4.314783 8.208225 8.983941 7.625354 -4.496575 0.504585 5.575089 7.733596 16.509162 16.190119 
13.582278 -0.573232 4.933767 3.194479 3.428429 3.168821 23.966222 13.994886 12.894553 8.197041 4.270064 4.553115 8.365501 9.182265 7.817455 -4.609521 0.463417 5.702345 7.937826 16.740552 16.535039 
13.805668 -0.530961 5.133724 3.365142 3.424115 3.188100 24.408950 14.371888 13.225660 8.346688 4.353796 4.796253 8.518357 9.376567 8.013781 -4.713096 0.414899 5.826120 8.145590 16.959734 16.878906 
14.024830 -0.484110 5.343792 3.537000 3.414894 3.200877 24.845446 14.758763 13.558980 8.492943 4.438584 5.044173 8.666440 9.566448 8.214529 -4.806509 0.358620 5.946091 8.356971 17.166072 17.221521 
14.239532 -0.432467 5.564454 3.709804 3.400606 3.206790 25.275229 15.155887 13.894418 8.635551 4.524522 5.296849 8.809389 9.751495 8.419902 -4.888955 0.294164 6.061931 8.572057 17.358924 17.562682 
14.449538 -0.375815 5.796204 3.883292 3.381090 3.205474 25.697806 15.563646 14.231873 8.774253 4.611707 5.554258 8.946839 9.931291 8.630111 -4.959608 0.221106 6.173309 8.790933 17.537638 17.902185 
14.654612 -0.313933 6.039546 4.057198 3.356184 3.196554 26.112681 15.982433 14.571248 8.908783 4.700240 5.816376 9.078413 10.105409 8.845370 -5.017629 0.139010 6.279884 9.013690 17.701553 18.239824 
14.854514 -0.246593 6.294997 4.231247 3.325724 3.179651 26.519347 16.412651 14.912439 9.038875 4.790226 6.083180 9.203732 10.273413 9.065899 -5.062157 0.047435 6.381311 9.240419 17.850003 18.575390 
15.049002 -0.173564 6.563085 4.405156 3.289544 3.154378 26.917291 16.854709 15.255344 9.164253 4.881774 6.354648 9.322407 10.434859 9.291926 -5.092318 -0.054070 6.477237 9.471213 17.982312 18.908672 
15.237833 -0.094611 6.844348 4.578635 3.247478 3.120343 27.305992 17.309023 15.599859 9.284641 4.974995 6.630756 9.434043 10.589296 9.523682 -5.107217 -0.165965 6.567305 9.706167 18.097797 19.239456 
15.420758 -0.009494 7.139337 4.751386 3.199358 3.077146 27.684921 17.776019 15.945877 9.399756 5.070007 6.911485 9.538237 10.736261 9.761406 -5.105944 -0.288717 6.651149 9.945377 18.195768 19.567526 
15.597531 0.082034 7.448613 4.923102 3.145015 3.024383 28.053542 18.256130 16.293293 9.509311 5.166929 7.196812 9.634582 10.875287 10.005343 -5.087570 -0.422802 6.728400 10.188942 18.275525 19.892665 
15.767898 0.180221 7.772750 5.093469 3.084278 2.961642 28.411311 18.749798 16.641996 9.613014 5.265885 7.486716 9.722660 11.005894 10.255742 -5.051150 -0.568704 6.798679 10.436963 18.336362 20.214652 
15.931607 0.285322 8.112331 5.262165 3.016975 2.888503 28.757676 19.257470 16.991877 9.710568 5.367004 7.781179 9.802049 11.127598 10.512858 -4.995721 -0.726917 6.861604 10.689541 18.377564 20.533263 
16.088402 0.397597 8.467952 5.428862 2.942934 2.804544 29.092079 19.779605 17.342824 9.801674 5.470416 8.080179 9.872319 11.239904 10.776954 -4.920302 -0.897940 6.916784 10.946781 18.398409 20.848274 
16.238025 0.517308 8.840221 5.593221 2.861978 2.709332 29.413953 20.316667 17.694723 9.886025 5.576258 8.383698 9.933032 11.342308 11.048296 -4.823896 -1.082283 6.963825 11.208789 18.398167 21.159456 
16.380214 0.644724 9.229754 5.754897 2.773932 2.602431 29.722724 20.869129 18.047461 9.963311 5.684668 8.691718 9.983744 11.434299 11.327159 -4.705487 -1.280464 7.002323 11.475671 18.376100 21.466580 
16.514707 0.780118 9.637183 5.913538 2.678618 2.483397 30.017810 21.437472 18.400920 10.033218 5.795791 9.004219 10.024004 11.515357 11.613820 -4.564043 -1.493009 7.031869 11.747538 18.331462 21.769412 
16.641239 0.923768 10.063147 6.068782 2.575859 2.351779 30.298622 22.022184 18.754984 10.095426 5.909772 9.321185 10.053355 11.584953 11.908565 -4.398514 -1.720452 7.052050 12.024501 18.263498 22.067719 
16.759542 1.075956 10.508298 6.220261 2.465473 2.207121 30.564562 22.623762 19.109533 10.149611 6.026762 9.642597 10.071330 11.642552 12.211685 -4.207833 -1.963337 7.062444 12.306672 18.171448 22.361263 
16.869345 1.236969 10.973301 6.367598 2.347279 2.048961 30.815026 23.242710 19.464447 10.195446 6.146917 9.968440 10.077459 11.687607 12.523476 -3.990915 -2.222213 7.062624 12.594167 18.054542 22.649805 
16.970378 1.407099 11.458831 6.510410 2.221094 1.876828 31.049402 23.879541 19.819604 10.232596 6.270395 10.298697 10.071261 11.719566 12.844240 -3.746658 -2.497641 7.052156 12.887102 17.912003 22.933101 
17.062364 1.586641 11.965572 6.648303 2.086734 1.690247 31.267070 24.534776 20.174881 10.260725 6.397357 10.633352 10.052251 11.737865 13.174285 -3.473942 -2.790189 7.030599 13.185597 17.743045 23.210909 
17.145027 1.775898 12.494223 6.780879 1.944013 1.488737 31.467403 25.208942 20.530151 10.279490 6.527971 10.972390 10.019936 11.741934 13.513926 -3.171631 -3.100432 6.997509 13.489770 17.546875 23.482981 
17.218088 1.975173 13.045493 6.907730 1.792745 1.271808 31.649765 25.902576 20.885290 10.288543 6.662406 11.315796 9.973816 11.731194 13.863481 -2.838570 -3.428955 6.952431 13.799745 17.322693 23.749068 
17.281264 2.184778 13.620101 7.028439 1.632741 1.038965 31.813515 26.616222 21.240170 10.287534 6.800837 11.663556 9.913383 11.705058 14.223278 -2.473588 -3.776351 6.894908 14.115646 17.069689 24.008919 
17.334272 2.405028 14.218780 7.142584 1.463811 0.789708 31.958001 27.350432 21.594660 10.276107 6.943440 12.015656 9.838124 11.662929 14.593647 -2.075496 -4.143222 6.824474 14.437597 16.787048 24.262280 
17.376826 2.636242 14.842271 7.249734 1.285764 0.523529 32.082567 28.105767 21.948630 10.253900 7.090397 12.372083 9.747517 11.604204 14.974925 -1.643087 -4.530176 6.740658 14.765728 16.473944 24.508895 
17.408636 2.878743 15.491329 7.349450 1.098408 0.239914 32.186546 28.882794 22.301948 10.220549 7.241893 12.732824 9.641035 11.528269 15.367456 -1.175138 -4.937832 6.642982 15.100167 16.129545 24.748505 
17.429412 3.132862 16.166720 7.441284 0.901549 -0.061657 32.269267 29.682089 22.654481 10.175684 7.398119 13.097866 9.518143 11.434503 15.771588 -0.670408 -5.366816 6.530962 15.441045 15.753012 24.980849 
17.438860 3.398931 16.869219 7.524783 0.694992 -0.381712 32.330047 30.504236 23.006092 10.118930 7.559266 13.467198 9.378297 11.322276 16.187677 -0.127638 -5.817763 6.404109 15.788496 15.343495 25.205664 
17.436685 3.677288 17.599616 7.599484 0.478540 -0.720784 32.368200 31.349826 23.356645 10.049908 7.725531 13.840809 9.220951 11.190950 16.616082 0.454448 -6.291316 6.261925 16.142654 14.900140 25.422684 
17.422588 3.968277 18.358709 7.664917 0.251996 -1.079412 32.383029 32.219461 23.706003 9.968234 7.897116 14.218687 9.045546 11.039879 17.057170 1.077144 -6.788126 6.103907 16.503657 14.422082 25.631641 
NaN NaN NaN NaN NaN NaN NaN NaN NaN NaN NaN NaN NaN NaN NaN NaN NaN NaN NaN NaN NaN 
NaN NaN NaN NaN NaN NaN NaN NaN NaN NaN NaN NaN NaN NaN NaN NaN NaN NaN NaN NaN NaN 
NaN NaN NaN NaN NaN NaN NaN NaN NaN NaN NaN NaN NaN NaN NaN NaN NaN NaN NaN NaN NaN 
NaN NaN NaN NaN NaN NaN NaN NaN NaN NaN NaN NaN NaN NaN NaN NaN NaN NaN NaN NaN NaN 
