0.019246 -0.487941 -0.055330 0.234342 -0.890862 -0.865404 0.214639 -0.399226 -1.113457 -0.809436 -0.507457 0.423210 -0.206514 -0.358724 -0.334798 -0.780828 0.284275 0.093797 -0.376317 0.751097 -0.159946 
-0.044402 -0.492295 -0.107288 0.173007 -0.903129 -0.899984 0.094389 -0.491552 -1.148817 -0.838628 -0.548510 0.383653 -0.258288 -0.422599 -0.361261 -0.850725 0.243486 0.049740 -0.415268 0.632111 -0.267931 
-0.104872 -0.496190 -0.156910 0.114187 -0.913931 -0.931501 -0.019958 -0.578384 -1.180874 -0.865638 -0.586384 0.345648 -0.307439 -0.482698 -0.386267 -0.915939 0.204141 0.007982 -0.451277 0.518744 -0.370319 
-0.162216 -0.499623 -0.204219 0.057857 -0.923299 -0.960038 -0.128509 -0.659843 -1.209717 -0.890502 -0.621171 0.309171 -0.354003 -0.539098 -0.409833 -0.976573 0.166233 -0.031526 -0.484430 0.410882 -0.467207 
-0.216488 -0.502594 -0.249240 0.003991 -0.931263 -0.985678 -0.231368 -0.736049 -1.235433 -0.913256 -0.652958 0.274198 -0.398014 -0.591871 -0.431978 -1.032734 0.129756 -0.068833 -0.514814 0.308415 -0.558692 
-0.267737 -0.505101 -0.291997 -0.047435 -0.937852 -1.008501 -0.328636 -0.807118 -1.258105 -0.933936 -0.681834 0.240703 -0.439507 -0.641093 -0.452718 -1.084523 0.094705 -0.103988 -0.542512 0.211232 -0.644868 
-0.316015 -0.507143 -0.332512 -0.096446 -0.943094 -1.028586 -0.420416 -0.873168 -1.277819 -0.952578 -0.707886 0.208664 -0.478515 -0.686836 -0.472071 -1.132040 0.061073 -0.137038 -0.567608 0.119225 -0.725829 
-0.361374 -0.508717 -0.370809 -0.143068 -0.947018 -1.046013 -0.506807 -0.934312 -1.294656 -0.969214 -0.731199 0.178057 -0.515073 -0.729173 -0.490052 -1.175388 0.028854 -0.168029 -0.590184 0.032287 -0.801667 
-0.403863 -0.509822 -0.406912 -0.187324 -0.949651 -1.060857 -0.587911 -0.990665 -1.308697 -0.983881 -0.751857 0.148858 -0.549214 -0.768175 -0.506679 -1.214663 -0.001958 -0.197008 -0.610320 -0.049690 -0.872476 
-0.443533 -0.510456 -0.440843 -0.229239 -0.951021 -1.073195 -0.663823 -1.042339 -1.320021 -0.996611 -0.769944 0.121044 -0.580971 -0.803914 -0.521967 -1.249963 -0.031370 -0.224021 -0.628096 -0.126810 -0.938345 
-0.480432 -0.510619 -0.472624 -0.268838 -0.951153 -1.083101 -0.734642 -1.089443 -1.328708 -1.007439 -0.785540 0.094592 -0.610378 -0.836458 -0.535931 -1.281385 -0.059389 -0.249113 -0.643588 -0.199178 -0.999365 
-0.514610 -0.510308 -0.502279 -0.306143 -0.950074 -1.090650 -0.800463 -1.132087 -1.334834 -1.016397 -0.798726 0.069480 -0.637468 -0.865879 -0.548589 -1.309022 -0.086021 -0.272327 -0.656875 -0.266896 -1.055624 
-0.546116 -0.509521 -0.529828 -0.341179 -0.947809 -1.095912 -0.861381 -1.170378 -1.338473 -1.023518 -0.809581 0.045685 -0.662272 -0.892243 -0.559954 -1.332969 -0.111272 -0.293709 -0.668031 -0.330066 -1.107211 
-0.574998 -0.508257 -0.555295 -0.373968 -0.944382 -1.098959 -0.917488 -1.204423 -1.339700 -1.028834 -0.818183 0.023186 -0.684825 -0.915620 -0.570041 -1.353318 -0.135150 -0.313300 -0.677129 -0.388789 -1.154212 
-0.601303 -0.506513 -0.578701 -0.404535 -0.939817 -1.099861 -0.968879 -1.234325 -1.338588 -1.032378 -0.824608 0.001960 -0.705157 -0.936077 -0.578866 -1.370158 -0.157662 -0.331144 -0.684244 -0.443163 -1.196714 
-0.625080 -0.504289 -0.600066 -0.432902 -0.934138 -1.098685 -1.015642 -1.260189 -1.335207 -1.034180 -0.828933 -0.018014 -0.723301 -0.953679 -0.586444 -1.383581 -0.178814 -0.347282 -0.689446 -0.493288 -1.234801 
-0.646374 -0.501583 -0.619414 -0.459093 -0.927369 -1.095501 -1.057869 -1.282114 -1.329628 -1.034273 -0.831229 -0.036757 -0.739289 -0.968492 -0.592787 -1.393673 -0.198614 -0.361755 -0.692805 -0.539259 -1.268557 
-0.665233 -0.498392 -0.636763 -0.483129 -0.919530 -1.090372 -1.095648 -1.300203 -1.321918 -1.032685 -0.831572 -0.054289 -0.753153 -0.980582 -0.597909 -1.400521 -0.217069 -0.374605 -0.694390 -0.581174 -1.298064 
-0.681703 -0.494715 -0.652136 -0.505033 -0.910645 -1.083366 -1.129067 -1.314552 -1.312144 -1.029448 -0.830031 -0.070632 -0.764923 -0.990013 -0.601826 -1.404212 -0.234187 -0.385870 -0.694269 -0.619125 -1.323406 
-0.695829 -0.490550 -0.665552 -0.524827 -0.900734 -1.074544 -1.158211 -1.325260 -1.300373 -1.024592 -0.826676 -0.085806 -0.774631 -0.996847 -0.604549 -1.404829 -0.249974 -0.395591 -0.692508 -0.653208 -1.344663 
-0.707657 -0.485894 -0.677033 -0.542533 -0.889817 -1.063969 -1.183167 -1.332422 -1.286668 -1.018146 -0.821578 -0.099831 -0.782308 -1.001148 -0.606092 -1.402455 -0.264438 -0.403806 -0.689171 -0.683513 -1.361915 
-0.717231 -0.480747 -0.686597 -0.558174 -0.877916 -1.051703 -1.204018 -1.336133 -1.271092 -1.010139 -0.814803 -0.112727 -0.787984 -1.002978 -0.606468 -1.397172 -0.277587 -0.410552 -0.684323 -0.710133 -1.375240 
-0.724597 -0.475106 -0.694266 -0.571770 -0.865048 -1.037806 -1.220848 -1.336485 -1.253706 -1.000600 -0.806418 -0.124513 -0.791690 -1.002397 -0.605689 -1.389061 -0.289429 -0.415869 -0.678025 -0.733157 -1.384717 
-0.729797 -0.468969 -0.700058 -0.583343 -0.851234 -1.022336 -1.233737 -1.333569 -1.234570 -0.989557 -0.796488 -0.135208 -0.793457 -0.999467 -0.603767 -1.378199 -0.299972 -0.419791 -0.670339 -0.752673 -1.390423 
-0.732876 -0.462335 -0.703993 -0.592914 -0.836492 -1.005350 -1.242766 -1.327476 -1.213742 -0.977037 -0.785077 -0.144832 -0.793314 -0.994246 -0.600715 -1.364665 -0.309223 -0.422357 -0.661324 -0.768770 -1.392433 
-0.733876 -0.455200 -0.706089 -0.600504 -0.820838 -0.986906 -1.248016 -1.318293 -1.191281 -0.963069 -0.772247 -0.153403 -0.791291 -0.986795 -0.596543 -1.348535 -0.317190 -0.423600 -0.651039 -0.781534 -1.390823 
-0.732841 -0.447564 -0.706367 -0.606134 -0.804291 -0.967058 -1.249563 -1.306108 -1.167241 -0.947679 -0.758059 -0.160940 -0.787417 -0.977170 -0.591264 -1.329884 -0.323882 -0.423556 -0.639541 -0.791049 -1.385666 
-0.729813 -0.439424 -0.704845 -0.609824 -0.786867 -0.945860 -1.247485 -1.291005 -1.141677 -0.930895 -0.742574 -0.167460 -0.781722 -0.965431 -0.584889 -1.308785 -0.329307 -0.422259 -0.626885 -0.797400 -1.377036 
-0.724833 -0.430777 -0.701540 -0.611595 -0.768582 -0.923364 -1.241858 -1.273070 -1.114641 -0.912741 -0.725851 -0.172982 -0.774236 -0.951632 -0.577429 -1.285312 -0.333473 -0.419742 -0.613126 -0.800670 -1.365003 
-0.717943 -0.421623 -0.696472 -0.611466 -0.749451 -0.899623 -1.232756 -1.252383 -1.086186 -0.893245 -0.707945 -0.177523 -0.764986 -0.935831 -0.568893 -1.259535 -0.336388 -0.416040 -0.598317 -0.800940 -1.349641 
-0.709185 -0.411959 -0.689658 -0.609457 -0.729489 -0.874686 -1.220253 -1.229028 -1.056361 -0.872430 -0.688915 -0.181101 -0.754002 -0.918082 -0.559293 -1.231524 -0.338061 -0.411183 -0.582511 -0.798291 -1.331017 
-0.698598 -0.401782 -0.681116 -0.605589 -0.708710 -0.848602 -1.204421 -1.203082 -1.025215 -0.850324 -0.668815 -0.183732 -0.741312 -0.898441 -0.548638 -1.201347 -0.338501 -0.405205 -0.565757 -0.792802 -1.309202 
-0.686224 -0.391091 -0.670864 -0.599880 -0.687129 -0.821419 -1.185332 -1.174624 -0.992796 -0.826949 -0.647698 -0.185433 -0.726944 -0.876960 -0.536939 -1.169072 -0.337717 -0.398135 -0.548104 -0.784551 -1.284263 
-0.672101 -0.379883 -0.658919 -0.592350 -0.664758 -0.793184 -1.163055 -1.143730 -0.959148 -0.802331 -0.625617 -0.186221 -0.710926 -0.853693 -0.524204 -1.134765 -0.335716 -0.390005 -0.529602 -0.773615 -1.256266 
-0.656269 -0.368156 -0.645298 -0.583019 -0.641609 -0.763942 -1.137659 -1.110476 -0.924318 -0.776493 -0.602622 -0.186112 -0.693287 -0.828692 -0.510444 -1.098489 -0.332509 -0.380844 -0.510297 -0.760070 -1.225279 
-0.638767 -0.355908 -0.630017 -0.571903 -0.617695 -0.733736 -1.109212 -1.074935 -0.888347 -0.749458 -0.578765 -0.185122 -0.674053 -0.802009 -0.495666 -1.060309 -0.328104 -0.370682 -0.490233 -0.743991 -1.191366 
-0.619634 -0.343137 -0.613094 -0.559024 -0.593027 -0.702611 -1.077780 -1.037180 -0.851279 -0.721250 -0.554092 -0.183266 -0.653252 -0.773693 -0.479880 -1.020285 -0.322510 -0.359546 -0.469456 -0.725450 -1.154591 
-0.598908 -0.329840 -0.594545 -0.544398 -0.567615 -0.670606 -1.043429 -0.997280 -0.813152 -0.691892 -0.528653 -0.180560 -0.630911 -0.743797 -0.463095 -0.978479 -0.315737 -0.347466 -0.448007 -0.704520 -1.115017 
-0.576626 -0.316015 -0.574386 -0.528044 -0.541471 -0.637764 -1.006222 -0.955306 -0.774005 -0.661404 -0.502492 -0.177019 -0.607056 -0.712368 -0.445317 -0.934951 -0.307793 -0.334468 -0.425929 -0.681272 -1.072706 
-0.552826 -0.301660 -0.552633 -0.509979 -0.514603 -0.604123 -0.966223 -0.911325 -0.733877 -0.629810 -0.475654 -0.172658 -0.581716 -0.679455 -0.426556 -0.889757 -0.298688 -0.320578 -0.403261 -0.655776 -1.027718 
-0.527544 -0.286772 -0.529301 -0.490223 -0.487021 -0.569721 -0.923494 -0.865403 -0.692804 -0.597130 -0.448183 -0.167491 -0.554915 -0.645106 -0.406818 -0.842954 -0.288432 -0.305824 -0.380043 -0.628101 -0.980115 
-0.500817 -0.271348 -0.504407 -0.468792 -0.458732 -0.534595 -0.878094 -0.817606 -0.650820 -0.563386 -0.420121 -0.161533 -0.526681 -0.609368 -0.386112 -0.794599 -0.277034 -0.290230 -0.356311 -0.598313 -0.929954 
-0.472680 -0.255388 -0.477965 -0.445704 -0.429746 -0.498780 -0.830084 -0.767995 -0.607958 -0.528597 -0.391509 -0.154797 -0.497038 -0.572288 -0.364443 -0.744744 -0.264505 -0.273822 -0.332103 -0.566480 -0.877294 
-0.443170 -0.238887 -0.449990 -0.420975 -0.400069 -0.462310 -0.779521 -0.716634 -0.564250 -0.492785 -0.362386 -0.147297 -0.466014 -0.533910 -0.341820 -0.693443 -0.250853 -0.256622 -0.307453 -0.532667 -0.822192 
-0.412321 -0.221844 -0.420497 -0.394624 -0.369708 -0.425220 -0.726463 -0.663583 -0.519728 -0.455970 -0.332792 -0.139047 -0.433633 -0.494280 -0.318247 -0.640747 -0.236088 -0.238656 -0.282395 -0.496936 -0.764704 
-0.380169 -0.204257 -0.389501 -0.366665 -0.338669 -0.387540 -0.670966 -0.608901 -0.474419 -0.418169 -0.302762 -0.130059 -0.399920 -0.453442 -0.293733 -0.586707 -0.220221 -0.219945 -0.256961 -0.459352 -0.704884 
-0.346747 -0.186122 -0.357016 -0.337117 -0.306958 -0.349302 -0.613084 -0.552644 -0.428352 -0.379403 -0.272334 -0.120348 -0.364902 -0.411439 -0.268282 -0.531370 -0.203262 -0.200512 -0.231182 -0.419976 -0.642787 
-0.312089 -0.167437 -0.323056 -0.305996 -0.274579 -0.310534 -0.552871 -0.494870 -0.381553 -0.339690 -0.241541 -0.109924 -0.328602 -0.368314 -0.241900 -0.474784 -0.185221 -0.180378 -0.205088 -0.378868 -0.578466 
-0.276230 -0.148200 -0.287635 -0.273316 -0.241538 -0.271266 -0.490379 -0.435631 -0.334046 -0.299048 -0.210417 -0.098802 -0.291045 -0.324108 -0.214593 -0.416996 -0.166108 -0.159566 -0.178708 -0.336087 -0.511973 
-0.239201 -0.128408 -0.250767 -0.239095 -0.207838 -0.231523 -0.425660 -0.374983 -0.285857 -0.257495 -0.178994 -0.086991 -0.252256 -0.278863 -0.186366 -0.358051 -0.145934 -0.138094 -0.152069 -0.291692 -0.443358 
-0.201035 -0.108058 -0.212464 -0.203349 -0.173482 -0.191332 -0.358763 -0.312976 -0.237005 -0.215049 -0.147302 -0.074506 -0.212259 -0.232618 -0.157224 -0.297991 -0.124708 -0.115982 -0.125196 -0.245739 -0.372672 
-0.161765 -0.087148 -0.172741 -0.166091 -0.138473 -0.150718 -0.289738 -0.249659 -0.187513 -0.171725 -0.115372 -0.061356 -0.171078 -0.185415 -0.127171 -0.236860 -0.102443 -0.093251 -0.098114 -0.198285 -0.299963 
-0.121422 -0.065676 -0.131609 -0.127339 -0.102812 -0.109703 -0.218632 -0.185083 -0.137399 -0.127542 -0.083231 -0.047553 -0.128736 -0.137291 -0.096212 -0.174697 -0.079147 -0.069917 -0.070847 -0.149382 -0.225281 
-0.080038 -0.043638 -0.089082 -0.087106 -0.066503 -0.068310 -0.145492 -0.119294 -0.086681 -0.082514 -0.050906 -0.033108 -0.085258 -0.088284 -0.064350 -0.111544 -0.054833 -0.046000 -0.043416 -0.099086 -0.148671 
-0.037643 -0.021031 -0.045173 -0.045408 -0.029545 -0.026560 -0.070363 -0.052337 -0.035376 -0.036658 -0.018423 -0.018032 -0.040665 -0.038432 -0.031590 -0.047437 -0.029511 -0.021516 -0.015842 -0.047448 -0.070179 
0.005732 0.002146 0.000107 -0.002259 0.008062 0.015528 0.006711 0.015743 0.016501 0.010011 0.014193 -0.002335 0.005017 0.012228 0.002065 0.017586 -0.003192 0.003519 0.011855 0.005481 0.010149 
0.050057 0.025896 0.046746 0.042326 0.046316 0.057935 0.085686 0.084904 0.068936 0.057479 0.046921 0.013972 0.051768 0.063660 0.036612 0.083490 0.024113 0.029088 0.039658 0.059652 0.092269 
0.095302 0.050223 0.094731 0.088333 0.085220 0.100645 0.166522 0.155103 0.121918 0.105729 0.079736 0.030881 0.099564 0.115831 0.072048 0.150239 0.052393 0.055176 0.067550 0.115015 0.176138 
0.141438 0.075129 0.144051 0.135748 0.124774 0.143640 0.249176 0.226303 0.175434 0.154749 0.112620 0.048381 0.148382 0.168704 0.108370 0.217802 0.081636 0.081768 0.095515 0.171522 0.261715 
0.188436 0.100617 0.194696 0.184557 0.164980 0.186906 0.333611 0.298463 0.229477 0.204525 0.145552 0.066464 0.198201 0.222246 0.145575 0.286145 0.111832 0.108851 0.123539 0.229129 0.348958 
0.236268 0.126689 0.246653 0.234747 0.205842 0.230430 0.419786 0.371547 0.284037 0.255043 0.178515 0.085119 0.248999 0.276425 0.183662 0.355240 0.142968 0.136411 0.151610 0.287790 0.437827 
0.284907 0.153349 0.299912 0.286304 0.247362 0.274199 0.507666 0.445521 0.339108 0.306291 0.211492 0.104339 0.300753 0.331209 0.222629 0.425057 0.175033 0.164435 0.179715 0.347460 0.528283 
0.334323 0.180599 0.354462 0.339215 0.289543 0.318203 0.597214 0.520349 0.394685 0.358255 0.244468 0.124115 0.353444 0.386565 0.262473 0.495567 0.208016 0.192911 0.207845 0.408098 0.620289 
0.384491 0.208443 0.410293 0.393467 0.332390 0.362430 0.688396 0.596000 0.450763 0.410924 0.277427 0.144439 0.407048 0.442463 0.303195 0.566745 0.241904 0.221827 0.235991 0.469661 0.713807 
0.435384 0.236883 0.467395 0.449047 0.375908 0.406874 0.781177 0.672443 0.507341 0.464286 0.310358 0.165303 0.461545 0.498874 0.344792 0.638566 0.276686 0.251174 0.264144 0.532109 0.808801 
0.486975 0.265922 0.525757 0.505944 0.420103 0.451525 0.875526 0.749648 0.564417 0.518330 0.343248 0.186699 0.516915 0.555768 0.387264 0.711005 0.312350 0.280940 0.292299 0.595403 0.905237 
0.539239 0.295563 0.585371 0.564144 0.464979 0.496378 0.971411 0.827587 0.621992 0.573045 0.376087 0.208620 0.573136 0.613117 0.430611 0.784040 0.348883 0.311115 0.320450 0.659506 1.003079 
0.592150 0.325809 0.646226 0.623635 0.510545 0.541428 1.068801 0.906234 0.680067 0.628421 0.408866 0.231059 0.630189 0.670892 0.474832 0.857650 0.386274 0.341692 0.348594 0.724379 1.102296 
0.645684 0.356664 0.708313 0.684406 0.556806 0.586671 1.167669 0.985563 0.738645 0.684446 0.441578 0.254009 0.688053 0.729068 0.519926 0.931814 0.424511 0.372661 0.376728 0.789988 1.202855 
0.699815 0.388129 0.771624 0.746444 0.603771 0.632105 1.267985 1.065552 0.797731 0.741112 0.474214 0.277464 0.746709 0.787618 0.565896 1.006515 0.463580 0.404016 0.404852 0.856298 1.304724 
0.754519 0.420209 0.836149 0.809739 0.651448 0.677728 1.369724 1.146177 0.857331 0.798410 0.506771 0.301418 0.806136 0.846516 0.612740 1.081735 0.503470 0.435748 0.432964 0.923276 1.407875 
0.809773 0.452906 0.901879 0.874279 0.699846 0.723539 1.472861 1.227418 0.917452 0.856329 0.539243 0.325863 0.866315 0.905737 0.660461 1.157458 0.544168 0.467851 0.461068 0.990890 1.512278 
0.865554 0.486223 0.968808 0.940053 0.748974 0.769541 1.577370 1.309256 0.978103 0.914863 0.571629 0.350796 0.927227 0.965259 0.709059 1.233669 0.585661 0.500320 0.489164 1.059108 1.617905 
0.921839 0.520164 1.036926 1.007049 0.798842 0.815735 1.683229 1.391674 1.039294 0.974003 0.603927 0.376210 0.988852 1.025056 0.758535 1.310355 0.627937 0.533149 0.517259 1.127901 1.724728 
0.978604 0.554732 1.106225 1.075259 0.849462 0.862125 1.790416 1.474655 1.101036 1.033740 0.636135 0.402100 1.051173 1.085108 0.808891 1.387503 0.670982 0.566334 0.545356 1.197241 1.832723 
1.035829 0.589929 1.176698 1.144670 0.900843 0.908716 1.898909 1.558184 1.163343 1.094069 0.668257 0.428461 1.114171 1.145392 0.860129 1.465104 0.714785 0.599871 0.573463 1.267099 1.941863 
1.093491 0.625759 1.248338 1.215273 0.952999 0.955513 2.008691 1.642248 1.226229 1.154982 0.700293 0.455290 1.177826 1.205887 0.912252 1.543148 0.759330 0.633757 0.601587 1.337451 2.052126 
1.151570 0.662226 1.321137 1.287057 1.005940 1.002524 2.119741 1.726836 1.289709 1.216472 0.732247 0.482581 1.242122 1.266574 0.965261 1.621626 0.804607 0.667989 0.629738 1.408270 2.163486 
1.210044 0.699332 1.395089 1.360014 1.059682 1.049758 2.232044 1.811936 1.353801 1.278534 0.764125 0.510331 1.307040 1.327432 1.019161 1.700532 0.850601 0.702565 0.657927 1.479533 2.275924 
1.268894 0.737080 1.470186 1.434132 1.114235 1.097223 2.345582 1.897541 1.418523 1.341161 0.795931 0.538535 1.372562 1.388442 1.073952 1.779861 0.897299 0.737483 0.686164 1.551217 2.389417 
1.328099 0.775475 1.546422 1.509404 1.169616 1.144931 2.460341 1.983642 1.483895 1.404349 0.827674 0.567191 1.438671 1.449587 1.129640 1.859607 0.944687 0.772743 0.714464 1.623302 2.503946 
1.387640 0.814519 1.623792 1.585819 1.225838 1.192894 2.576308 2.070233 1.549938 1.468093 0.859363 0.596295 1.505350 1.510850 1.186227 1.939769 0.992752 0.808346 0.742840 1.695765 2.619491 
1.447498 0.854216 1.702288 1.663369 1.282917 1.241124 2.693469 2.157311 1.616676 1.532388 0.891006 0.625844 1.572582 1.572214 1.243718 2.020345 1.041481 0.844290 0.771310 1.768589 2.736035 
1.507654 0.894568 1.781905 1.742045 1.340868 1.289638 2.811813 2.244872 1.684132 1.597230 0.922616 0.655836 1.640350 1.633663 1.302116 2.101334 1.090859 0.880578 0.799888 1.841755 2.853560 
1.568089 0.935580 1.862637 1.821839 1.399709 1.338450 2.931331 2.332915 1.752331 1.662616 0.954205 0.686268 1.708637 1.695182 1.361426 2.182738 1.140874 0.917211 0.828595 1.915247 2.972050 
1.628788 0.977255 1.944480 1.902741 1.459455 1.387577 3.052013 2.421440 1.821302 1.728543 0.985786 0.717138 1.777428 1.756757 1.421653 2.264558 1.191510 0.954191 0.857449 1.989048 3.091491 
1.689730 1.019596 2.027428 1.984744 1.520125 1.437037 3.173851 2.510448 1.891071 1.795006 1.017374 0.748445 1.846705 1.818374 1.482801 2.346800 1.242753 0.991523 0.886472 2.063145 3.211868 
1.750901 1.062607 2.111476 2.067841 1.581736 1.486851 3.296838 2.599941 1.961669 1.862005 1.048987 0.780187 1.916454 1.880021 1.544876 2.429467 1.294591 1.029208 0.915686 2.137525 3.333168 
1.812283 1.106291 2.196619 2.152023 1.644308 1.537038 3.420970 2.689926 2.033128 1.929537 1.080640 0.812362 1.986658 1.941685 1.607884 2.512566 1.347008 1.067253 0.945114 2.212174 3.455379 
1.873860 1.150652 2.282853 2.237282 1.707859 1.587620 3.546241 2.780406 2.105478 1.997601 1.112354 0.844970 2.057302 2.003355 1.671829 2.596104 1.399990 1.105661 0.974782 2.287083 3.578489 
1.935617 1.195692 2.370174 2.323612 1.772410 1.638621 3.672649 2.871390 2.178755 2.066194 1.144148 0.878010 2.128371 2.065021 1.736718 2.680091 1.453523 1.144438 1.004715 2.362242 3.702490 
1.997537 1.241417 2.458578 2.411005 1.837981 1.690064 3.800191 2.962886 2.252994 2.135317 1.176044 0.911481 2.199850 2.126672 1.802558 2.764537 1.507592 1.183590 1.034941 2.437641 3.827372 
2.059608 1.287828 2.548061 2.499455 1.904593 1.741976 3.928868 3.054905 2.328232 2.204969 1.208063 0.945384 2.271724 2.188300 1.869355 2.849454 1.562183 1.223125 1.065488 2.513274 3.953126 
2.121813 1.334931 2.638620 2.588955 1.972267 1.794382 4.058678 3.147459 2.404506 2.275150 1.240231 0.979719 2.343978 2.249897 1.937116 2.934853 1.617281 1.263049 1.096388 2.589135 4.079746 
2.184139 1.382728 2.730251 2.679498 2.041026 1.847311 4.189624 3.240559 2.481856 2.345860 1.272572 1.014486 2.416599 2.311454 2.005847 3.020751 1.672870 1.303372 1.127670 2.665219 4.207226 
2.246573 1.431223 2.822952 2.771078 2.110893 1.900793 4.321708 3.334223 2.560323 2.417101 1.305112 1.049685 2.489572 2.372965 2.075557 3.107161 1.728937 1.344100 1.159369 2.741521 4.335560 
2.309101 1.480420 2.916719 2.863689 2.181891 1.954857 4.454935 3.428464 2.639950 2.488872 1.337880 1.085318 2.562883 2.434424 2.146253 3.194101 1.785466 1.385245 1.191517 2.818040 4.464744 
2.371711 1.530323 3.011550 2.957326 2.254043 2.009535 4.589308 3.523302 2.720780 2.561177 1.370905 1.121385 2.636519 2.495825 2.217943 3.281589 1.842442 1.426816 1.224150 2.894773 4.594776 
2.434389 1.580934 3.107442 3.051982 2.327375 2.064860 4.724835 3.618754 2.802858 2.634017 1.404215 1.157890 2.710466 2.557164 2.290635 3.369644 1.899850 1.468823 1.257305 2.971721 4.725653 
2.497126 1.632259 3.204394 3.147653 2.401911 2.120865 4.861523 3.714842 2.886231 2.707394 1.437844 1.194832 2.784712 2.618437 2.364338 3.458287 1.957674 1.511278 1.291019 3.048884 4.857374 
2.559908 1.684300 3.302404 3.244332 2.477677 2.177587 4.999381 3.811588 2.970948 2.781311 1.471824 1.232215 2.859242 2.679641 2.439061 3.547541 2.015899 1.554193 1.325332 3.126264 4.989939 
2.622725 1.737061 3.401469 3.342016 2.554699 2.235062 5.138417 3.909016 3.057056 2.855772 1.506189 1.270040 2.934045 2.740773 2.514812 3.637428 2.074510 1.597580 1.360284 3.203865 5.123349 
2.685566 1.790547 3.501589 3.440699 2.633005 2.293327 5.278644 4.007149 3.144607 2.930779 1.540974 1.308311 3.009108 2.801832 2.591601 3.727973 2.133491 1.641452 1.395917 3.281691 5.257605 
2.748421 1.844761 3.602762 3.540376 2.712621 2.352421 5.420072 4.106015 3.233653 3.006338 1.576216 1.347030 3.084418 2.862816 2.669437 3.819203 2.192826 1.685824 1.432274 3.359749 5.392712 
2.811281 1.899706 3.704987 3.641044 2.793575 2.412385 5.562716 4.205642 3.324248 3.082452 1.611953 1.386200 3.159964 2.923727 2.748331 3.911144 2.252499 1.730709 1.469400 3.438043 5.528672 
2.874135 1.955388 3.808264 3.742698 2.875896 2.473260 5.706590 4.306058 3.416447 3.159127 1.648224 1.425825 3.235734 2.984564 2.828292 4.003825 2.312495 1.776123 1.507339 3.516583 5.665490 
2.936976 2.011809 3.912592 3.845334 2.959614 2.535088 5.851709 4.407295 3.510305 3.236367 1.685069 1.465909 3.311715 3.045328 2.909330 4.097277 2.372798 1.822081 1.546140 3.595378 5.803173 
2.999794 2.068973 4.017971 3.948949 3.044757 2.597914 5.998090 4.509386 3.605882 3.314178 1.722531 1.506455 3.387897 3.106023 2.991458 4.191530 2.433391 1.868600 1.585850 3.674438 5.941727 
3.062582 2.126886 4.124400 4.053539 3.131356 2.661782 6.145751 4.612363 3.703235 3.392566 1.760651 1.547468 3.464269 3.166650 3.074684 4.286616 2.494258 1.915697 1.626518 3.753775 6.081160 
3.125331 2.185549 4.231880 4.159101 3.219442 2.726739 6.294711 4.716263 3.802425 3.471538 1.799474 1.588953 3.540820 3.227213 3.159022 4.382571 2.555383 1.963389 1.668197 3.833401 6.221482 
3.188035 2.244968 4.340412 4.265631 3.309047 2.792831 6.444991 4.821122 3.903515 3.551101 1.839046 1.630914 3.617538 3.287717 3.244482 4.479428 2.616750 2.011694 1.710938 3.913330 6.362701 
3.250687 2.305147 4.449995 4.373126 3.400201 2.860109 6.596612 4.926978 4.006568 3.631261 1.879414 1.673357 3.694413 3.348166 3.331075 4.577226 2.678342 2.060632 1.754794 3.993577 6.504829 
3.313281 2.366089 4.560631 4.481585 3.492939 2.928621 6.749596 5.033871 4.111648 3.712027 1.920625 1.716286 3.771436 3.408566 3.418815 4.676000 2.740142 2.110222 1.799820 4.074159 6.647877 
3.375809 2.427798 4.672321 4.591004 3.587293 2.998419 6.903967 5.141842 4.218821 3.793406 1.962729 1.759708 3.848596 3.468925 3.507713 4.775791 2.802134 2.160483 1.846073 4.155093 6.791859 
3.438268 2.490280 4.785066 4.701382 3.683297 3.069556 7.059751 5.250934 4.328156 3.875407 2.005777 1.803628 3.925882 3.529249 3.597782 4.876638 2.864302 2.211438 1.893609 4.236397 6.936789 
3.500651 2.553537 4.898867 4.812716 3.780985 3.142084 7.216973 5.361191 4.439721 3.958039 2.049820 1.848053 4.003287 3.589546 3.689034 4.978585 2.926627 2.263106 1.942488 4.318092 7.082681 
3.562955 2.617573 5.013728 4.925004 3.880393 3.216059 7.375661 5.472658 4.553587 4.041310 2.094911 1.892989 4.080800 3.649825 3.781484 5.081672 2.989093 2.315510 1.992769 4.400198 7.229551 
3.625174 2.682394 5.129648 5.038245 3.981555 3.291536 7.535843 5.585382 4.669825 4.125232 2.141105 1.938443 4.158411 3.710095 3.875143 5.185946 3.051684 2.368674 2.044514 4.482737 7.377416 
3.687305 2.748003 5.246632 5.152437 4.084507 3.368574 7.697549 5.699413 4.788508 4.209813 2.188458 1.984422 4.236113 3.770368 3.970027 5.291452 3.114381 2.422619 2.097785 4.565733 7.526293 
3.749345 2.814404 5.364681 5.267579 4.189287 3.447229 7.860809 5.814800 4.909711 4.295065 2.237026 2.030934 4.313897 3.830653 4.066149 5.398236 3.177168 2.477370 2.152647 4.649210 7.676203 
3.811291 2.881602 5.483798 5.383670 4.295932 3.527563 8.025657 5.931594 5.033510 4.380998 2.286868 2.077985 4.391753 3.890964 4.163523 5.506348 3.240028 2.532952 2.209164 4.733194 7.827164 
3.873139 2.949601 5.603985 5.500710 4.404479 3.609636 8.192124 6.049849 5.159983 4.467623 2.338043 2.125585 4.469675 3.951311 4.262163 5.615836 3.302941 2.589389 2.267402 4.817711 7.979198 
3.934888 3.018405 5.725247 5.618697 4.514966 3.693510 8.360245 6.169619 5.289208 4.554953 2.390612 2.173740 4.547653 4.011708 4.362085 5.726751 3.365893 2.646708 2.327431 4.902791 8.132326 
3.996537 3.088018 5.847586 5.737632 4.627433 3.779249 8.530056 6.290959 5.421264 4.642998 2.444637 2.222460 4.625679 4.072171 4.463304 5.839146 3.428863 2.704935 2.389318 4.988461 8.286571 
4.058083 3.158445 5.971006 5.857513 4.741920 3.866916 8.701593 6.413928 5.556235 4.731772 2.500181 2.271753 4.703748 4.132712 4.565834 5.953075 3.491836 2.764097 2.453134 5.074753 8.441957 
4.119525 3.229690 6.095512 5.978342 4.858466 3.956579 8.874895 6.538583 5.694203 4.821288 2.557309 2.321629 4.781850 4.193348 4.669692 6.068592 3.554792 2.824221 2.518951 5.161697 8.598509 
4.180865 3.301757 6.221106 6.100119 4.977111 4.048303 9.050000 6.664986 5.835251 4.911559 2.616086 2.372096 4.859979 4.254095 4.774892 6.185753 3.617714 2.885337 2.586842 5.249328 8.756252 
4.242100 3.374652 6.347793 6.222843 5.097899 4.142158 9.226948 6.793198 5.979467 5.002599 2.676581 2.423164 4.938128 4.314969 4.881453 6.304616 3.680584 2.947472 2.656881 5.337677 8.915214 
4.303233 3.448377 6.475579 6.346516 5.220869 4.238212 9.405782 6.923282 6.126937 5.094421 2.738860 2.474843 5.016290 4.375989 4.989389 6.425240 3.743384 3.010657 2.729144 5.426782 9.075423 
4.364263 3.522938 6.604467 6.471138 5.346065 4.336537 9.586542 7.055303 6.277749 5.187040 2.802994 2.527143 5.094459 4.437174 5.098717 6.547684 3.806094 3.074922 2.803707 5.516678 9.236907 
4.425192 3.598339 6.734463 6.596711 5.473529 4.437203 9.769274 7.189327 6.431994 5.280472 2.869054 2.580074 5.172629 4.498541 5.209455 6.672011 3.868699 3.140298 2.880650 5.607402 9.399696 
4.486021 3.674584 6.865572 6.723236 5.603305 4.540285 9.954022 7.325423 6.589763 5.374731 2.937112 2.633647 5.250794 4.560112 5.321620 6.798282 3.931177 3.206816 2.960050 5.698993 9.563821 
4.546753 3.751679 6.997799 6.850714 5.735438 4.645857 10.140832 7.463658 6.751149 5.469833 3.007241 2.687874 5.328947 4.621907 5.435228 6.926563 3.993512 3.274509 3.041990 5.791491 9.729313 
4.607389 3.829627 7.131150 6.979147 5.869972 4.753993 10.329752 7.604104 6.916246 5.565795 3.079517 2.742764 5.407083 4.683947 5.550299 7.056918 4.055684 3.343408 3.126551 5.884937 9.896206 
4.667934 3.908433 7.265631 7.108537 6.006952 4.864772 10.520829 7.746832 7.085150 5.662632 3.154014 2.798331 5.485197 4.746254 5.666850 7.189414 4.117674 3.413548 3.213817 5.979373 10.064534 
4.728390 3.988102 7.401248 7.238887 6.146425 4.978271 10.714113 7.891917 7.257956 5.760362 3.230811 2.854584 5.563284 4.808852 5.784898 7.324119 4.179465 3.484963 3.303872 6.074843 10.234330 
4.788760 4.068638 7.538008 7.370198 6.288436 5.094569 10.909656 8.039433 7.434765 5.859002 3.309986 2.911538 5.641339 4.871764 5.904464 7.461102 4.241036 3.557687 3.396803 6.171391 10.405632 
4.849050 4.150046 7.675917 7.502473 6.433033 5.213747 11.107508 8.189457 7.615676 5.958570 3.391618 2.969203 5.719358 4.935015 6.025566 7.600434 4.302368 3.631755 3.492696 6.269062 10.578476 
4.909264 4.232331 7.814982 7.635714 6.580263 5.335886 11.307724 8.342067 7.800789 6.059085 3.475790 3.027592 5.797335 4.998629 6.148222 7.742187 4.363444 3.707204 3.591640 6.367904 10.752899 
4.969407 4.315496 7.955210 7.769926 6.730175 5.461069 11.510357 8.497341 7.990208 6.160563 3.562583 3.086719 5.875267 5.062634 6.272453 7.886434 4.424243 3.784070 3.693726 6.467965 10.928941 
5.029484 4.399548 8.096608 7.905111 6.882817 5.589381 11.715463 8.655362 8.184036 6.263025 3.652080 3.146596 5.953149 5.127054 6.398277 8.033250 4.484745 3.862390 3.799044 6.569294 11.106641 
5.089501 4.484490 8.239184 8.041272 7.038239 5.720906 11.923098 8.816211 8.382379 6.366490 3.744368 3.207237 6.030978 5.191918 6.525716 8.182710 4.544933 3.942202 3.907687 6.671941 11.286041 
5.149464 4.570327 8.382946 8.178413 7.196491 5.855732 12.133321 8.979973 8.585344 6.470978 3.839531 3.268656 6.108751 5.257254 6.654789 8.334892 4.604785 4.023544 4.019749 6.775959 11.467181 
5.209381 4.657064 8.527902 8.316538 7.357623 5.993946 12.346190 9.146732 8.793039 6.576508 3.937658 3.330866 6.186463 5.323091 6.785516 8.489874 4.664283 4.106456 4.135324 6.881399 11.650105 
5.269258 4.744707 8.674060 8.455650 7.521687 6.135637 12.561765 9.316576 9.005572 6.683102 4.038837 3.393882 6.264113 5.389458 6.917919 8.647735 4.723406 4.190978 4.254510 6.988316 11.834857 
5.329103 4.833258 8.821428 8.595755 7.688733 6.280895 12.780107 9.489593 9.223056 6.790780 4.143157 3.457719 6.341696 5.456386 7.052018 8.808558 4.782135 4.277149 4.377404 7.096765 12.021481 
5.388924 4.922725 8.970015 8.736857 7.858815 6.429812 13.001280 9.665871 9.445603 6.899563 4.250712 3.522390 6.419211 5.523905 7.187835 8.972424 4.840450 4.365010 4.504105 7.206802 12.210023 
5.448729 5.013110 9.119829 8.878959 8.031984 6.582480 13.225347 9.845504 9.673327 7.009474 4.361592 3.587912 6.496655 5.592049 7.325392 9.139417 4.898331 4.454604 4.634713 7.318485 12.400531 
5.508527 5.104420 9.270882 9.022068 8.208296 6.738993 13.452372 10.028583 9.906342 7.120535 4.475892 3.654300 6.574026 5.660849 7.464709 9.309623 4.955757 4.545973 4.769330 7.431873 12.593051 
5.568328 5.196659 9.423180 9.166188 8.387803 6.899447 13.682421 10.215202 10.144765 7.232768 4.593707 3.721569 6.651322 5.730338 7.605810 9.483127 5.012709 4.639159 4.908059 7.547025 12.787633 
