NaN NaN NaN NaN NaN NaN NaN 
NaN NaN NaN NaN NaN NaN NaN 
NaN NaN NaN NaN NaN NaN NaN 
NaN NaN NaN NaN NaN NaN NaN 
NaN NaN NaN NaN NaN NaN NaN 
-0.024524 -0.923748 0.684686 0.039213 -0.497362 -0.891182 -0.389093 
-0.048740 -0.936213 0.659429 0.038024 -0.481394 -0.890834 -0.391589 
-0.070922 -0.944551 0.646594 0.006043 -0.474396 -0.906340 -0.404926 
-0.095614 -0.964933 0.610697 -0.064047 -0.503351 -0.891449 -0.419724 
-0.145543 -1.006700 0.559506 -0.128517 -0.527891 -0.902767 -0.455564 
-0.223233 -1.099528 0.457610 -0.230423 -0.581873 -0.954644 -0.535679 
-0.297851 -1.177104 0.342646 -0.362423 -0.668495 -1.018362 -0.609057 
-0.346448 -1.256838 0.251751 -0.451228 -0.723008 -1.062421 -0.658223 
-0.365455 -1.333286 0.179787 -0.562947 -0.778493 -1.123611 -0.698894 
-0.404052 -1.390493 0.106348 -0.684168 -0.864447 -1.154668 -0.739960 
-0.445890 -1.470018 0.033093 -0.796211 -0.936036 -1.194210 -0.788235 
-0.469371 -1.539613 -0.045666 -0.936819 -0.964360 -1.241396 -0.833682 
-0.497706 -1.605304 -0.140210 -1.033864 -1.014030 -1.248728 -0.850901 
-0.522457 -1.644923 -0.215013 -1.099771 -1.047855 -1.262097 -0.857507 
-0.522159 -1.650698 -0.254024 -1.154851 -1.067361 -1.238542 -0.843919 
-0.483903 -1.594442 -0.252915 -1.148192 -1.029116 -1.180523 -0.782546 
-0.485756 -1.566694 -0.247416 -1.129918 -0.966655 -1.127574 -0.738471 
-0.488475 -1.528302 -0.257455 -1.140036 -0.928402 -1.080866 -0.722086 
-0.494753 -1.487277 -0.285099 -1.136080 -0.898160 -1.032643 -0.708267 
-0.498085 -1.446476 -0.317615 -1.123840 -0.852175 -1.000951 -0.681350 
-0.482776 -1.381649 -0.332428 -1.114534 -0.807364 -0.954186 -0.649355 
-0.479992 -1.320291 -0.338240 -1.067431 -0.767617 -0.881169 -0.613914 
-0.465366 -1.266496 -0.332866 -1.027478 -0.711061 -0.847616 -0.586928 
-0.467808 -1.247427 -0.349962 -1.010573 -0.685211 -0.832997 -0.600024 
-0.489106 -1.267048 -0.394115 -1.049405 -0.717909 -0.871537 -0.654742 
-0.501090 -1.261157 -0.425845 -1.087621 -0.740919 -0.877003 -0.684404 
-0.494198 -1.242508 -0.432678 -1.113833 -0.731889 -0.846703 -0.677790 
-0.489078 -1.221556 -0.432180 -1.129543 -0.734389 -0.819183 -0.659393 
-0.481449 -1.195526 -0.433265 -1.118101 -0.710430 -0.803409 -0.645398 
-0.461339 -1.177129 -0.426741 -1.101753 -0.682040 -0.778274 -0.635156 
-0.451168 -1.130415 -0.428851 -1.073364 -0.649251 -0.746880 -0.612794 
-0.437518 -1.088380 -0.434966 -1.043381 -0.625976 -0.716985 -0.591558 
-0.446489 -1.068434 -0.436908 -1.025730 -0.618228 -0.683555 -0.598845 
-0.499405 -1.100193 -0.484579 -1.076375 -0.662622 -0.737554 -0.651775 
-0.498437 -1.083747 -0.509813 -1.077488 -0.636395 -0.733019 -0.631027 
-0.500356 -1.077475 -0.512169 -1.056205 -0.610649 -0.727367 -0.602118 
-0.488338 -1.047634 -0.531306 -1.002864 -0.597928 -0.703423 -0.577189 
-0.474487 -1.011060 -0.538140 -0.949980 -0.572248 -0.677353 -0.554790 
-0.460594 -0.968599 -0.534239 -0.906835 -0.551078 -0.641948 -0.528779 
-0.454738 -0.912821 -0.528513 -0.853271 -0.531518 -0.611653 -0.500973 
-0.434243 -0.879825 -0.514664 -0.812384 -0.491295 -0.586001 -0.477833 
-0.429484 -0.831557 -0.501058 -0.784958 -0.465266 -0.568756 -0.451662 
-0.395480 -0.761449 -0.479412 -0.739757 -0.433714 -0.534685 -0.401724 
-0.298214 -0.613292 -0.385229 -0.598623 -0.317090 -0.393401 -0.273987 
-0.216558 -0.469954 -0.296734 -0.469970 -0.230385 -0.271146 -0.172774 
-0.141362 -0.335857 -0.230942 -0.337526 -0.147106 -0.180458 -0.104902 
-0.080317 -0.221235 -0.160127 -0.235625 -0.073587 -0.113043 -0.058417 
-0.052410 -0.120716 -0.104326 -0.135140 -0.015439 -0.048901 -0.014584 
-0.024367 -0.034516 -0.044954 -0.069183 0.034304 -0.001534 0.021553 
0.017714 0.047514 0.008544 0.001754 0.075518 0.050663 0.053409 
0.050132 0.125074 0.059690 0.092775 0.102853 0.092016 0.077705 
0.093286 0.195091 0.113979 0.159626 0.135452 0.125775 0.092479 
0.118286 0.267274 0.155220 0.236489 0.153731 0.160131 0.108978 
0.138395 0.333866 0.203948 0.318363 0.162597 0.193576 0.136727 
0.166716 0.399657 0.247932 0.390066 0.197504 0.232308 0.164592 
0.208330 0.460541 0.288917 0.446505 0.217797 0.276889 0.195372 
0.248892 0.519468 0.336175 0.526505 0.238995 0.330853 0.232557 
0.294605 0.575190 0.388262 0.592671 0.270874 0.371635 0.262837 
0.339385 0.644747 0.432152 0.672912 0.289012 0.410053 0.289962 
0.396692 0.699977 0.482627 0.745500 0.295243 0.454027 0.319712 
0.469592 0.751471 0.521470 0.800649 0.298057 0.492866 0.348605 
0.505619 0.801956 0.569549 0.863820 0.304174 0.532383 0.382949 
0.553612 0.851078 0.614398 0.923428 0.322321 0.587860 0.413657 
0.625151 0.904141 0.661456 0.968165 0.336652 0.628037 0.438002 
0.667718 0.942282 0.721115 1.047303 0.325366 0.668560 0.464405 
0.716626 0.990899 0.794259 1.124259 0.338570 0.703315 0.490177 
0.762150 1.040868 0.842003 1.168750 0.346807 0.729111 0.517019 
0.846187 1.101071 0.891660 1.225992 0.359170 0.775243 0.549140 
0.932898 1.156534 0.956245 1.281985 0.398343 0.830872 0.589813 
0.975025 1.222800 1.016202 1.346839 0.424982 0.877970 0.622252 
0.994573 1.298918 1.095459 1.406556 0.440523 0.933921 0.662786 
1.050669 1.373015 1.154712 1.482633 0.464836 0.998869 0.699108 
1.118364 1.430522 1.213485 1.535713 0.491594 1.040977 0.735989 
1.191306 1.497298 1.259797 1.608924 0.512891 1.106538 0.774348 
1.272859 1.567893 1.314622 1.670615 0.541814 1.159185 0.809178 
1.334059 1.635168 1.372802 1.722170 0.556295 1.211503 0.843257 
1.396398 1.716282 1.436752 1.809848 0.578867 1.260203 0.879479 
1.452909 1.782149 1.504568 1.867875 0.599417 1.313242 0.919430 
1.516441 1.846510 1.561897 1.934136 0.580487 1.372546 0.952771 
1.608365 1.921023 1.620455 1.996408 0.595610 1.430722 0.990221 
1.688315 1.978214 1.671624 2.069152 0.621154 1.484170 1.027528 
1.772227 2.044512 1.742630 2.150881 0.637539 1.552159 1.070075 
1.857549 2.127321 1.828921 2.234816 0.660493 1.613691 1.110170 
1.918283 2.192904 1.911668 2.307734 0.693896 1.663139 1.155936 
1.982007 2.263026 1.986355 2.392557 0.718853 1.737487 1.204907 
2.057699 2.335687 2.053256 2.484938 0.742416 1.813144 1.249706 
2.142708 2.394303 2.139108 2.548530 0.765222 1.867714 1.298487 
2.229530 2.461045 2.226504 2.631029 0.784603 1.932938 1.339476 
2.309698 2.528162 2.314673 2.727173 0.836552 1.987583 1.382208 
2.372984 2.588752 2.411404 2.832922 0.881548 2.046345 1.431862 
2.456761 2.659153 2.501008 2.931110 0.919188 2.106481 1.481775 
2.550209 2.727764 2.593302 3.030536 0.943173 2.149824 1.524939 
2.645512 2.801101 2.682223 3.114936 0.954270 2.220150 1.581388 
2.734409 2.882139 2.760638 3.240017 0.968065 2.296157 1.629026 
2.811081 2.962832 2.842041 3.318115 0.980585 2.352633 1.672465 
2.891825 3.028245 2.932097 3.437139 1.001359 2.429637 1.721694 
3.003432 3.095890 3.014398 3.554783 1.037551 2.534969 1.765536 
3.091661 3.164158 3.095571 3.680770 1.058606 2.624311 1.820240 
3.156252 3.237661 3.173851 3.805810 1.077764 2.722716 1.872164 
3.248139 3.308123 3.257792 3.892204 1.093626 2.808392 1.919231 
3.339000 3.382238 3.358277 4.014921 1.122267 2.894813 1.966529 
3.429995 3.444769 3.446762 4.113713 1.135117 2.995549 2.015264 
3.502810 3.511994 3.534572 4.243647 1.155894 3.056372 2.067191 
3.597559 3.580127 3.645493 4.344374 1.183938 3.124334 2.119320 
3.700749 3.653958 3.744805 4.451937 1.208606 3.193377 2.174073 
3.779465 3.742818 3.841076 4.547577 1.237388 3.266343 2.234277 
3.833730 3.822666 3.950151 4.642799 1.254400 3.345361 2.298732 
3.903263 3.899827 4.055637 4.743884 1.284160 3.429715 2.356714 
4.003082 3.973148 4.169651 4.851569 1.300927 3.519973 2.417155 
4.105948 4.044560 4.274149 4.959925 1.331232 3.602446 2.474239 
4.195350 4.115076 4.379355 5.075271 1.352762 3.692186 2.530444 
4.266249 4.194528 4.495615 5.179722 1.399658 3.759780 2.588747 
4.349897 4.262657 4.604807 5.287209 1.454940 3.861060 2.636626 
4.454227 4.334473 4.707650 5.385624 1.485971 3.979058 2.694591 
4.535363 4.408617 4.824255 5.508179 1.513885 4.070196 2.748479 
4.628688 4.480529 4.945906 5.612571 1.547776 4.152719 2.802668 
4.721967 4.551594 5.066915 5.735318 1.579481 4.219240 2.853602 
4.832303 4.626271 5.187566 5.848573 1.612134 4.261614 2.907320 
4.942532 4.701024 5.308327 5.947327 1.649772 4.344627 2.961840 
5.023754 4.774380 5.438250 6.059387 1.669789 4.436715 3.016788 
5.104624 4.851970 5.560753 6.121741 1.698821 4.532321 3.082589 
5.190872 4.926013 5.682019 6.223915 1.720662 4.631216 3.148012 
5.288120 5.005693 5.817558 6.310449 1.738699 4.735028 3.212418 
5.370871 5.092267 5.947012 6.393300 1.775131 4.821036 3.272932 
5.470733 5.166979 6.082451 6.486855 1.820491 4.938155 3.343898 
5.544141 5.234824 6.217051 6.580486 1.857963 5.045315 3.403468 
5.625628 5.323696 6.323891 6.668525 1.891679 5.144070 3.464486 
5.701978 5.408552 6.449007 6.761793 1.926356 5.243094 3.530534 
5.759756 5.497301 6.582926 6.870339 1.977359 5.311081 3.593202 
5.815578 5.585604 6.699227 6.977637 2.010895 5.392572 3.660440 
5.897618 5.660290 6.820083 7.088193 2.032960 5.481765 3.720734 
6.003568 5.741303 6.939348 7.196593 2.081562 5.586943 3.778862 
6.090433 5.828991 7.069612 7.308916 2.144006 5.669408 3.844817 
6.130593 5.911132 7.204500 7.434205 2.184283 5.760839 3.899579 
6.201867 5.986755 7.323666 7.540893 2.223045 5.818558 3.953235 
6.319936 6.065111 7.443910 7.643473 2.266167 5.909425 4.013123 
6.418358 6.136099 7.583790 7.742518 2.302400 6.037317 4.074933 
6.480402 6.210810 7.695107 7.860279 2.339509 6.161996 4.129762 
6.559431 6.290214 7.805411 7.951223 2.361044 6.247353 4.195115 
6.660419 6.380427 7.944282 8.038281 2.410011 6.351872 4.258896 
6.745260 6.460384 8.064439 8.171563 2.470496 6.477342 4.319509 
NaN NaN NaN NaN NaN NaN NaN 
NaN NaN NaN NaN NaN NaN NaN 
NaN NaN NaN NaN NaN NaN NaN 
NaN NaN NaN NaN NaN NaN NaN 
