-1.356649 -1.161561 -0.553485 -1.030184 -1.246437 -0.098261 0.584282 0.743478 -0.747744 -1.271483 -0.615876 0.602140 -0.630401 -0.421152 0.014994 0.098020 0.402400 0.235087 -1.357559 -1.403058 0.584162 0.262128 0.597624 -1.438748 -1.130063 0.543838 -0.071395 -0.394347 
-1.401782 -1.188146 -0.578749 -1.089057 -1.264414 -0.132916 0.490979 0.658226 -0.797151 -1.289222 -0.611121 0.479524 -0.679744 -0.455573 -0.048440 0.031980 0.356288 0.144428 -1.425023 -1.404830 0.472861 0.165209 0.469897 -1.446103 -1.163018 0.485819 -0.130047 -0.425962 
-1.442835 -1.212016 -0.602494 -1.143428 -1.280200 -0.166391 0.402160 0.576357 -0.842944 -1.304585 -0.606268 0.362793 -0.724981 -0.487404 -0.108457 -0.030441 0.311828 0.058227 -1.487445 -1.405994 0.367629 0.073156 0.348556 -1.451474 -1.192797 0.429497 -0.185621 -0.455642 
-1.479907 -1.233235 -0.624733 -1.193405 -1.293843 -0.198671 0.317732 0.497824 -0.885210 -1.317628 -0.601307 0.251834 -0.766240 -0.516716 -0.165125 -0.089323 0.269008 -0.023596 -1.544932 -1.406520 0.268309 -0.014128 0.233464 -1.454911 -1.219480 0.374881 -0.238171 -0.483421 
-1.513097 -1.251866 -0.645478 -1.239095 -1.305386 -0.229740 0.237600 0.422579 -0.924035 -1.328408 -0.596231 0.146532 -0.803646 -0.543575 -0.218513 -0.144748 0.227816 -0.101120 -1.597592 -1.406378 0.174744 -0.096738 0.124487 -1.456464 -1.243148 0.321979 -0.287752 -0.509330 
-1.542499 -1.267972 -0.664742 -1.280604 -1.314874 -0.259583 0.161673 0.350577 -0.959503 -1.336980 -0.591030 0.046777 -0.837322 -0.568051 -0.268691 -0.196794 0.188239 -0.174424 -1.645529 -1.405538 0.086783 -0.174770 0.021491 -1.456183 -1.263878 0.270802 -0.334420 -0.533403 
-1.568211 -1.281613 -0.682536 -1.318035 -1.322350 -0.288187 0.089859 0.281771 -0.991696 -1.343400 -0.585695 -0.047543 -0.867392 -0.590209 -0.315725 -0.245539 0.150265 -0.243586 -1.688847 -1.403971 0.004271 -0.248317 -0.075655 -1.454116 -1.281749 0.221356 -0.378228 -0.555670 
-1.590326 -1.292850 -0.698872 -1.351491 -1.327857 -0.315537 0.022069 0.216115 -1.020697 -1.347719 -0.580219 -0.136536 -0.893974 -0.610115 -0.359683 -0.291063 0.113881 -0.308683 -1.727650 -1.401649 -0.072940 -0.317472 -0.167082 -1.450311 -1.296837 0.173649 -0.419229 -0.576164 
-1.608938 -1.301741 -0.713763 -1.381075 -1.331438 -0.341620 -0.041788 0.153566 -1.046585 -1.349994 -0.574593 -0.220312 -0.917188 -0.627835 -0.400631 -0.333441 0.079075 -0.369791 -1.762037 -1.398544 -0.144998 -0.382326 -0.252919 -1.444815 -1.309218 0.127689 -0.457477 -0.594915 
-1.624139 -1.308347 -0.727220 -1.406886 -1.333134 -0.366422 -0.101798 0.094079 -1.069442 -1.350275 -0.568809 -0.298977 -0.937151 -0.643432 -0.438635 -0.372750 0.045834 -0.426987 -1.792110 -1.394630 -0.212050 -0.442969 -0.333293 -1.437674 -1.318964 0.083483 -0.493024 -0.611954 
-1.636018 -1.312725 -0.739256 -1.429023 -1.332988 -0.389933 -0.158049 0.037609 -1.089344 -1.348616 -0.562857 -0.372636 -0.953976 -0.656970 -0.473759 -0.409065 0.014146 -0.480345 -1.817967 -1.389879 -0.274238 -0.499490 -0.408328 -1.428933 -1.326151 0.041037 -0.525922 -0.627311 
-1.644667 -1.314932 -0.749882 -1.447585 -1.331040 -0.412138 -0.210626 -0.015887 -1.106370 -1.345067 -0.556731 -0.441396 -0.967777 -0.668510 -0.506069 -0.442460 -0.016002 -0.529941 -1.839706 -1.384265 -0.331706 -0.551977 -0.478150 -1.418638 -1.330849 0.000357 -0.556221 -0.641016 
-1.650174 -1.315023 -0.759110 -1.462668 -1.327329 -0.433028 -0.259615 -0.066453 -1.120596 -1.339680 -0.550420 -0.505359 -0.978665 -0.678114 -0.535626 -0.473008 -0.044621 -0.575848 -1.857423 -1.377764 -0.384592 -0.600516 -0.542881 -1.406833 -1.333130 -0.038550 -0.583972 -0.653098 
-1.652624 -1.313056 -0.766952 -1.474367 -1.321897 -0.452591 -0.305098 -0.114130 -1.132096 -1.332505 -0.543918 -0.564628 -0.986750 -0.685843 -0.562496 -0.500782 -0.071725 -0.618138 -1.871213 -1.370350 -0.433035 -0.645194 -0.602641 -1.393562 -1.333065 -0.075678 -0.609226 -0.663587 
-1.652106 -1.309084 -0.773420 -1.482776 -1.314782 -0.470816 -0.347158 -0.158961 -1.140946 -1.323590 -0.537217 -0.619303 -0.992139 -0.691756 -0.586738 -0.525854 -0.097325 -0.656885 -1.881170 -1.361999 -0.477171 -0.686094 -0.657549 -1.378867 -1.330722 -0.111024 -0.632032 -0.672512 
-1.648703 -1.303161 -0.778525 -1.487987 -1.306023 -0.487694 -0.385877 -0.200989 -1.147217 -1.312986 -0.530307 -0.669486 -0.994939 -0.695913 -0.608416 -0.548293 -0.121434 -0.692160 -1.887387 -1.352689 -0.517133 -0.723300 -0.707725 -1.362790 -1.326169 -0.144581 -0.652439 -0.679900 
-1.642500 -1.295341 -0.782280 -1.490092 -1.295658 -0.503215 -0.421334 -0.240253 -1.150983 -1.300739 -0.523181 -0.715273 -0.995254 -0.698370 -0.627589 -0.568171 -0.144064 -0.724034 -1.889955 -1.342394 -0.553055 -0.756894 -0.753282 -1.345373 -1.319473 -0.176345 -0.670495 -0.685780 
-1.633578 -1.285674 -0.784695 -1.489180 -1.283724 -0.517370 -0.453610 -0.276795 -1.152313 -1.286898 -0.515832 -0.756764 -0.993185 -0.699185 -0.644318 -0.585555 -0.165228 -0.752577 -1.888963 -1.331094 -0.585065 -0.786956 -0.794337 -1.326656 -1.310699 -0.206313 -0.686248 -0.690179 
-1.622019 -1.274213 -0.785783 -1.485341 -1.270260 -0.530150 -0.482782 -0.310655 -1.151276 -1.271509 -0.508251 -0.794055 -0.988834 -0.698415 -0.658662 -0.600515 -0.184937 -0.777859 -1.884502 -1.318765 -0.613292 -0.813566 -0.831003 -1.306679 -1.299914 -0.234480 -0.699746 -0.693125 
-1.607904 -1.261009 -0.785556 -1.478663 -1.255300 -0.541548 -0.508928 -0.341873 -1.147943 -1.254618 -0.500430 -0.827240 -0.982299 -0.696113 -0.670679 -0.613116 -0.203205 -0.799948 -1.876658 -1.305388 -0.637861 -0.836803 -0.863389 -1.285482 -1.287179 -0.260842 -0.711034 -0.694644 
-1.591311 -1.246110 -0.784023 -1.469230 -1.238882 -0.551555 -0.532123 -0.370488 -1.142379 -1.236272 -0.492361 -0.856414 -0.973677 -0.692336 -0.680429 -0.623426 -0.220044 -0.818914 -1.865517 -1.290941 -0.658898 -0.856745 -0.891608 -1.263103 -1.272559 -0.285398 -0.720160 -0.694763 
-1.572318 -1.229566 -0.781198 -1.457128 -1.221040 -0.560164 -0.552442 -0.396540 -1.134652 -1.216514 -0.484037 -0.881669 -0.963065 -0.687136 -0.687967 -0.631510 -0.235466 -0.834822 -1.851165 -1.275404 -0.676524 -0.873466 -0.915766 -1.239580 -1.256114 -0.308143 -0.727169 -0.693507 
-1.551002 -1.211425 -0.777091 -1.442440 -1.201810 -0.567370 -0.569960 -0.420067 -1.124826 -1.195390 -0.475450 -0.903098 -0.950554 -0.680565 -0.693351 -0.637433 -0.249482 -0.847742 -1.833686 -1.258757 -0.690858 -0.887043 -0.935970 -1.214949 -1.237905 -0.329077 -0.732105 -0.690904 
-1.527438 -1.191734 -0.771714 -1.425250 -1.181225 -0.573165 -0.584749 -0.441106 -1.112965 -1.172941 -0.466593 -0.920790 -0.936236 -0.672677 -0.696637 -0.641257 -0.262106 -0.857737 -1.813161 -1.240982 -0.702020 -0.897550 -0.952326 -1.189249 -1.217991 -0.348196 -0.735013 -0.686976 
-1.501700 -1.170540 -0.765079 -1.405637 -1.159320 -0.577544 -0.596880 -0.459696 -1.099133 -1.149213 -0.457457 -0.934835 -0.920203 -0.663521 -0.697879 -0.643047 -0.273350 -0.864874 -1.789673 -1.222060 -0.710125 -0.905058 -0.964938 -1.162513 -1.196432 -0.365499 -0.735937 -0.681751 
-1.473862 -1.147888 -0.757196 -1.383681 -1.136128 -0.580502 -0.606424 -0.475873 -1.083392 -1.124245 -0.448036 -0.945322 -0.902541 -0.653147 -0.697133 -0.642863 -0.283226 -0.869217 -1.763300 -1.201973 -0.715288 -0.909640 -0.973907 -1.134777 -1.173284 -0.380985 -0.734921 -0.675252 
-1.443995 -1.123823 -0.748076 -1.359461 -1.111681 -0.582034 -0.613451 -0.489675 -1.065801 -1.098081 -0.438321 -0.952336 -0.883337 -0.641605 -0.694451 -0.640768 -0.291745 -0.870830 -1.734123 -1.180704 -0.717620 -0.911366 -0.979333 -1.106075 -1.148603 -0.394652 -0.732006 -0.667503 
-1.412169 -1.098388 -0.737732 -1.333054 -1.086012 -0.582136 -0.618029 -0.501136 -1.046420 -1.070761 -0.428306 -0.955964 -0.862675 -0.628943 -0.689887 -0.636820 -0.298922 -0.869777 -1.702217 -1.158237 -0.717233 -0.910306 -0.981317 -1.076441 -1.122445 -0.406501 -0.727236 -0.658528 
-1.378456 -1.071628 -0.726175 -1.304536 -1.059152 -0.580805 -0.620225 -0.510294 -1.025309 -1.042325 -0.417983 -0.956290 -0.840639 -0.615209 -0.683494 -0.631080 -0.304767 -0.866121 -1.667661 -1.134555 -0.714233 -0.906526 -0.979954 -1.045908 -1.094864 -0.416531 -0.720652 -0.648352 
-1.342922 -1.043584 -0.713414 -1.273981 -1.031132 -0.578036 -0.620106 -0.517182 -1.002525 -1.012812 -0.407344 -0.953398 -0.817310 -0.600448 -0.675323 -0.623605 -0.309293 -0.859922 -1.630528 -1.109643 -0.708728 -0.900095 -0.975341 -1.014508 -1.065913 -0.424743 -0.712295 -0.636995 
-1.305635 -1.014298 -0.699463 -1.241463 -1.001983 -0.573827 -0.617737 -0.521836 -0.978123 -0.982263 -0.396383 -0.947369 -0.792765 -0.584707 -0.665425 -0.614454 -0.312511 -0.851243 -1.590892 -1.083486 -0.700821 -0.891078 -0.967572 -0.982272 -1.035645 -0.431136 -0.702205 -0.624482 
-1.266661 -0.983810 -0.684331 -1.207053 -0.971735 -0.568176 -0.613182 -0.524290 -0.952159 -0.950714 -0.385093 -0.938285 -0.767084 -0.568029 -0.653851 -0.603682 -0.314436 -0.840143 -1.548826 -1.056070 -0.690615 -0.879539 -0.956739 -0.949231 -1.004109 -0.435712 -0.690423 -0.610834 
-1.226065 -0.952161 -0.668029 -1.170822 -0.940417 -0.561080 -0.606503 -0.524579 -0.924687 -0.918203 -0.373465 -0.926225 -0.740341 -0.550460 -0.640650 -0.591346 -0.315077 -0.826683 -1.504400 -1.027380 -0.678211 -0.865543 -0.942934 -0.915414 -0.971356 -0.438471 -0.676987 -0.596074 
-1.183911 -0.919389 -0.650570 -1.132839 -0.908058 -0.552540 -0.597763 -0.522734 -0.895760 -0.884768 -0.361493 -0.911268 -0.712611 -0.532042 -0.625870 -0.577501 -0.314449 -0.810922 -1.457686 -0.997405 -0.663705 -0.849150 -0.926246 -0.880852 -0.937436 -0.439416 -0.661937 -0.580223 
-1.140260 -0.885533 -0.631962 -1.093173 -0.874686 -0.542553 -0.587023 -0.518790 -0.865430 -0.850444 -0.349171 -0.893492 -0.683965 -0.512816 -0.609561 -0.562200 -0.312562 -0.792917 -1.408751 -0.966130 -0.647196 -0.830423 -0.906763 -0.845573 -0.902395 -0.438549 -0.645310 -0.563301 
-1.095174 -0.850630 -0.612219 -1.051890 -0.840330 -0.531119 -0.574342 -0.512779 -0.833747 -0.815268 -0.336490 -0.872972 -0.654474 -0.492825 -0.591770 -0.545497 -0.309429 -0.772728 -1.357663 -0.933545 -0.628776 -0.809422 -0.884572 -0.809604 -0.866280 -0.435871 -0.627145 -0.545331 
-1.048714 -0.814717 -0.591349 -1.009056 -0.805016 -0.518239 -0.559778 -0.504732 -0.800762 -0.779274 -0.323444 -0.849783 -0.624206 -0.472109 -0.572543 -0.527444 -0.305062 -0.750410 -1.304488 -0.899638 -0.608539 -0.786204 -0.859756 -0.772974 -0.829137 -0.431385 -0.607479 -0.526331 
-1.000937 -0.777829 -0.569365 -0.964734 -0.768771 -0.503913 -0.543391 -0.494681 -0.766522 -0.742496 -0.310027 -0.824000 -0.593228 -0.450707 -0.551927 -0.508092 -0.299473 -0.726020 -1.249291 -0.864398 -0.586575 -0.760828 -0.832400 -0.735707 -0.791012 -0.425094 -0.586348 -0.506323 
-0.951902 -0.740001 -0.546277 -0.918988 -0.731621 -0.488142 -0.525235 -0.482657 -0.731076 -0.704968 -0.296231 -0.795696 -0.561605 -0.428658 -0.529968 -0.487492 -0.292675 -0.699614 -1.192135 -0.827815 -0.562972 -0.733351 -0.802585 -0.697830 -0.751946 -0.417003 -0.563787 -0.485325 
-0.901665 -0.701268 -0.522096 -0.871880 -0.693592 -0.470928 -0.505367 -0.468691 -0.694469 -0.666723 -0.282050 -0.764940 -0.529400 -0.405999 -0.506709 -0.465693 -0.284679 -0.671246 -1.133083 -0.789879 -0.537817 -0.703827 -0.770390 -0.659369 -0.711984 -0.407113 -0.539834 -0.463357 
-0.850282 -0.661663 -0.496831 -0.823470 -0.654709 -0.452273 -0.483840 -0.452813 -0.656746 -0.627793 -0.267477 -0.731805 -0.496675 -0.382768 -0.482195 -0.442744 -0.275498 -0.640972 -1.072197 -0.750581 -0.511193 -0.672310 -0.735895 -0.620347 -0.671165 -0.395430 -0.514521 -0.440437 
-0.797807 -0.621218 -0.470495 -0.773816 -0.614997 -0.432179 -0.460708 -0.435052 -0.617952 -0.588210 -0.252505 -0.696358 -0.463488 -0.359000 -0.456469 -0.418693 -0.265143 -0.608843 -1.009535 -0.709913 -0.483185 -0.638854 -0.699177 -0.580787 -0.629532 -0.381958 -0.487885 -0.416585 
-0.744292 -0.579965 -0.443098 -0.722977 -0.574478 -0.410649 -0.436023 -0.415438 -0.578130 -0.548005 -0.237127 -0.658668 -0.429899 -0.334730 -0.429575 -0.393587 -0.253627 -0.574914 -0.945158 -0.667866 -0.453871 -0.603511 -0.660310 -0.540714 -0.587122 -0.366702 -0.459958 -0.391818 
-0.689790 -0.537934 -0.414649 -0.671008 -0.533178 -0.387686 -0.409836 -0.394000 -0.537321 -0.507207 -0.221338 -0.618802 -0.395962 -0.309993 -0.401553 -0.367472 -0.240962 -0.539236 -0.879121 -0.624434 -0.423331 -0.566330 -0.619369 -0.500149 -0.543975 -0.349667 -0.430773 -0.366153 
-0.634351 -0.495157 -0.385161 -0.617966 -0.491119 -0.363296 -0.382197 -0.370765 -0.495567 -0.465848 -0.205131 -0.576824 -0.361733 -0.284821 -0.372446 -0.340394 -0.227160 -0.501860 -0.811481 -0.579610 -0.391640 -0.527362 -0.576426 -0.459113 -0.500127 -0.330858 -0.400364 -0.339609 
-0.578025 -0.451661 -0.354642 -0.563903 -0.448322 -0.337482 -0.353155 -0.345761 -0.452906 -0.423955 -0.188499 -0.532800 -0.327263 -0.259249 -0.342293 -0.312395 -0.212233 -0.462838 -0.742293 -0.533387 -0.358874 -0.486655 -0.531551 -0.417627 -0.455614 -0.310281 -0.368762 -0.312202 
-0.520859 -0.407475 -0.323105 -0.508873 -0.404810 -0.310248 -0.322757 -0.319016 -0.409378 -0.381558 -0.171436 -0.486793 -0.292603 -0.233306 -0.311135 -0.283521 -0.196193 -0.422220 -0.671610 -0.485760 -0.325106 -0.444255 -0.484814 -0.375711 -0.410473 -0.287943 -0.335998 -0.283949 
-0.462901 -0.362628 -0.290558 -0.452927 -0.360605 -0.281602 -0.291051 -0.290557 -0.365019 -0.338683 -0.153936 -0.438863 -0.257802 -0.207024 -0.279011 -0.253813 -0.179052 -0.380054 -0.599486 -0.436724 -0.290404 -0.400210 -0.436282 -0.333385 -0.364736 -0.263850 -0.302105 -0.254865 
-0.404197 -0.317145 -0.257013 -0.396115 -0.315726 -0.251547 -0.258082 -0.260410 -0.319867 -0.295357 -0.135992 -0.389073 -0.222908 -0.180432 -0.245959 -0.223314 -0.160822 -0.336389 -0.525970 -0.386274 -0.254839 -0.354564 -0.386021 -0.290668 -0.318436 -0.238009 -0.267111 -0.224967 
-0.344792 -0.271053 -0.222479 -0.338485 -0.270194 -0.220092 -0.223895 -0.228601 -0.273956 -0.251608 -0.117598 -0.337482 -0.187965 -0.153560 -0.212017 -0.192063 -0.141514 -0.291273 -0.451113 -0.334407 -0.218477 -0.307360 -0.334096 -0.247576 -0.271606 -0.210427 -0.231048 -0.194270 
-0.284728 -0.224376 -0.186968 -0.280084 -0.224028 -0.187242 -0.188532 -0.195155 -0.227320 -0.207461 -0.098749 -0.284148 -0.153018 -0.126436 -0.177222 -0.160102 -0.121142 -0.244754 -0.374963 -0.281120 -0.181382 -0.258641 -0.280568 -0.204128 -0.224277 -0.181112 -0.193943 -0.162789 
-0.224049 -0.177139 -0.150488 -0.220960 -0.177249 -0.153005 -0.152037 -0.160098 -0.179993 -0.162940 -0.079437 -0.229129 -0.118107 -0.099086 -0.141611 -0.127468 -0.099717 -0.196878 -0.297567 -0.226410 -0.143617 -0.208449 -0.225500 -0.160340 -0.176478 -0.150073 -0.155826 -0.130538 
-0.162795 -0.129366 -0.113051 -0.161156 -0.129873 -0.117389 -0.114451 -0.123453 -0.132006 -0.118070 -0.059657 -0.172480 -0.083274 -0.071538 -0.105219 -0.094201 -0.077252 -0.147691 -0.218972 -0.170274 -0.105243 -0.156823 -0.168952 -0.116228 -0.128238 -0.117316 -0.116725 -0.097533 
-0.101007 -0.081079 -0.074667 -0.100717 -0.081919 -0.080402 -0.075813 -0.085246 -0.083390 -0.072875 -0.039403 -0.114256 -0.048555 -0.043816 -0.068082 -0.060337 -0.053757 -0.097237 -0.139223 -0.112712 -0.066318 -0.103802 -0.110980 -0.071806 -0.079584 -0.082852 -0.076667 -0.063786 
-0.038723 -0.032299 -0.035345 -0.039684 -0.033406 -0.042053 -0.036164 -0.045499 -0.034174 -0.027378 -0.018669 -0.054511 -0.013988 -0.015945 -0.030232 -0.025913 -0.029245 -0.045562 -0.058362 -0.053722 -0.026899 -0.049425 -0.051643 -0.027089 -0.030544 -0.046690 -0.035680 -0.029311 
0.024019 0.016952 0.004904 0.021901 0.015652 -0.002352 0.004460 -0.004236 0.015612 0.018399 0.002550 0.006703 0.020392 0.012051 0.008295 0.009035 -0.003728 0.007291 0.023567 0.006696 0.012959 0.006272 0.009006 0.017909 0.018858 -0.008838 0.006211 0.005878 
0.087183 0.066654 0.046070 0.083999 0.065237 0.038693 0.046021 0.038521 0.065942 0.064433 0.024261 0.069334 0.054554 0.040150 0.047467 0.044474 0.022783 0.061278 0.106525 0.068541 0.053204 0.063253 0.070913 0.063175 0.068597 0.030694 0.048979 0.041769 
0.150733 0.116787 0.088144 0.146572 0.115333 0.081071 0.088482 0.082749 0.116789 0.110705 0.046470 0.133332 0.088466 0.068329 0.087252 0.080368 0.050274 0.116359 0.190470 0.131814 0.093784 0.121484 0.134025 0.108697 0.118648 0.071894 0.092599 0.078350 
0.214636 0.167334 0.131115 0.209582 0.165925 0.124771 0.131811 0.128426 0.168128 0.157194 0.069182 0.198649 0.122098 0.096567 0.127618 0.116686 0.078735 0.172490 0.275365 0.196512 0.134652 0.180932 0.198293 0.154464 0.168991 0.114754 0.137046 0.115608 
0.278858 0.218276 0.174973 0.272993 0.216998 0.169781 0.175971 0.175532 0.219935 0.203880 0.092402 0.265237 0.155423 0.124844 0.168534 0.153395 0.108153 0.229631 0.361172 0.262633 0.175760 0.241565 0.263668 0.200465 0.219604 0.159261 0.182297 0.153532 
0.343367 0.269597 0.219709 0.336772 0.268539 0.216091 0.220932 0.224045 0.272186 0.250743 0.116137 0.333048 0.188416 0.153141 0.209971 0.190464 0.138516 0.287742 0.447856 0.330176 0.217063 0.303351 0.330103 0.246689 0.270466 0.205405 0.228327 0.192111 
0.408134 0.321280 0.265312 0.400885 0.320534 0.263688 0.266662 0.273945 0.324861 0.297766 0.140392 0.402039 0.221052 0.181440 0.251899 0.227863 0.169813 0.346784 0.535382 0.399135 0.258519 0.366261 0.397553 0.293128 0.321558 0.253174 0.275114 0.231334 
0.473129 0.373311 0.311774 0.465300 0.372969 0.312559 0.313130 0.325213 0.377938 0.344930 0.165171 0.472164 0.253309 0.209723 0.294289 0.265562 0.202032 0.406716 0.623716 0.469509 0.300087 0.430267 0.465972 0.339772 0.372862 0.302557 0.322634 0.271191 
0.538324 0.425674 0.359084 0.529986 0.425832 0.362691 0.360306 0.377828 0.431397 0.392219 0.190482 0.543381 0.285167 0.237973 0.337113 0.303533 0.235161 0.467502 0.712825 0.541293 0.341728 0.495341 0.535320 0.386614 0.424362 0.353539 0.370867 0.311671 
0.603691 0.478356 0.407232 0.594915 0.479112 0.414071 0.408163 0.431772 0.485220 0.439616 0.216329 0.615648 0.316607 0.266174 0.380344 0.341748 0.269187 0.529104 0.802680 0.614481 0.383405 0.561457 0.605554 0.433646 0.476040 0.406110 0.419791 0.352764 
0.669205 0.531345 0.456210 0.660058 0.532796 0.466684 0.456674 0.487027 0.539390 0.487106 0.242717 0.688924 0.347613 0.294312 0.423955 0.380181 0.304100 0.591484 0.893250 0.689068 0.425083 0.628590 0.676637 0.480862 0.527883 0.460256 0.469384 0.394462 
0.734842 0.584629 0.506006 0.725388 0.586873 0.520517 0.505811 0.543573 0.593890 0.534673 0.269652 0.763170 0.378169 0.322372 0.467920 0.418806 0.339887 0.654608 0.984507 0.765049 0.466730 0.696716 0.748529 0.528256 0.579876 0.515964 0.519628 0.436756 
0.800577 0.638195 0.556613 0.790879 0.641334 0.575553 0.555551 0.601394 0.648705 0.582303 0.297138 0.838348 0.408263 0.350341 0.512214 0.457598 0.376537 0.718439 1.076424 0.842415 0.508314 0.765811 0.821195 0.575822 0.632006 0.573219 0.570501 0.479636 
0.866389 0.692035 0.608019 0.856509 0.696169 0.631777 0.605869 0.660473 0.703821 0.629981 0.325182 0.914421 0.437882 0.378208 0.556813 0.496532 0.414037 0.782944 1.168975 0.921162 0.549806 0.835855 0.894600 0.623558 0.684262 0.632009 0.621986 0.523096 
0.932257 0.746138 0.660217 0.922254 0.751368 0.689174 0.656743 0.720793 0.759225 0.677696 0.353787 0.991352 0.467017 0.405960 0.601692 0.535585 0.452375 0.848087 1.262135 1.001279 0.591181 0.906828 0.968712 0.671458 0.736633 0.692317 0.674063 0.567126 
0.998160 0.800496 0.713196 0.988091 0.806922 0.747726 0.708150 0.782337 0.814905 0.725434 0.382960 1.069108 0.495660 0.433587 0.646828 0.574736 0.491541 0.913836 1.355881 1.082759 0.632411 0.978709 1.043498 0.719519 0.789109 0.754130 0.726715 0.611720 
1.064080 0.855101 0.766946 1.054002 0.862824 0.807418 0.760070 0.845091 0.870851 0.773184 0.412705 1.147655 0.523805 0.461079 0.692200 0.613962 0.531523 0.980158 1.450190 1.165594 0.673475 1.051481 1.118929 0.767740 0.841682 0.817433 0.779923 0.656871 
1.130000 0.909946 0.821460 1.119967 0.919066 0.868230 0.812484 0.909038 0.927052 0.820934 0.443027 1.226960 0.551448 0.488428 0.737784 0.653243 0.572307 1.047022 1.545042 1.249772 0.714352 1.125126 1.194977 0.816119 0.894344 0.882209 0.833672 0.702571 
1.195902 0.965024 0.876726 1.185968 0.975640 0.930146 0.865372 0.974165 0.983500 0.868675 0.473931 1.306993 0.578586 0.515625 0.783561 0.692559 0.613883 1.114396 1.640417 1.335285 0.755022 1.199630 1.271615 0.864655 0.947088 0.948443 0.887945 0.748815 
1.261773 1.020331 0.932737 1.251989 1.032541 0.993147 0.918718 1.040456 1.040188 0.916395 0.505421 1.387723 0.605218 0.542665 0.829510 0.731892 0.656240 1.182250 1.736297 1.422121 0.795469 1.274977 1.348817 0.913348 0.999911 1.016118 0.942727 0.795597 
1.327597 1.075861 0.989482 1.318015 1.089761 1.057214 0.972506 1.107897 1.097109 0.964087 0.537503 1.469123 0.631345 0.569539 0.875610 0.771223 0.699364 1.250554 1.832665 1.510270 0.835677 1.351153 1.426561 0.962199 1.052806 1.085219 0.998001 0.842912 
1.393363 1.131612 1.046953 1.384032 1.147297 1.122327 1.026719 1.176476 1.154258 1.011741 0.570181 1.551163 0.656970 0.596244 0.921844 0.810536 0.743245 1.319279 1.929504 1.599719 0.875633 1.428148 1.504823 1.011208 1.105771 1.155727 1.053754 0.890753 
1.459058 1.187579 1.105140 1.450027 1.205142 1.188467 1.081344 1.246180 1.211631 1.059350 0.603459 1.633819 0.682099 0.622775 0.968192 0.849814 0.787870 1.388396 2.026801 1.690455 0.915326 1.505949 1.583584 1.060377 1.158803 1.227626 1.109971 0.939117 
1.524672 1.243761 1.164035 1.515990 1.263293 1.255613 1.136367 1.316996 1.269225 1.106906 0.637343 1.717064 0.706736 0.649128 1.014638 0.889042 0.833229 1.457879 2.124542 1.782466 0.954748 1.584546 1.662825 1.109710 1.211902 1.300898 1.166639 0.987999 
1.590196 1.300157 1.223628 1.581909 1.321745 1.323744 1.191777 1.388911 1.327038 1.154403 0.671837 1.800875 0.730890 0.675301 1.061164 0.928205 0.879309 1.527699 2.222714 1.875738 0.993890 1.663931 1.742528 1.159210 1.265067 1.375526 1.223746 1.037396 
1.655621 1.356766 1.283910 1.647778 1.380496 1.392840 1.247563 1.461915 1.385070 1.201836 0.706945 1.885230 0.754571 0.701291 1.107754 0.967291 0.926098 1.597831 2.321307 1.970257 1.032749 1.744096 1.822678 1.208881 1.318299 1.451489 1.281278 1.087303 
1.720942 1.413588 1.344873 1.713587 1.439543 1.462878 1.303715 1.535997 1.443320 1.249199 0.742672 1.970106 0.777791 0.727099 1.154392 1.006286 0.973585 1.668249 2.420311 2.066008 1.071319 1.825035 1.903260 1.258727 1.371600 1.528771 1.339224 1.137717 
1.786151 1.470625 1.406507 1.779331 1.498883 1.533836 1.360224 1.611145 1.501790 1.296486 0.779023 2.055483 0.800564 0.752723 1.201065 1.045178 1.021759 1.738929 2.519719 2.162976 1.109602 1.906742 1.984262 1.308755 1.424974 1.607351 1.397573 1.188636 
1.851245 1.527879 1.468803 1.845006 1.558515 1.605691 1.417083 1.687350 1.560483 1.343696 0.816000 2.141342 0.822903 0.778165 1.247757 1.083956 1.070607 1.809845 2.619523 2.261144 1.147596 1.989213 2.065672 1.358970 1.478424 1.687210 1.456314 1.240056 
1.916220 1.585352 1.531753 1.910608 1.618437 1.678420 1.474284 1.764602 1.619402 1.390824 0.853609 2.227665 0.844828 0.803427 1.294455 1.122612 1.120117 1.880976 2.719716 2.360496 1.185305 2.072445 2.147482 1.409380 1.531955 1.768328 1.515437 1.291977 
1.981075 1.643048 1.595347 1.976134 1.678650 1.751999 1.531823 1.842891 1.678552 1.437867 0.891854 2.314435 0.866356 0.828511 1.341147 1.161134 1.170279 1.952297 2.820296 2.461014 1.222734 2.156437 2.229683 1.459992 1.585575 1.850686 1.574933 1.344396 
2.045807 1.700971 1.659578 2.041584 1.739153 1.826404 1.589696 1.922210 1.737940 1.484825 0.930739 2.401637 0.887507 0.853420 1.387821 1.199516 1.221081 2.023787 2.921258 2.562682 1.259890 2.241186 2.312268 1.510814 1.639289 1.934262 1.634792 1.397312 
2.110418 1.759127 1.724436 2.106958 1.799947 1.901610 1.647897 2.002549 1.797571 1.531695 0.970269 2.489256 0.908306 0.878160 1.434465 1.237750 1.272511 2.095424 3.022600 2.665481 1.296781 2.326695 2.395234 1.561856 1.693108 2.019036 1.695007 1.450724 
2.174908 1.817522 1.789913 2.172258 1.861033 1.977593 1.706427 2.083901 1.857454 1.578477 1.010446 2.577278 0.928774 0.902735 1.481068 1.275828 1.324557 2.167188 3.124322 2.769391 1.333417 2.412965 2.478577 1.613127 1.747039 2.104986 1.755568 1.504632 
2.239281 1.876163 1.855999 2.237486 1.922412 2.054325 1.765282 2.166259 1.917598 1.625171 1.051275 2.665692 0.948939 0.927151 1.527621 1.313747 1.377208 2.239059 3.226423 2.874394 1.369812 2.499998 2.562296 1.664639 1.801094 2.192091 1.816470 1.559035 
2.303539 1.935057 1.922687 2.302648 1.984087 2.131782 1.824464 2.249615 1.978014 1.671778 1.092761 2.754487 0.968829 0.951416 1.574115 1.351500 1.430452 2.311017 3.328907 2.980470 1.405980 2.587799 2.646389 1.716401 1.855284 2.280329 1.877705 1.613933 
2.367688 1.994213 1.989968 2.367748 2.046060 2.209936 1.883974 2.333963 2.038713 1.718300 1.134906 2.843653 0.988472 0.975537 1.620541 1.389084 1.484277 2.383044 3.431776 3.087597 1.441938 2.676372 2.730859 1.768426 1.909621 2.369677 1.939267 1.669328 
2.431735 2.053640 2.057833 2.432793 2.108335 2.288761 1.943812 2.419298 2.099708 1.764738 1.177715 2.933181 1.007901 0.999523 1.666890 1.426496 1.538673 2.455122 3.535033 3.195754 1.477705 2.765725 2.815709 1.820727 1.964120 2.460113 2.001151 1.725220 
2.495685 2.113349 2.126274 2.497792 2.170915 2.368228 2.003984 2.505613 2.161011 1.811095 1.221192 3.023064 1.027147 1.023383 1.713157 1.463733 1.593627 2.527235 3.638686 3.304920 1.513300 2.855863 2.900943 1.873317 2.018795 2.551614 2.063351 1.781610 
2.559548 2.173350 2.195282 2.562753 2.233806 2.448310 2.064492 2.592904 2.222639 1.857375 1.265339 3.113297 1.046247 1.047129 1.759334 1.500796 1.649127 2.599364 3.742739 3.415072 1.548748 2.946797 2.986568 1.926210 2.073662 2.644155 2.125864 1.838501 
2.623334 2.233656 2.264850 2.627688 2.297011 2.528979 2.125342 2.681166 2.284606 1.903581 1.310162 3.203873 1.065236 1.070771 1.805416 1.537682 1.705163 2.671495 3.847202 3.526188 1.584071 3.038535 3.072591 1.979422 2.128738 2.737715 2.188684 1.895894 
2.687053 2.294279 2.334968 2.692609 2.360536 2.610204 2.186541 2.770395 2.346931 1.949718 1.355663 3.294790 1.084154 1.094323 1.851397 1.574393 1.761723 2.743612 3.952084 3.638243 1.619297 3.131089 3.159021 2.032966 2.184040 2.832267 2.251810 1.953792 
2.750717 2.355232 2.405628 2.757528 2.424387 2.691957 2.248097 2.860587 2.409630 1.995792 1.401845 3.386045 1.103039 1.117796 1.897274 1.610931 1.818795 2.815702 4.057395 3.751214 1.654454 3.224471 3.245871 2.086860 2.239588 2.927789 2.315237 2.012197 
2.814339 2.416531 2.476822 2.822461 2.488571 2.774207 2.310017 2.951740 2.472723 2.041809 1.448713 3.477636 1.121935 1.141205 1.943043 1.647296 1.876368 2.887750 4.163148 3.865075 1.689574 3.318695 3.333151 2.141120 2.295402 3.024254 2.378965 2.071114 
2.877934 2.478189 2.548543 2.887424 2.553095 2.856924 2.372312 3.043850 2.536231 2.087775 1.496270 3.569563 1.140886 1.164565 1.988700 1.683494 1.934430 2.959743 4.269354 3.979802 1.724687 3.413773 3.420876 2.195765 2.351502 3.121639 2.442991 2.130545 
2.941517 2.540222 2.620780 2.952432 2.617967 2.940077 2.434992 3.136915 2.600174 2.133698 1.544519 3.661827 1.159936 1.187891 2.034244 1.719526 1.992970 3.031670 4.376029 4.095369 1.759829 3.509723 3.509062 2.250812 2.407912 3.219916 2.507314 2.190495 
3.005106 2.602649 2.693528 3.017506 2.683194 3.023635 2.498069 3.230934 2.664576 2.179586 1.593464 3.754431 1.179133 1.211201 2.079672 1.755400 2.051976 3.103518 4.483188 4.211749 1.795037 3.606561 3.597726 2.306280 2.464654 3.319061 2.571933 2.250968 
3.068717 2.665486 2.766777 3.082664 2.748785 3.107565 2.561557 3.325904 2.729460 2.225447 1.643107 3.847377 1.198526 1.234512 2.124985 1.791119 2.111437 3.175276 4.590848 4.328915 1.830348 3.704304 3.686886 2.362190 2.521752 3.419046 2.636850 2.311969 
3.132370 2.728751 2.840519 3.147928 2.814750 3.191835 2.625468 3.421826 2.794851 2.271291 1.693452 3.940670 1.218166 1.257841 2.170181 1.826692 2.171342 3.246935 4.699027 4.446839 1.865803 3.802973 3.776564 2.418561 2.579232 3.519847 2.702063 2.373503 
3.196086 2.792464 2.914747 3.213320 2.881098 3.276413 2.689819 3.518699 2.860774 2.317128 1.744502 4.034317 1.238106 1.281210 2.215262 1.862125 2.231678 3.318485 4.807744 4.565494 1.901445 3.902587 3.866780 2.475415 2.637120 3.621434 2.767576 2.435575 
3.259886 2.856644 2.989452 3.278864 2.947840 3.361264 2.754626 3.616522 2.927257 2.362968 1.796260 4.128323 1.258400 1.304636 2.260228 1.897427 2.292434 3.389917 4.917020 4.684850 1.937318 4.003167 3.957558 2.532774 2.695444 3.723782 2.833388 2.498192 
3.323792 2.921314 3.064626 3.344584 3.014987 3.446356 2.819905 3.715297 2.994327 2.408823 1.848729 4.222697 1.279105 1.328143 2.305082 1.932607 2.353600 3.461223 5.026877 4.804878 1.973468 4.104736 4.048923 2.590660 2.754232 3.826861 2.899503 2.561360 
3.387828 2.986494 3.140262 3.410507 3.082550 3.531653 2.885675 3.815025 3.062015 2.454704 1.901913 4.317448 1.300278 1.351751 2.349826 1.967676 2.415163 3.532396 5.137338 4.925548 2.009943 4.207318 4.140902 2.649097 2.813513 3.930645 2.965923 2.625085 
3.452020 3.052206 3.216352 3.476660 3.150540 3.617120 2.951956 3.915706 3.130349 2.500625 1.955813 4.412587 1.321980 1.375483 2.394463 2.002644 2.477112 3.603429 5.248428 5.046830 2.046795 4.310938 4.233524 2.708108 2.873320 4.035105 3.032652 2.689375 
3.516393 3.118475 3.292888 3.543072 3.218972 3.702723 3.018769 4.017343 3.199362 2.546599 2.010434 4.508125 1.344272 1.399364 2.438997 2.037524 2.539436 3.674315 5.360171 5.168692 2.084075 4.415622 4.326816 2.767718 2.933682 4.140212 3.099694 2.754237 
3.580975 3.185324 3.369862 3.609773 3.287857 3.788426 3.086134 4.119939 3.269087 2.592639 2.065777 4.604076 1.367217 1.423417 2.483434 2.072328 2.602123 3.745050 5.472596 5.291103 2.121837 4.521396 4.420812 2.827954 2.994633 4.245936 3.167053 2.819679 
3.645794 3.252778 3.447266 3.676795 3.357210 3.874191 3.154074 4.223495 3.339556 2.638761 2.121845 4.700452 1.390880 1.447668 2.527777 2.107070 2.665162 3.815630 5.585729 5.414030 2.160138 4.628290 4.515544 2.888840 3.056207 4.352249 3.234735 2.885708 
3.710881 3.320863 3.525093 3.744170 3.427044 3.959983 3.222614 4.328016 3.410804 2.684979 2.178642 4.797271 1.415329 1.472143 2.572035 2.141765 2.728542 3.886049 5.699601 5.537440 2.199036 4.736333 4.611046 2.950404 3.118438 4.459121 3.302745 2.952335 
3.776265 3.389606 3.603335 3.811932 3.497374 4.045765 3.291779 4.433504 3.482868 2.731310 2.236169 4.894547 1.440632 1.496870 2.616213 2.176428 2.792251 3.956305 5.814242 5.661301 2.238592 4.845556 4.707354 3.012673 3.181363 4.566521 3.371089 3.019567 
3.841980 3.459034 3.681985 3.880116 3.568215 4.131498 3.361593 4.539966 3.555784 2.777770 2.294430 4.992299 1.466860 1.521876 2.660318 2.211075 2.856278 4.026395 5.929684 5.785577 2.278867 4.955990 4.804506 3.075676 3.245018 4.674418 3.439775 3.087414 
3.908058 3.529175 3.761034 3.948760 3.639584 4.217144 3.432085 4.647404 3.629591 2.824376 2.353427 5.090545 1.494085 1.547190 2.704360 2.245723 2.920611 4.096318 6.045960 5.910235 2.319926 5.067669 4.902541 3.139442 3.309442 4.782782 3.508809 3.155886 
3.974534 3.600058 3.840477 4.017899 3.711497 4.302665 3.503282 4.755825 3.704327 2.871146 2.413162 5.189305 1.522381 1.572843 2.748346 2.280392 2.985240 4.166073 6.163105 6.035239 2.361834 5.180626 5.001499 3.204000 3.374674 4.891582 3.578199 3.224993 
4.041444 3.671714 3.920304 4.087575 3.783970 4.388021 3.575214 4.865233 3.780033 2.918100 2.473638 5.288601 1.551824 1.598864 2.792287 2.315099 3.050152 4.235658 6.281155 6.160553 2.404661 5.294898 5.101423 3.269380 3.440754 5.000785 3.647954 3.294745 
4.108823 3.744173 4.000508 4.157827 3.857020 4.473172 3.647910 4.975636 3.856750 2.965255 2.534857 5.388455 1.582492 1.625286 2.836192 2.349865 3.115337 4.305075 6.400146 6.286141 2.448476 5.410520 5.202357 3.335615 3.507722 5.110360 3.718084 3.365154 
4.176712 3.817466 4.081083 4.228696 3.930667 4.558080 3.721404 5.087039 3.934521 3.012633 2.596821 5.488889 1.614464 1.652141 2.880073 2.384710 3.180784 4.374324 6.520116 6.411966 2.493352 5.527530 5.304347 3.402735 3.575622 5.220275 3.788597 3.436230 
4.245147 3.891625 4.162021 4.300227 4.004928 4.642702 3.795725 5.199450 4.013389 3.060253 2.659534 5.589931 1.647821 1.679462 2.923942 2.419656 3.246480 4.443407 6.641106 6.537991 2.539362 5.645967 5.407438 3.470773 3.644497 5.330496 3.859504 3.507985 
4.314171 3.966685 4.243314 4.372463 4.079823 4.726998 3.870910 5.312876 4.093400 3.108137 2.722996 5.691604 1.682646 1.707283 2.967810 2.454726 3.312415 4.512326 6.763155 6.664177 2.586582 5.765872 5.511680 3.539763 3.714391 5.440991 3.930815 3.580431 
4.383824 4.042679 4.324956 4.445449 4.155371 4.810926 3.946991 5.427326 4.174599 3.156307 2.787210 5.793936 1.719024 1.735640 3.011690 2.489942 3.378577 4.581084 6.886306 6.790485 2.635092 5.887285 5.617123 3.609738 3.785350 5.551726 4.002542 3.653581 
4.454150 4.119641 4.406938 4.519233 4.231592 4.894444 4.024005 5.542806 4.257032 3.204785 2.852178 5.896955 1.757042 1.764568 3.055597 2.525329 3.444956 4.649686 7.010603 6.916877 2.684970 6.010248 5.723818 3.680733 3.857420 5.662668 4.074697 3.727447 
4.525191 4.197608 4.489254 4.593863 4.308507 4.977509 4.101989 5.659327 4.340748 3.253595 2.917903 6.000692 1.796787 1.794104 3.099545 2.560913 3.511539 4.718136 7.136088 7.043312 2.736299 6.134805 5.831819 3.752783 3.930649 5.773781 4.147293 3.802043 
4.596994 4.276615 4.571898 4.669388 4.386137 5.060079 4.180980 5.776898 4.425797 3.302760 2.984385 6.105176 1.838351 1.824287 3.143549 2.596719 3.578316 4.786438 7.262810 7.169750 2.789162 6.261001 5.941180 3.825926 4.005085 5.885032 4.220341 3.877381 
4.669604 4.356701 4.654860 4.745859 4.464504 5.142110 4.261017 5.895529 4.512228 3.352304 3.051628 6.210440 1.881824 1.855153 3.187625 2.632774 3.645275 4.854599 7.390813 7.296149 2.843647 6.388882 6.051958 3.900196 4.080778 5.996386 4.293856 3.953477 
4.743069 4.437902 4.738136 4.823328 4.543631 5.223558 4.342141 6.015229 4.600093 3.402254 3.119632 6.316515 1.927302 1.886743 3.231789 2.669106 3.712406 4.922625 7.520147 7.422470 2.899840 6.518494 6.164211 3.975633 4.157780 6.107808 4.367852 4.030344 
4.817438 4.520259 4.821716 4.901848 4.623539 5.304379 4.424393 6.136010 4.689444 3.452635 3.188401 6.423438 1.974878 1.919098 3.276059 2.705744 3.779697 4.990523 7.650861 7.548668 2.957832 6.649886 6.277998 4.052273 4.236141 6.219262 4.442343 4.107997 
4.892760 4.603810 4.905596 4.981474 4.704254 5.384526 4.507815 6.257883 4.780336 3.503474 3.257934 6.531243 2.024651 1.952258 3.320453 2.742716 3.847136 5.058303 7.783006 7.674701 3.017714 6.783106 6.393381 4.130157 4.315915 6.330711 4.517346 4.186451 
4.969086 4.688597 4.989767 5.062261 4.785798 5.463956 4.592450 6.380859 4.872822 3.554797 3.328235 6.639966 2.076719 1.986265 3.364988 2.780055 3.914713 5.125971 7.916635 7.800527 3.079582 6.918206 6.510422 4.209323 4.397156 6.442121 4.592874 4.265722 
5.046469 4.774661 5.074223 5.144268 4.868196 5.542621 4.678343 6.504951 4.966958 3.606633 3.399305 6.749646 2.131183 2.021163 3.409685 2.817790 3.982416 5.193538 8.051799 7.926100 3.143529 7.055237 6.629185 4.289812 4.479918 6.553453 4.668946 4.345825 
5.124962 4.862043 5.158957 5.227552 4.951474 5.620477 4.765539 6.630171 5.062802 3.659009 3.471145 6.860322 2.188146 2.056995 3.454564 2.855954 4.050235 5.261013 8.188554 8.051377 3.209656 7.194252 6.749737 4.371665 4.564258 6.664672 4.745578 4.426776 
5.204620 4.950787 5.243962 5.312173 5.035656 5.697474 4.854085 6.756532 5.160412 3.711956 3.543757 6.972033 2.247712 2.093807 3.499644 2.894580 4.118158 5.328408 8.326956 8.176312 3.278060 7.335305 6.872143 4.454925 4.650233 6.775739 4.822787 4.508593 
5.285498 5.040937 5.329232 5.398193 5.120769 5.773567 4.944028 6.884049 5.259846 3.765503 3.617142 7.084821 2.309987 2.131642 3.544949 2.933702 4.186173 5.395733 8.467062 8.300860 3.348845 7.478450 6.996475 4.539632 4.737902 6.886617 4.900592 4.591292 
5.367652 5.132537 5.414759 5.485673 5.206840 5.848708 5.035418 7.012734 5.361166 3.819680 3.691302 7.198728 2.375080 2.170549 3.590498 2.973355 4.254271 5.463002 8.608930 8.424974 3.422114 7.623744 7.122801 4.625831 4.827322 6.997267 4.979010 4.674890 
5.451143 5.225634 5.500537 5.574678 5.293896 5.922847 5.128303 7.142602 5.464431 3.874519 3.766238 7.313799 2.443100 2.210574 3.636317 3.013574 4.322439 5.530226 8.752620 8.548607 3.497973 7.771245 7.251194 4.713566 4.918556 7.107653 5.058062 4.759405 
5.536027 5.320272 5.586559 5.665272 5.381965 5.995937 5.222736 7.273669 5.569706 3.930051 3.841952 7.430078 2.514158 2.251765 3.682427 3.054397 4.390666 5.597420 8.898192 8.671713 3.576529 7.921011 7.381727 4.802881 5.011663 7.217733 5.137767 4.844856 
5.622367 5.416499 5.672820 5.757521 5.471074 6.067928 5.318767 7.405950 5.677053 3.986309 3.918444 7.547612 2.588368 2.294173 3.728854 3.095860 4.458943 5.664597 9.045709 8.794242 3.657893 8.073102 7.514477 4.893821 5.106708 7.327470 5.218145 4.931261 
5.710223 5.514364 5.759311 5.851493 5.561254 6.138769 5.416450 7.539459 5.786537 4.043326 3.995716 7.666447 2.665844 2.337846 3.775622 3.138002 4.527256 5.731772 9.195234 8.916147 3.742176 8.227579 7.649519 4.986433 5.203752 7.436824 5.299218 5.018638 
5.799658 5.613914 5.846027 5.947257 5.652533 6.208412 5.515840 7.674215 5.898224 4.101136 4.073770 7.786632 2.746705 2.382835 3.822756 3.180862 4.595595 5.798962 9.346831 9.037378 3.829491 8.384504 7.786932 5.080763 5.302861 7.545755 5.381006 5.107007 
5.890737 5.715200 5.932962 6.044883 5.744941 6.276804 5.616991 7.810233 6.012181 4.159773 4.152605 7.908217 2.831068 2.429192 3.870283 3.224480 4.663950 5.866183 9.500568 9.157885 3.919956 8.543940 7.926796 5.176859 5.404100 7.654223 5.463532 5.196388 
5.983525 5.818272 6.020108 6.144443 5.838509 6.343895 5.719960 7.947532 6.128476 4.219272 4.232224 8.031252 2.919053 2.476971 3.918231 3.268897 4.732309 5.933451 9.656510 9.277618 4.013687 8.705951 8.069192 5.274768 5.507536 7.762186 5.546818 5.286801 
6.078088 5.923181 6.107460 6.246008 5.933268 6.409634 5.824805 8.086127 6.247179 4.279670 4.312626 8.155790 3.010784 2.526223 3.966625 3.314155 4.800661 6.000785 9.814726 9.396527 4.110804 8.870604 8.214203 5.374541 5.613236 7.869605 5.630888 5.378265 
6.174493 6.029980 6.195011 6.349653 6.029249 6.473966 5.931583 8.226039 6.368359 4.341002 4.393814 8.281884 3.106384 2.577005 4.015496 3.360297 4.868995 6.068202 9.975285 9.514559 4.211429 9.037964 8.361915 5.476225 5.721270 7.976438 5.715764 5.470802 
6.272809 6.138720 6.282754 6.455454 6.126485 6.536841 6.040354 8.367284 6.492087 4.403305 4.475787 8.409589 3.205978 2.629370 4.064872 3.407366 4.937300 6.135722 10.138260 9.631662 4.315685 9.208100 8.512412 5.579873 5.831708 8.082643 5.801472 5.564434 
6.373106 6.249455 6.370685 6.563486 6.225008 6.598205 6.151180 8.509884 6.618437 4.466618 4.558548 8.538959 3.309695 2.683375 4.114782 3.455407 5.005564 6.203365 10.303721 9.747784 4.423699 9.381081 8.665784 5.685534 5.944620 8.188177 5.888036 5.659181 
6.475456 6.362241 6.458795 6.673828 6.324852 6.658005 6.264121 8.653856 6.747482 4.530979 4.642095 8.670052 3.417663 2.739077 4.165258 3.504465 5.073778 6.271151 10.471743 9.862871 4.535597 9.556976 8.822118 5.793260 6.060078 8.293000 5.975482 5.755065 
6.579930 6.477133 6.547080 6.786558 6.426050 6.716185 6.379241 8.799221 6.879296 4.596426 4.726431 8.802925 3.530014 2.796534 4.216330 3.554586 5.141930 6.339102 10.642399 9.976870 4.651509 9.735858 8.981507 5.903105 6.178155 8.397068 6.063835 5.852109 
6.686602 6.594186 6.635532 6.901758 6.528637 6.772691 6.496604 8.946000 7.013956 4.663001 4.811556 8.937639 3.646880 2.855804 4.268030 3.605818 5.210008 6.407239 10.815767 10.089726 4.771567 9.917799 9.144042 6.015120 6.298926 8.500337 6.153122 5.950335 
