-17.805540 1.177825 -3.974275 -4.551223 0.927533 -5.968701 2.223150 -14.370447 -5.103436 -11.498116 1.917965 -0.936642 4.913374 6.100950 11.016602 22.003355 4.324413 -5.157265 -4.954787 -0.334888 -7.331128 1.332699 1.221639 -4.548562 1.321194 -26.011665 -1.933144 5.944408 
-16.717608 0.460079 -3.589273 -4.608439 0.618435 -5.611123 2.069042 -14.149965 -5.088598 -10.801183 1.845518 -1.299027 4.833045 5.809761 11.071610 20.211023 3.946620 -5.787936 -4.491323 -0.369837 -6.436974 1.023690 0.956772 -4.033523 0.851222 -25.049818 -2.029925 5.667079 
-15.677834 -0.215326 -3.228604 -4.650016 0.326328 -5.269372 1.919877 -13.935371 -5.069125 -10.136914 1.771736 -1.632237 4.752367 5.530115 11.103942 18.498323 3.581074 -6.369907 -4.070383 -0.410557 -5.596414 0.731105 0.705547 -3.546711 0.413672 -24.114668 -2.120426 5.395342 
-14.684904 -0.849514 -2.891390 -4.676701 0.050808 -4.943001 1.775592 -13.726109 -5.045136 -9.504327 1.696857 -1.937343 4.671325 5.261672 11.114497 16.863409 3.227728 -6.904665 -3.689882 -0.456514 -4.807717 0.454561 0.467660 -3.087290 0.007451 -23.205662 -2.204736 5.129265 
-13.737521 -1.443591 -2.576764 -4.689229 -0.208527 -4.631567 1.636125 -13.521635 -5.016744 -8.902449 1.621117 -2.215400 4.589905 5.004096 11.104159 15.304459 2.886533 -7.393679 -3.347772 -0.507186 -4.069179 0.193677 0.242812 -2.654431 -0.368518 -22.322252 -2.282946 4.868914 
-12.834401 -1.998651 -2.283871 -4.688325 -0.452072 -4.334634 1.501418 -13.321412 -4.984065 -8.330322 1.544742 -2.467445 4.508093 4.757055 11.073801 13.819669 2.557439 -7.838395 -3.042040 -0.562056 -3.379116 -0.051924 0.030706 -2.247319 -0.715297 -21.463892 -2.355143 4.614353 
-11.974275 -2.515773 -2.011871 -4.674699 -0.680220 -4.051773 1.371413 -13.124916 -4.947210 -7.786998 1.467951 -2.694501 4.425880 4.520225 11.024284 12.407254 2.240394 -8.240242 -2.770709 -0.620621 -2.735868 -0.282613 -0.168951 -1.865150 -1.033931 -20.630044 -2.421414 4.365643 
-11.155888 -2.996019 -1.759933 -4.649050 -0.893357 -3.782559 1.246054 -12.931634 -4.906292 -7.271544 1.390959 -2.897570 4.343252 4.293284 10.956457 11.065451 1.935343 -8.600627 -2.531838 -0.682384 -2.137797 -0.498759 -0.356450 -1.507132 -1.325454 -19.820173 -2.481846 4.122842 
-10.378001 -3.440441 -1.527241 -4.612063 -1.091866 -3.526572 1.125285 -12.741060 -4.861418 -6.783035 1.313972 -3.077640 4.260203 4.075917 10.871157 9.792514 1.642232 -8.920939 -2.323521 -0.746859 -1.583288 -0.700725 -0.532078 -1.172483 -1.590881 -19.033749 -2.536523 3.886008 
-9.639388 -3.850071 -1.312989 -4.564412 -1.276127 -3.283398 1.009055 -12.552702 -4.812697 -6.320562 1.237190 -3.235682 4.176721 3.867813 10.769207 8.586719 1.361004 -9.202544 -2.143891 -0.813569 -1.070750 -0.888871 -0.696119 -0.860434 -1.831213 -18.270248 -2.585530 3.655194 
-8.938839 -4.225931 -1.116385 -4.506760 -1.446512 -3.052631 0.897310 -12.366076 -4.760235 -5.883227 1.160808 -3.372647 4.092801 3.668666 10.651420 7.446360 1.091601 -9.446792 -1.991112 -0.882048 -0.598613 -1.063554 -0.848854 -0.570226 -2.047438 -17.529148 -2.628951 3.430450 
-8.275157 -4.569026 -0.936648 -4.439754 -1.603393 -2.833869 0.790001 -12.180708 -4.704136 -5.470143 1.085011 -3.489474 4.008436 3.478174 10.518597 6.369751 0.833964 -9.655012 -1.863389 -0.951837 -0.165332 -1.225124 -0.990561 -0.301114 -2.240525 -16.809933 -2.666868 3.211826 
-7.647162 -4.880346 -0.773010 -4.364031 -1.747133 -2.626714 0.687079 -11.996137 -4.644504 -5.080436 1.009980 -3.587080 3.923620 3.296043 10.371525 5.355226 0.588030 -9.828511 -1.758960 -1.022489 0.230618 -1.373929 -1.121515 -0.052361 -2.411431 -16.112093 -2.699363 2.999367 
-7.053685 -5.160869 -0.624716 -4.280216 -1.878094 -2.430776 0.588498 -11.811910 -4.581440 -4.713246 0.935890 -3.666368 3.838349 3.121980 10.210980 4.401140 0.353736 -9.968578 -1.676099 -1.093564 0.590738 -1.510314 -1.241987 0.176756 -2.561097 -15.435122 -2.726517 2.793117 
-6.493576 -5.411555 -0.491022 -4.188920 -1.996631 -2.245670 0.494211 -11.627584 -4.515043 -4.367722 0.862906 -3.728224 3.752620 2.955700 10.037727 3.505865 0.131020 -10.076482 -1.613116 -1.164634 0.916505 -1.634616 -1.352246 0.386949 -2.690449 -14.778517 -2.748409 2.593117 
-5.965697 -5.633351 -0.371198 -4.090743 -2.103098 -2.071017 0.404174 -11.442728 -4.445412 -4.043027 0.791189 -3.773516 3.666430 2.796921 9.852516 2.667794 -0.080186 -10.153473 -1.568359 -1.235278 1.209375 -1.747172 -1.452557 0.578919 -2.800396 -14.141781 -2.765119 2.399406 
-5.468924 -5.827191 -0.264524 -3.986272 -2.197841 -1.906443 0.318345 -11.256922 -4.372644 -3.738337 0.720892 -3.803095 3.579780 2.645367 9.656088 1.885341 -0.279948 -10.200778 -1.540210 -1.305086 1.470780 -1.848313 -1.543183 0.753356 -2.891836 -13.524423 -2.776724 2.212018 
-5.002149 -5.993992 -0.170294 -3.876081 -2.281204 -1.751579 0.236682 -11.069752 -4.296834 -3.452837 0.652164 -3.817796 3.492667 2.500767 9.449170 1.156937 -0.468337 -10.219608 -1.527086 -1.373658 1.702129 -1.938366 -1.624384 0.910937 -2.965647 -12.925954 -2.783301 2.030988 
-4.564279 -6.134657 -0.087813 -3.760733 -2.353524 -1.606065 0.159147 -10.880820 -4.218074 -3.185728 0.585143 -3.818436 3.405095 2.362855 9.232476 0.481035 -0.645421 -10.211152 -1.527443 -1.440603 1.904811 -2.017654 -1.696414 1.052329 -3.022696 -12.345892 -2.784927 1.856347 
-4.154235 -6.250075 -0.016400 -3.640777 -2.415137 -1.469542 0.085700 -10.689734 -4.136458 -2.936220 0.519965 -3.805817 3.317063 2.231368 9.006711 -0.143893 -0.811274 -10.176579 -1.539770 -1.505538 2.080188 -2.086496 -1.759528 1.178187 -3.063833 -11.783759 -2.781678 1.688122 
-3.770951 -6.341119 0.044614 -3.516751 -2.466371 -1.341660 0.016307 -10.496115 -4.052076 -2.703538 0.456755 -3.780721 3.228577 2.106051 8.772565 -0.719357 -0.965968 -10.117040 -1.562593 -1.568091 2.229602 -2.145206 -1.813976 1.289154 -3.089892 -11.239081 -2.773626 1.526339 
-3.413378 -6.408650 0.095888 -3.389181 -2.507553 -1.222073 -0.049070 -10.299592 -3.965015 -2.486917 0.395635 -3.743915 3.139639 1.986652 8.530716 -1.246844 -1.109580 -10.033663 -1.594474 -1.627899 2.354372 -2.194096 -1.860003 1.385862 -3.101694 -10.711390 -2.760847 1.371023 
-3.080481 -6.453511 0.138066 -3.258578 -2.539003 -1.110442 -0.110462 -10.099807 -3.875365 -2.285605 0.336718 -3.696150 3.050255 1.872924 8.281833 -1.727824 -1.242185 -9.927558 -1.634012 -1.684610 2.455793 -2.233473 -1.897854 1.468932 -3.100044 -10.200221 -2.743411 1.222193 
-2.771239 -6.476533 0.171780 -3.125444 -2.561037 -1.006433 -0.167902 -9.896410 -3.783209 -2.098863 0.280111 -3.638157 2.960432 1.764626 8.026569 -2.163746 -1.363861 -9.799817 -1.679840 -1.737878 2.535138 -2.263638 -1.927769 1.538973 -3.085730 -9.705116 -2.721392 1.079867 
-2.484646 -6.478533 0.197651 -2.990265 -2.573968 -0.909718 -0.221421 -9.689062 -3.688633 -1.925962 0.225916 -3.570653 2.870177 1.661520 7.765567 -2.556041 -1.474690 -9.651508 -1.730627 -1.787371 2.593658 -2.284891 -1.949987 1.596583 -3.059528 -9.225619 -2.694859 0.944062 
-2.219711 -6.460309 0.216288 -2.853519 -2.578104 -0.819973 -0.271047 -9.477435 -3.591718 -1.766188 0.174225 -3.494337 2.779498 1.563377 7.499457 -2.906117 -1.574751 -9.483683 -1.785080 -1.832762 2.632580 -2.297526 -1.964741 1.642347 -3.022198 -8.761280 -2.663883 0.814790 
-1.975456 -6.422650 0.228285 -2.715667 -2.573746 -0.736882 -0.316807 -9.261211 -3.492546 -1.618837 0.125125 -3.409889 2.688404 1.469967 7.228857 -3.215366 -1.664127 -9.297372 -1.841940 -1.873737 2.653108 -2.301833 -1.972262 1.676841 -2.974483 -8.311655 -2.628533 0.692062 
-1.750920 -6.366326 0.234226 -2.577160 -2.561195 -0.660134 -0.358729 -9.040082 -3.391195 -1.483218 0.078699 -3.317977 2.596907 1.381070 6.954374 -3.485158 -1.742904 -9.093586 -1.899985 -1.909989 2.656425 -2.298098 -1.972780 1.700627 -2.917113 -7.876303 -2.588876 0.575887 
-1.545154 -6.292096 0.234683 -2.438438 -2.540744 -0.589422 -0.396835 -8.813751 -3.287745 -1.358652 0.035018 -3.219246 2.505017 1.296469 6.676601 -3.716845 -1.811166 -8.873314 -1.958028 -1.941223 2.643689 -2.286604 -1.966518 1.714258 -2.850802 -7.454788 -2.544979 0.466268 
-1.357226 -6.200700 0.230215 -2.299926 -2.512684 -0.524447 -0.431150 -8.581930 -3.182270 -1.244472 -0.005848 -3.114329 2.412748 1.215951 6.396120 -3.911757 -1.869001 -8.637529 -2.014918 -1.967151 2.616036 -2.267628 -1.953699 1.718273 -2.776249 -7.046679 -2.496909 0.363210 
-1.186218 -6.092868 0.221367 -2.162037 -2.477299 -0.464915 -0.461693 -8.344343 -3.074845 -1.140025 -0.043841 -3.003840 2.320113 1.139310 6.113501 -4.071206 -1.916499 -8.387181 -2.069542 -1.987496 2.574580 -2.241445 -1.934542 1.713202 -2.694138 -6.651550 -2.444731 0.266713 
-1.031225 -5.969312 0.208673 -2.025173 -2.434871 -0.410536 -0.488486 -8.100723 -2.965544 -1.044667 -0.078905 -2.888375 2.227127 1.066344 5.829301 -4.196484 -1.953749 -8.123202 -2.120819 -2.001990 2.520412 -2.208325 -1.909262 1.699562 -2.605138 -6.268979 -2.388509 0.176775 
-0.891359 -5.830732 0.192657 -1.889723 -2.385676 -0.361029 -0.511546 -7.850814 -2.854437 -0.957768 -0.110993 -2.768515 2.133806 0.996855 5.544067 -4.288864 -1.980843 -7.846502 -2.167708 -2.010374 2.454600 -2.168533 -1.878073 1.677858 -2.509902 -5.898548 -2.328306 0.093391 
-0.765745 -5.677810 0.173828 -1.756063 -2.329987 -0.316115 -0.530890 -7.594371 -2.741596 -0.878711 -0.140066 -2.644822 2.040167 0.930651 5.258330 -4.349597 -1.997876 -7.557974 -2.209202 -2.012400 2.378187 -2.122331 -1.841184 1.648585 -2.409069 -5.539847 -2.264186 0.016554 
-0.653522 -5.511218 0.152682 -1.624557 -2.268071 -0.275523 -0.546534 -7.331157 -2.627087 -0.806890 -0.166088 -2.517844 1.946227 0.867545 4.972613 -4.379917 -2.004942 -7.258488 -2.244329 -2.007827 2.292198 -2.069977 -1.798800 1.612227 -2.303263 -5.192466 -2.196210 -0.053745 
-0.553847 -5.331609 0.129705 -1.495557 -2.200191 -0.238987 -0.558492 -7.060948 -2.510977 -0.741711 -0.189032 -2.388110 1.852006 0.807355 4.687424 -4.381037 -2.002137 -6.948897 -2.272155 -1.996427 2.197632 -2.011724 -1.751126 1.569254 -2.193092 -4.856004 -2.124438 -0.117520 
-0.465887 -5.139624 0.105369 -1.369402 -2.126606 -0.206247 -0.566774 -6.783529 -2.393333 -0.682592 -0.208878 -2.256132 1.757523 0.749903 4.403260 -4.354151 -1.989561 -6.630032 -2.291780 -1.977978 2.095464 -1.947821 -1.698362 1.520127 -2.079148 -4.530063 -2.048930 -0.174784 
-0.388827 -4.935888 0.080136 -1.246419 -2.047571 -0.177048 -0.571393 -6.498695 -2.274217 -0.628965 -0.225611 -2.122404 1.662800 0.695017 4.120605 -4.300432 -1.967312 -6.302706 -2.302341 -1.952270 1.986650 -1.878515 -1.640705 1.465294 -1.962011 -4.214247 -1.969746 -0.225555 
-0.321865 -4.721013 0.054452 -1.126923 -1.963336 -0.151141 -0.572358 -6.206252 -2.153691 -0.580273 -0.239224 -1.987407 1.567860 0.642530 3.839934 -4.221034 -1.935492 -5.967711 -2.303011 -1.919101 1.872119 -1.804045 -1.578349 1.405192 -1.842242 -3.908170 -1.886942 -0.269853 
-0.264215 -4.495595 0.028755 -1.011215 -1.874147 -0.128284 -0.569676 -5.906016 -2.031815 -0.535970 -0.249717 -1.851601 1.472725 0.592279 3.561705 -4.117092 -1.894203 -5.625818 -2.293000 -1.878278 1.752782 -1.724650 -1.511485 1.340248 -1.720391 -3.611447 -1.800577 -0.307699 
-0.215104 -4.260216 0.003466 -0.899586 -1.780243 -0.108237 -0.563353 -5.597814 -1.908649 -0.495525 -0.257094 -1.715430 1.377419 0.544106 3.286367 -3.989721 -1.843551 -5.277781 -2.271550 -1.829620 1.629523 -1.640563 -1.440300 1.270874 -1.596989 -3.323699 -1.710705 -0.339120 
-0.173775 -4.015443 -0.021002 -0.792313 -1.681863 -0.090770 -0.553394 -5.281483 -1.784249 -0.458416 -0.261369 -1.579323 1.281968 0.497858 3.014357 -3.840016 -1.783640 -4.924332 -2.237943 -1.772953 1.503204 -1.552012 -1.364979 1.197474 -1.472554 -3.044550 -1.617383 -0.364142 
-0.139484 -3.761829 -0.044251 -0.689661 -1.579238 -0.075656 -0.539802 -4.956869 -1.658672 -0.424135 -0.262561 -1.443690 1.186399 0.453389 2.746099 -3.669051 -1.714578 -4.566184 -2.191496 -1.708114 1.374667 -1.459223 -1.285705 1.120438 -1.347590 -2.773632 -1.520665 -0.382796 
-0.111503 -3.499911 -0.065894 -0.591882 -1.472596 -0.062675 -0.522580 -4.623831 -1.531971 -0.392186 -0.260695 -1.308924 1.090738 0.410555 2.482004 -3.477883 -1.636475 -4.204029 -2.131561 -1.634949 1.244728 -1.362415 -1.202655 1.040148 -1.222583 -2.510579 -1.420604 -0.395113 
-0.089118 -3.230213 -0.085557 -0.499216 -1.362161 -0.051611 -0.501726 -4.282235 -1.404199 -0.362086 -0.255805 -1.175403 0.995016 0.369218 2.222472 -3.267548 -1.549440 -3.838541 -2.057525 -1.553312 1.114182 -1.261807 -1.116004 0.956971 -1.098005 -2.255030 -1.317253 -0.401129 
-0.071631 -2.953243 -0.102878 -0.411893 -1.248152 -0.042256 -0.477240 -3.931961 -1.275407 -0.333362 -0.247928 -1.043486 0.899260 0.329247 1.967892 -3.039062 -1.453585 -3.470372 -1.968814 -1.463070 0.983800 -1.157610 -1.025926 0.871263 -0.974314 -2.006630 -1.210663 -0.400882 
-0.058355 -2.669497 -0.117507 -0.330125 -1.130783 -0.034405 -0.449118 -3.572896 -1.145644 -0.305556 -0.237110 -0.913516 0.803501 0.290512 1.718638 -2.793422 -1.349024 -3.100157 -1.864888 -1.364095 0.854331 -1.050033 -0.932589 0.783371 -0.851952 -1.765027 -1.100884 -0.394411 
-0.048623 -2.379453 -0.129107 -0.254118 -1.010263 -0.027862 -0.417357 -3.204939 -1.014958 -0.278219 -0.223405 -0.785818 0.707773 0.252891 1.475074 -2.531604 -1.235872 -2.728508 -1.745242 -1.256273 0.726502 -0.939281 -0.836159 0.693627 -0.731345 -1.529876 -0.987967 -0.381759 
-0.041777 -2.083576 -0.137353 -0.184061 -0.886800 -0.022433 -0.381950 -2.828000 -0.883394 -0.250916 -0.206871 -0.660703 0.612106 0.216265 1.237551 -2.254566 -1.114246 -2.356018 -1.609409 -1.139496 0.601015 -0.825554 -0.736799 0.602355 -0.612907 -1.300834 -0.871961 -0.362972 
-0.037178 -1.782318 -0.141932 -0.120133 -0.760594 -0.017932 -0.342889 -2.441997 -0.750998 -0.223225 -0.187574 -0.538460 0.516536 0.180523 1.006408 -1.963246 -0.984263 -1.983263 -1.456957 -1.013667 0.478551 -0.709048 -0.634669 0.509866 -0.497032 -1.077564 -0.752913 -0.338096 
-0.034198 -1.476112 -0.142544 -0.062500 -0.631842 -0.014179 -0.300167 -2.046861 -0.617813 -0.194735 -0.165585 -0.419366 0.421097 0.145555 0.781973 -1.658561 -0.846044 -1.610795 -1.287489 -0.878699 0.359769 -0.589955 -0.529926 0.416459 -0.384103 -0.859735 -0.630870 -0.307183 
-0.032228 -1.165381 -0.138901 -0.011315 -0.500737 -0.010997 -0.253772 -1.642532 -0.483880 -0.165047 -0.140985 -0.303679 0.325824 0.111259 0.564561 -1.341409 -0.699709 -1.239148 -1.100646 -0.734514 0.245302 -0.468464 -0.422723 0.322421 -0.274487 -0.647019 -0.505879 -0.270285 
-0.030669 -0.850532 -0.130727 0.033281 -0.367466 -0.008218 -0.203692 -1.228959 -0.349239 -0.133775 -0.113858 -0.191640 0.230756 0.077535 0.354473 -1.012670 -0.545381 -0.868837 -0.896102 -0.581042 0.135763 -0.344759 -0.313212 0.228030 -0.168535 -0.439092 -0.377984 -0.227456 
-0.028940 -0.531955 -0.117758 0.071159 -0.232213 -0.005678 -0.149914 -0.806105 -0.213928 -0.100544 -0.084298 -0.083472 0.135929 0.044292 0.152001 -0.673201 -0.383185 -0.500355 -0.673571 -0.418224 0.031741 -0.219018 -0.201538 0.133551 -0.066582 -0.235637 -0.247230 -0.178756 
-0.026472 -0.210029 -0.099743 0.102203 -0.095156 -0.003218 -0.092423 -0.373939 -0.077985 -0.064993 -0.052401 0.020617 0.041384 0.011441 -0.042576 -0.323842 -0.213246 -0.134178 -0.432799 -0.246012 -0.066196 -0.091419 -0.087847 0.039236 0.031049 -0.036341 -0.113661 -0.124244 
-0.022713 0.114885 -0.076443 0.126308 0.043528 -0.000686 -0.031201 0.067556 0.058557 -0.026771 -0.018275 0.120437 -0.052840 -0.021102 -0.228994 0.034588 -0.035692 0.229241 -0.173570 -0.064364 -0.157506 0.037867 0.027720 -0.054670 0.124053 0.159106 0.022682 -0.063984 
-0.017124 0.442437 -0.047632 0.143384 0.183671 0.002065 0.033768 0.518390 0.195663 0.014458 0.017968 0.215814 -0.146701 -0.053416 -0.406996 0.401288 0.149349 0.589466 0.104296 0.126751 -0.241667 0.168672 0.145025 -0.147939 0.212139 0.351007 0.161757 0.001960 
-0.009182 0.772295 -0.013096 0.153350 0.325106 0.005176 0.102505 0.978559 0.333302 0.059022 0.056210 0.306593 -0.240157 -0.085573 -0.576342 0.775480 0.341746 0.946083 0.400945 0.327353 -0.318181 0.300833 0.263933 -0.240350 0.295032 0.539662 0.303523 0.073520 
0.001624 1.104140 0.027368 0.156141 0.467672 0.008783 0.175030 1.448053 0.471442 0.107232 0.096325 0.392634 -0.333164 -0.117642 -0.736801 1.156401 0.541367 1.298697 0.716484 0.537454 -0.386573 0.434190 0.384312 -0.331697 0.372469 0.725366 0.447940 0.150624 
0.015787 1.437667 0.073950 0.151702 0.611212 0.013015 0.251367 1.926847 0.610056 0.159390 0.138182 0.473814 -0.425679 -0.149687 -0.888155 1.543313 0.748078 1.646933 1.050988 0.757056 -0.446390 0.568589 0.506034 -0.421782 0.444207 0.908408 0.594970 0.233200 
0.033788 1.772587 0.126826 0.139990 0.755573 0.017997 0.331539 2.414909 0.749116 0.215785 0.181640 0.550029 -0.517656 -0.181767 -1.030199 1.935493 0.961746 1.990435 1.404491 0.986153 -0.497202 0.703877 0.628973 -0.510421 0.510014 1.089073 0.744575 0.321172 
0.056091 2.108625 0.186162 0.120977 0.900608 0.023847 0.415572 2.912195 0.888595 0.276693 0.226556 0.621189 -0.609047 -0.213935 -1.162739 2.332241 1.182232 2.328869 1.776996 1.224728 -0.538602 0.839907 0.753006 -0.597440 0.569675 1.267642 0.896717 0.414463 
0.083149 2.445520 0.252110 0.094645 1.046172 0.030678 0.503493 3.418652 1.028471 0.342380 0.272777 0.687223 -0.699806 -0.246240 -1.285594 2.732875 1.409400 2.661918 2.168467 1.472754 -0.570205 0.976537 0.878014 -0.682678 0.622990 1.444391 1.051361 0.512991 
0.115396 2.783026 0.324812 0.060989 1.192127 0.038598 0.595332 3.934216 1.168721 0.413098 0.320143 0.748078 -0.789884 -0.278726 -1.398594 3.136732 1.643109 2.989287 2.578833 1.730196 -0.591651 1.113627 1.003880 -0.765984 0.669774 1.619591 1.208472 0.616674 
0.153255 3.120913 0.404394 0.020017 1.338338 0.047707 0.691117 4.458813 1.309323 0.489086 0.368490 0.803714 -0.879231 -0.311431 -1.501583 3.543172 1.883218 3.310701 3.007988 1.997009 -0.602600 1.251043 1.130491 -0.847219 0.709856 1.793508 1.368015 0.725426 
0.197133 3.458964 0.490973 -0.028252 1.484674 0.058101 0.790882 4.992357 1.450259 0.570573 0.417647 0.854111 -0.967797 -0.344390 -1.594414 3.951570 2.129585 3.625903 3.455788 2.273138 -0.602737 1.388653 1.257738 -0.926256 0.743083 1.966404 1.529957 0.839158 
0.247421 3.796976 0.584653 -0.083785 1.631009 0.069872 0.894659 5.534755 1.591511 0.657774 0.467433 0.899267 -1.055528 -0.377631 -1.676957 4.361324 2.382065 3.934658 3.922055 2.558519 -0.591768 1.526331 1.385513 -1.002979 0.769314 2.138536 1.694266 0.957780 
0.304498 4.134763 0.685525 -0.146537 1.777222 0.083102 1.002483 6.085899 1.733061 0.750894 0.517664 0.939193 -1.142373 -0.411179 -1.749088 4.771852 2.640513 4.236748 4.406574 2.853078 -0.569423 1.663953 1.513711 -1.077283 0.788424 2.310156 1.860910 1.081198 
0.368726 4.472151 0.793667 -0.216451 1.923196 0.097871 1.114390 6.645676 1.874897 0.850123 0.568147 0.973920 -1.228278 -0.445053 -1.810701 5.182589 2.904781 4.531979 4.909095 3.156732 -0.535455 1.801403 1.642233 -1.149074 0.800305 2.481511 2.029858 1.209318 
0.440455 4.808983 0.909146 -0.293459 2.068819 0.114253 1.230418 7.213958 2.017004 0.955641 0.618686 1.003496 -1.313187 -0.479267 -1.861698 5.592992 3.174721 4.820173 5.429331 3.469389 -0.489638 1.938564 1.770981 -1.218273 0.804861 2.652845 2.201081 1.342040 
0.520018 5.145115 1.032017 -0.377477 2.213981 0.132314 1.350607 7.790610 2.159372 1.067615 0.669073 1.027984 -1.397045 -0.513830 -1.901996 6.002536 3.450182 5.101173 5.966959 3.790946 -0.431771 2.075328 1.899860 -1.284807 0.802013 2.824396 2.374550 1.479263 
0.607735 5.480418 1.162322 -0.468412 2.358580 0.152116 1.474997 8.375485 2.301990 1.186200 0.719097 1.047466 -1.479794 -0.548746 -1.931521 6.410718 3.731012 5.374844 6.521622 4.121292 -0.361674 2.211586 2.028779 -1.348619 0.791698 2.996396 2.550237 1.620884 
0.703909 5.814778 1.300090 -0.566157 2.502515 0.173716 1.603630 8.968426 2.444850 1.311538 0.768540 1.062039 -1.561375 -0.584015 -1.950214 6.817052 4.017058 5.641067 7.092925 4.460307 -0.279191 2.347238 2.157648 -1.409662 0.773865 3.169076 2.728116 1.766798 
0.808832 6.148094 1.445339 -0.670593 2.645693 0.197164 1.736551 9.569265 2.587945 1.443761 0.817176 1.071818 -1.641731 -0.619631 -1.958027 7.221073 4.308164 5.899747 7.680437 4.807858 -0.184189 2.482184 2.286384 -1.467899 0.748482 3.342658 2.908160 1.916895 
0.922778 6.480283 1.598073 -0.781588 2.788022 0.222504 1.873805 10.177826 2.731271 1.582986 0.864774 1.076937 -1.720800 -0.655583 -1.954924 7.622337 4.604175 6.150805 8.283693 5.163807 -0.076556 2.616332 2.414903 -1.523306 0.715529 3.517362 3.090344 2.071065 
1.046008 6.811272 1.758286 -0.899000 2.929416 0.249776 2.015439 10.793920 2.874823 1.729319 0.911095 1.077542 -1.798521 -0.691856 -1.940881 8.020416 4.904932 6.394186 8.902190 5.528004 0.043795 2.749590 2.543127 -1.575871 0.675003 3.693403 3.274643 2.229195 
1.178770 7.141008 1.925959 -1.022671 3.069795 0.279013 2.161500 11.417348 3.018600 1.882855 0.955894 1.073801 -1.874831 -0.728430 -1.915887 8.414906 5.210276 6.629850 9.535390 5.900290 0.176931 2.881874 2.670980 -1.625592 0.626915 3.870991 3.461036 2.391167 
1.321293 7.469447 2.101058 -1.152433 3.209080 0.310244 2.312040 12.047903 3.162601 2.043675 0.998919 1.065896 -1.949668 -0.765279 -1.879942 8.805420 5.520045 6.857781 10.182720 6.280496 0.322892 3.013101 2.798389 -1.672479 0.571291 4.050331 3.649498 2.556863 
1.473796 7.796564 2.283541 -1.288105 3.347198 0.343489 2.467110 12.685365 3.306827 2.211849 1.039912 1.054027 -2.022966 -0.802372 -1.833059 9.191592 5.834077 7.077980 10.843569 6.668444 0.481700 3.143194 2.925284 -1.716554 0.508174 4.231623 3.840009 2.726163 
1.636480 8.122346 2.473350 -1.429494 3.484083 0.378766 2.626762 13.329505 3.451282 2.387433 1.078608 1.038410 -2.094660 -0.839675 -1.775264 9.573073 6.152207 7.290471 11.517292 7.063947 0.653351 3.272079 3.051598 -1.757850 0.437619 4.415062 4.032549 2.898943 
1.809534 8.446797 2.670418 -1.576394 3.619669 0.416085 2.791051 13.980083 3.595969 2.570475 1.114734 1.019280 -2.164683 -0.877147 -1.706592 9.949538 6.474271 7.495295 12.203207 7.466808 0.837819 3.399687 3.177269 -1.796412 0.359699 4.600842 4.227097 3.075076 
1.993130 8.769932 2.874662 -1.728587 3.753897 0.455452 2.960033 14.636850 3.740894 2.761006 1.148014 0.996886 -2.232967 -0.914742 -1.627092 10.320679 6.800100 7.692513 12.900597 7.876821 1.035056 3.525951 3.302235 -1.832294 0.274501 4.789146 4.423635 3.254434 
2.187428 9.091785 3.085990 -1.885843 3.886712 0.496865 3.133765 15.299545 3.886065 2.959047 1.178161 0.971497 -2.299444 -0.952412 -1.536827 10.686207 7.129527 7.882208 13.608707 8.293769 1.244989 3.650812 3.426439 -1.865566 0.182127 4.980158 4.622145 3.436885 
2.392571 9.412400 3.304296 -2.047918 4.018064 0.540319 3.312308 15.967898 4.031491 3.164606 1.204884 0.943397 -2.364044 -0.990100 -1.435870 11.045855 7.462379 8.064482 14.326748 8.717427 1.467526 3.774211 3.549828 -1.896305 0.082694 5.174054 4.822609 3.622296 
2.608687 9.731840 3.529463 -2.214557 4.147906 0.585801 3.495720 16.641628 4.177183 3.377682 1.227886 0.912887 -2.426695 -1.027747 -1.324306 11.399374 7.798487 8.239455 15.053895 9.147561 1.702549 3.896096 3.672349 -1.924602 -0.023666 5.371006 5.025013 3.810530 
2.835894 10.050180 3.761358 -2.385493 4.276197 0.633295 3.684065 17.320444 4.323152 3.598256 1.246860 0.880286 -2.487326 -1.065287 -1.202232 11.746536 8.137676 8.407268 15.789286 9.583925 1.949917 4.016417 3.793956 -1.950559 -0.136805 5.571183 5.229341 4.001449 
3.074289 10.367510 3.999842 -2.560445 4.402899 0.682776 3.877405 18.004043 4.469413 3.826303 1.261495 0.845930 -2.545864 -1.102651 -1.069758 12.087130 8.479771 8.568084 16.532024 10.026267 2.209469 4.135130 3.914603 -1.974289 -0.256560 5.774746 5.435579 4.194910 
3.323959 10.683935 4.244757 -2.739122 4.527980 0.734215 4.075807 18.692115 4.615980 4.061781 1.271473 0.810170 -2.602235 -1.139764 -0.927007 12.420969 8.824596 8.722083 17.281177 10.474321 2.481020 4.252193 4.034248 -1.995918 -0.382755 5.981854 5.643713 4.390771 
3.584974 10.999574 4.495938 -2.921218 4.651411 0.787579 4.279336 19.384336 4.762871 4.304639 1.276469 0.773376 -2.656363 -1.176546 -0.774112 12.747881 9.171972 8.869466 18.035774 10.927817 2.764360 4.367570 4.152852 -2.015580 -0.515195 6.192660 5.853732 4.588884 
3.857391 11.314562 4.753204 -3.106416 4.773167 0.842827 4.488060 20.080376 4.910105 4.554811 1.276152 0.735935 -2.708173 -1.212913 -0.611220 13.067717 9.521721 9.010453 18.794810 11.386471 3.059260 4.481228 4.270381 -2.033425 -0.653674 6.407313 6.065623 4.789100 
4.141252 11.629046 5.016364 -3.294386 4.893230 0.899913 4.702051 20.779889 5.057701 4.812222 1.270184 0.698249 -2.757586 -1.248773 -0.438489 13.380347 9.873662 9.145286 19.557245 11.849992 3.365465 4.593139 4.386802 -2.049610 -0.797968 6.625958 6.279377 4.991269 
4.436584 11.943191 5.285214 -3.484787 5.011584 0.958784 4.921377 21.482524 5.205681 5.076782 1.258219 0.660738 -2.804525 -1.284034 -0.256089 13.685659 10.227611 9.274225 20.322002 12.318077 3.682699 4.703277 4.502085 -2.064308 -0.947839 6.848733 6.494983 5.195236 
4.743398 12.257173 5.559538 -3.677263 5.128219 1.019385 5.146113 22.187917 5.354068 5.348390 1.239906 0.623841 -2.848910 -1.318595 -0.064202 13.983564 10.583384 9.397550 21.087967 12.790417 4.010662 4.811624 4.616204 -2.077699 -1.103034 7.075773 6.712433 5.400844 
5.061693 12.571187 5.839106 -3.871450 5.243128 1.081652 5.376332 22.895694 5.502888 5.626934 1.214887 0.588010 -2.890661 -1.352352 0.136976 14.273989 10.940796 9.515561 21.853993 13.266692 4.349033 4.918161 4.729136 -2.089978 -1.263285 7.307208 6.931719 5.607934 
5.391452 12.885438 6.123678 -4.066966 5.356309 1.145516 5.612111 23.605471 5.652166 5.912287 1.182798 0.553717 -2.929696 -1.385195 0.347239 14.556883 11.299659 9.628578 22.618893 13.746570 4.697467 5.022878 4.840861 -2.101349 -1.428307 7.543162 7.152834 5.816344 
5.732643 13.200148 6.413001 -4.263421 5.467765 1.210903 5.853526 24.316853 5.801931 6.204312 1.143266 0.521451 -2.965933 -1.417010 0.566367 14.832214 11.659786 9.736942 23.381448 14.229714 5.055595 5.125765 4.951362 -2.112029 -1.597803 7.783758 7.375773 6.025912 
6.085221 13.515553 6.706808 -4.460411 5.577503 1.277733 6.100656 25.029436 5.952211 6.502860 1.095915 0.491715 -2.999288 -1.447678 0.794130 15.099970 12.020984 9.841012 24.140402 14.715774 5.423029 5.226819 5.060625 -2.122247 -1.771459 8.029110 7.600530 6.236468 
6.449125 13.831906 7.004822 -4.657519 5.685534 1.345920 6.353582 25.742804 6.103039 6.807768 1.040358 0.465032 -3.029676 -1.477073 1.030285 15.360158 12.383064 9.941167 24.894460 15.204392 5.799353 5.326040 5.168640 -2.132240 -1.948945 8.279329 7.827101 6.447845 
6.824279 14.149470 7.306753 -4.854317 5.791875 1.415374 6.612385 26.456533 6.254447 7.118863 0.976206 0.441941 -3.057011 -1.505067 1.274575 15.612805 12.745830 10.037808 25.642296 15.695200 6.184133 5.423431 5.275398 -2.142261 -2.129919 8.534522 8.055483 6.659871 
7.210595 14.468526 7.612298 -5.050364 5.896545 1.485996 6.877148 27.170185 6.406469 7.435957 0.903059 0.422997 -3.081208 -1.531526 1.526734 15.857958 13.109089 10.131353 26.382544 16.187822 6.576910 5.519002 5.380897 -2.152572 -2.314020 8.794790 8.285674 6.872371 
7.607966 14.789369 7.921142 -5.245205 5.999569 1.557685 7.147957 27.883315 6.559142 7.758853 0.820513 0.408774 -3.102177 -1.556311 1.786482 16.095685 13.472644 10.222242 27.113805 16.681869 6.977202 5.612764 5.485133 -2.163446 -2.500875 9.060231 8.517671 7.085168 
8.016275 15.112309 8.232959 -5.438376 6.100976 1.630332 7.424898 28.595466 6.712502 8.087340 0.728157 0.399860 -3.119830 -1.579277 2.053527 16.326070 13.836297 10.310934 27.834642 17.176947 7.384504 5.704734 5.588109 -2.175170 -2.690094 9.330936 8.751475 7.298083 
8.435387 15.437668 8.547408 -5.629399 6.200801 1.703822 7.708058 29.306173 6.866588 8.421194 0.625573 0.396864 -3.134077 -1.600275 2.327566 16.549220 14.199848 10.397908 28.543582 17.672650 7.798290 5.794932 5.689829 -2.188039 -2.881274 9.606994 8.987087 7.510934 
8.865155 15.765786 8.864138 -5.817781 6.299080 1.778037 7.997527 30.014957 7.021442 8.760182 0.512337 0.400407 -3.144826 -1.619151 2.608282 16.765260 14.563096 10.483662 29.239119 18.168561 8.218009 5.883383 5.790302 -2.202361 -3.073994 9.888486 9.224506 7.723536 
9.305414 16.097016 9.182785 -6.003021 6.395857 1.852852 8.293396 30.721331 7.177106 9.104054 0.388017 0.411132 -3.151987 -1.635747 2.895347 16.974335 14.925839 10.568716 29.919708 18.664258 8.643089 5.970116 5.889539 -2.218458 -3.267819 10.175492 9.463737 7.935703 
9.755989 16.431726 9.502973 -6.184603 6.491178 1.928134 8.595757 31.424797 7.333622 9.452553 0.252175 0.429695 -3.155465 -1.649898 3.188421 17.176612 15.287873 10.653607 30.583768 19.159304 9.072935 6.055162 5.987553 -2.236659 -3.462301 10.468084 9.704781 8.147245 
10.216686 16.770298 9.824313 -6.362000 6.585094 2.003747 8.904705 32.124848 7.491037 9.805406 0.104367 0.456772 -3.155166 -1.661436 3.487151 17.372273 15.648992 10.738894 31.229685 19.653258 9.506927 6.138559 6.084362 -2.257307 -3.656974 10.766332 9.947643 8.357970 
10.687299 17.113128 10.146403 -6.534670 6.677662 2.079549 9.220334 32.820964 7.649398 10.162330 -0.055859 0.493052 -3.150995 -1.670186 3.791173 17.561524 16.008988 10.825156 31.855806 20.145666 9.944426 6.220349 6.179987 -2.280757 -3.851359 11.070299 10.192328 8.567683 
11.167606 17.460629 10.468831 -6.702062 6.768941 2.155392 9.542742 33.512618 7.808752 10.523029 -0.228960 0.539246 -3.142856 -1.675971 4.100110 17.744588 16.367654 10.912991 32.460444 20.636064 10.384767 6.300575 6.274451 -2.307375 -4.044959 11.380044 10.438841 8.776188 
11.657372 17.813227 10.791171 -6.863610 6.858996 2.231122 9.872027 34.199269 7.969151 10.887194 -0.415400 0.596078 -3.130651 -1.678606 4.413574 17.921709 16.724778 11.003015 33.041874 21.123982 10.827263 6.379287 6.367780 -2.337536 -4.237266 11.695623 10.687190 8.983284 
12.156345 18.171363 11.112986 -7.018738 6.947896 2.306580 10.208289 34.880369 8.130645 11.254505 -0.615651 0.664290 -3.114282 -1.677903 4.731163 18.093152 17.080150 11.095869 33.598338 21.608937 11.271205 6.456539 6.460004 -2.371630 -4.427753 12.017085 10.937383 9.188769 
12.664262 18.535492 11.433824 -7.166855 7.035715 2.381600 10.551630 35.555358 8.293288 11.624629 -0.830191 0.744643 -3.093649 -1.673668 5.052464 18.259197 17.433555 11.192208 34.128040 22.090438 11.715861 6.532387 6.551156 -2.410057 -4.615880 12.344475 11.189427 9.392439 
13.180841 18.906084 11.753224 -7.307359 7.122531 2.456013 10.902152 36.223666 8.457135 11.997223 -1.059503 0.837912 -3.068652 -1.665703 5.377053 18.420149 17.784778 11.292711 34.629148 22.567985 12.160475 6.606893 6.641272 -2.453227 -4.801092 12.677833 11.443332 9.594086 
13.705789 19.283623 12.070711 -7.439637 7.208425 2.529641 11.259961 36.884712 8.622243 12.371928 -1.304079 0.944890 -3.039188 -1.653804 5.704491 18.576330 18.133604 11.398074 35.099796 23.041068 12.604271 6.680122 6.730390 -2.501565 -4.982817 13.017197 11.699110 9.793500 
14.238796 19.668610 12.385797 -7.563060 7.293484 2.602302 11.625162 37.537905 8.788668 12.748375 -1.564417 1.066387 -3.005156 -1.637763 6.034330 18.728082 18.479815 11.509016 35.538079 23.509166 13.046447 6.752143 6.818554 -2.555504 -5.160471 13.362595 11.956771 9.990470 
14.779538 20.061557 12.697984 -7.676990 7.377800 2.673809 11.997862 38.182646 8.956471 13.126184 -1.841021 1.203231 -2.966451 -1.617366 6.366107 18.875766 18.823190 11.626274 35.942058 23.971753 13.486180 6.823032 6.905807 -2.615490 -5.333453 13.714056 12.216327 10.184781 
15.327678 20.462994 13.006758 -7.780775 7.461469 2.743969 12.378172 38.818321 9.125712 13.504961 -2.134402 1.356266 -2.922969 -1.592396 6.699349 19.019765 19.163510 11.750603 36.309760 24.428287 13.922624 6.892864 6.992199 -2.681981 -5.501145 14.071600 12.477792 10.376214 
15.882863 20.873463 13.311598 -7.873751 7.544590 2.812582 12.766201 39.444310 9.296456 13.884300 -2.445078 1.526352 -2.874604 -1.562628 7.033570 19.160480 19.500550 11.882782 36.639171 24.878223 14.354910 6.961723 7.077781 -2.755445 -5.662918 14.435245 12.741179 10.564550 
16.444725 21.293522 13.611965 -7.955241 7.627267 2.879443 13.162062 40.059980 9.468765 14.263784 -2.773572 1.714368 -2.821248 -1.527836 7.368272 19.298330 19.834089 12.023607 36.928246 25.321001 14.782146 7.029693 7.162608 -2.836363 -5.818124 14.805003 13.006505 10.749566 
17.012881 21.723744 13.907312 -8.024558 7.709611 2.944342 13.565868 40.664690 9.642705 14.642982 -3.120416 1.921209 -2.762794 -1.487785 7.702945 19.433758 20.163898 12.173894 37.174901 25.756056 15.203418 7.096865 7.246737 -2.925225 -5.966103 15.180881 13.273784 10.931039 
17.586936 22.164715 14.197078 -8.080999 7.791733 3.007064 13.977735 41.257786 9.818345 15.021452 -3.486147 2.147786 -2.699133 -1.442237 8.037067 19.567223 20.489752 12.334481 37.377018 26.182810 15.617788 7.163333 7.330228 -3.022537 -6.106178 15.562882 13.543034 11.108739 
18.166478 22.617036 14.480689 -8.123850 7.873752 3.067385 14.397779 41.838605 9.995753 15.398739 -3.871310 2.395028 -2.630155 -1.390950 8.370103 19.699205 20.811422 12.506222 37.532442 26.600678 16.024297 7.229196 7.413146 -3.128811 -6.237657 15.951005 13.814272 11.282437 
18.751081 23.081325 14.757559 -8.152387 7.955791 3.125080 14.826118 42.406474 10.174999 15.774377 -4.276455 2.663882 -2.555748 -1.333676 8.701506 19.830204 21.128678 12.689995 37.638982 27.009064 16.421961 7.294554 7.495558 -3.244575 -6.359834 16.345242 14.087517 11.451900 
19.340304 23.558211 15.027092 -8.165871 8.037974 3.179914 15.262873 42.960710 10.356156 16.147888 -4.702140 2.955309 -2.475800 -1.270161 9.030718 19.960739 21.441287 12.886696 37.694411 27.407364 16.809774 7.359516 7.577534 -3.370365 -6.471987 16.745582 14.362788 11.616894 
19.933692 24.048341 15.288676 -8.163550 8.120435 3.231649 15.708163 43.500618 10.539298 16.518780 -5.148929 3.270290 -2.390197 -1.200148 9.357169 20.091349 21.749017 13.097240 37.696467 27.794962 17.186709 7.424190 7.659147 -3.506731 -6.573378 17.152010 14.640107 11.777180 
20.530776 24.552373 15.541690 -8.144662 8.203308 3.280040 16.162113 44.025494 10.724500 16.886550 -5.617393 3.609821 -2.298827 -1.123374 9.680275 20.222592 22.051633 13.322562 37.642851 28.171236 17.551715 7.488692 7.740472 -3.654233 -6.663257 17.564505 14.919494 11.932519 
21.131071 25.070983 15.785498 -8.108431 8.286733 3.324838 16.624847 44.534623 10.911839 17.250683 -6.108110 3.974916 -2.201572 -1.039572 9.999441 20.355048 22.348897 13.563620 37.531230 28.535551 17.903716 7.553141 7.821591 -3.813444 -6.740855 17.983041 15.200971 12.082667 
21.734078 25.604860 16.019453 -8.054069 8.370854 3.365786 17.096489 45.027281 11.101392 17.610651 -6.621662 4.366605 -2.098317 -0.948467 10.314059 20.489314 22.640574 13.821388 37.359232 28.887265 18.241617 7.617659 7.902585 -3.984946 -6.805391 18.407588 15.484563 12.227380 
22.339283 26.154707 16.242897 -7.980776 8.455821 3.402623 17.577168 45.502732 11.293242 17.965914 -7.158642 4.785936 -1.988944 -0.849784 10.623512 20.626009 22.926422 14.096861 37.124451 29.225725 18.564297 7.682372 7.983539 -4.169335 -6.856066 18.838112 15.770293 12.366409 
22.946158 26.721243 16.455157 -7.887740 8.541786 3.435083 18.067012 45.960230 11.487468 18.315921 -7.719647 5.233973 -1.873334 -0.743239 10.927166 20.765768 23.206201 14.391055 36.824446 29.550270 18.870615 7.747412 8.064543 -4.367217 -6.892069 19.274572 16.058186 12.499504 
23.554161 27.305201 16.655549 -7.774134 8.628907 3.462891 18.566152 46.399020 11.684154 18.660107 -8.305280 5.711798 -1.751368 -0.628545 11.224379 20.909251 23.479668 14.705004 36.456738 29.860228 19.159405 7.812914 8.145688 -4.579210 -6.912572 19.716925 16.348267 12.626413 
24.162734 27.907329 16.843378 -7.639123 8.717347 3.485770 19.074719 46.818335 11.883386 18.997897 -8.916152 6.220510 -1.622925 -0.505409 11.514495 21.057132 23.746580 15.039764 36.018812 30.154918 19.429479 7.879016 8.227070 -4.805943 -6.916732 20.165122 16.640565 12.746880 
24.771304 28.528388 17.017934 -7.481855 8.807271 3.503435 19.592847 47.217399 12.085249 19.328701 -9.552880 6.761223 -1.487883 -0.373534 11.796846 21.210110 24.006691 15.396410 35.508120 30.433650 19.679626 7.945863 8.308786 -5.048057 -6.903691 20.619108 16.935107 12.860647 
25.379286 29.169156 17.178497 -7.301469 8.898850 3.515598 20.120671 47.595424 12.289831 19.651919 -10.216090 7.335070 -1.346119 -0.232617 12.070751 21.368900 24.259753 15.776035 34.922074 30.695725 19.908614 8.013600 8.390937 -5.306204 -6.872576 21.078827 17.231921 12.967453 
25.986077 29.830424 17.324333 -7.097090 8.992261 3.521961 20.658326 47.951614 12.497222 19.966938 -10.906410 7.943200 -1.197510 -0.082352 12.335519 21.534238 24.505518 16.179755 34.258054 30.940432 20.115185 8.082380 8.473628 -5.581048 -6.822500 21.544214 17.531037 13.067036 
26.591063 30.512998 17.454697 -6.867830 9.087683 3.522224 21.205952 48.285160 12.707513 20.273134 -11.624479 8.586779 -1.041930 0.077575 12.590446 21.706879 24.743736 16.608704 33.513401 31.167054 20.298061 8.152358 8.556966 -5.873264 -6.752558 22.015202 17.832485 13.159131 
27.193611 31.217699 17.568831 -6.612792 9.185299 3.516081 21.763688 48.595245 12.920797 20.569868 -12.370940 9.266990 -0.879254 0.247479 12.834815 21.887599 24.974155 17.064036 32.685422 31.374861 20.455940 8.223693 8.641062 -6.183538 -6.661833 22.491718 18.136298 13.243468 
27.793079 31.945361 17.665965 -6.331062 9.285299 3.503218 22.331673 48.881041 13.137168 20.856492 -13.146444 9.985035 -0.709355 0.427685 13.067897 22.077193 25.196522 17.546925 31.771386 31.563116 20.587497 8.296549 8.726028 -6.512570 -6.549391 22.973686 18.442506 13.319778 
28.388804 32.696836 17.745316 -6.021717 9.387876 3.483318 22.910052 49.141708 13.356721 21.132344 -13.951648 10.742128 -0.532103 0.618517 13.288952 22.276476 25.410582 18.058565 30.768530 31.731072 20.691384 8.371094 8.811983 -6.861068 -6.414284 23.461023 18.751145 13.387787 
28.980114 33.472987 17.806090 -5.683820 9.493228 3.456057 23.498967 49.376399 13.579555 21.396750 -14.787216 11.539506 -0.347371 0.820310 13.497227 22.486281 25.616079 18.600170 29.674050 31.877973 20.766232 8.447500 8.899045 -7.229753 -6.255548 23.953642 19.062247 13.447219 
29.566319 34.274693 17.847480 -5.316422 9.601555 3.421104 24.098565 49.584253 13.805768 21.649025 -15.653818 12.378418 -0.155027 1.033399 13.691958 22.707463 25.812754 19.172973 28.485110 32.003051 20.810647 8.525942 8.987337 -7.619358 -6.072203 24.451453 19.375847 13.497798 
30.146716 35.102848 17.868667 -4.918562 9.713066 3.378126 24.708993 49.764402 14.035460 21.888469 -16.552132 13.260133 0.045059 1.258126 13.872366 22.940896 26.000349 19.778229 27.198837 32.105531 20.823213 8.606600 9.076986 -8.030627 -5.863257 24.954360 19.691983 13.539241 
30.720586 35.958361 17.868818 -4.489265 9.827969 3.326780 25.330398 49.915965 14.268735 22.114373 -17.482842 14.185935 0.253020 1.494839 14.037663 23.187472 26.178602 20.417210 25.812320 32.184628 20.802493 8.689658 9.168121 -8.464316 -5.627700 25.462261 20.010690 13.571265 
31.287196 36.842154 17.847090 -4.027547 9.946482 3.266722 25.962931 50.038052 14.505695 22.326015 -18.446637 15.157127 0.468990 1.743889 14.187048 23.448105 26.347251 21.091210 24.322615 32.239548 20.747024 8.775305 9.260874 -8.921191 -5.364508 25.975052 20.332007 13.593585 
31.845800 37.755165 17.802626 -3.532409 10.068822 3.197597 26.606744 50.129763 14.746446 22.522659 -19.444215 16.175027 0.693102 2.005634 14.319707 23.723728 26.506032 21.801542 22.726741 32.269485 20.655323 8.863733 9.355379 -9.402030 -5.072642 26.492622 20.655972 13.605913 
32.395635 38.698346 17.734559 -3.002838 10.195216 3.119049 27.261989 50.190186 14.991095 22.703558 -20.476280 17.240971 0.925493 2.280434 14.434814 24.015293 26.654679 22.549538 21.021680 32.273627 20.525882 8.955137 9.451776 -9.907624 -4.751047 27.014856 20.982624 13.607957 
32.935925 39.672663 17.642006 -2.437814 10.325890 3.030714 27.928822 50.218400 15.239750 22.867954 -21.543541 18.356311 1.166299 2.568656 14.531532 24.323772 26.792926 23.336552 19.204381 32.251150 20.357172 9.049720 9.550206 -10.438774 -4.398655 27.541635 21.312006 13.599424 
33.465878 40.679099 17.524075 -1.836298 10.461078 2.932223 28.607398 50.213475 15.492522 23.015075 -22.646717 19.522418 1.415657 2.870672 14.609010 24.650158 26.920503 24.163956 17.271752 32.201222 20.147640 9.147684 9.650814 -10.996292 -4.014379 28.072835 21.644157 13.580019 
33.984688 41.718649 17.379861 -1.197245 10.601018 2.823201 29.297875 50.174468 15.749521 23.144139 -23.786531 20.740678 1.673708 3.186859 14.666388 24.995461 27.037141 25.033143 15.220671 32.123000 19.895711 9.249238 9.753748 -11.581003 -3.597121 28.608327 21.979120 13.549442 
34.491535 42.792324 17.208446 -0.519593 10.745951 2.703266 30.000413 50.100426 16.010862 23.254348 -24.963712 22.012494 1.940589 3.517598 14.702790 25.360713 27.142568 25.945525 13.047976 32.015633 19.599786 9.354596 9.859158 -12.193743 -3.145766 29.147976 22.316939 13.507393 
