NaN NaN NaN NaN NaN NaN NaN 
NaN NaN NaN NaN NaN NaN NaN 
NaN NaN NaN NaN NaN NaN NaN 
NaN NaN NaN NaN NaN NaN NaN 
NaN NaN NaN NaN NaN NaN NaN 
0.067448 -0.394876 -10.399749 0.180504 -0.332246 -4.104183 -4.090719 
-0.106282 -1.251213 -10.502398 0.131548 0.143702 -4.012191 -4.407736 
-0.115495 -2.238515 -10.243109 0.336970 0.483577 -3.733687 -4.412000 
0.304253 -1.863981 -9.801832 -0.285999 0.674808 -3.909727 -4.181810 
0.214722 -1.656831 -6.987768 -1.163614 0.712043 -3.766208 -4.118808 
-0.090495 -1.990599 -6.275923 -1.146753 0.840881 -3.808828 -3.327304 
-0.329204 -2.356407 -5.414094 -1.324199 1.551925 -3.716205 -2.570228 
-0.278722 -2.609970 -5.165536 -1.877332 1.851673 -3.589805 -2.332352 
0.125759 -3.039938 -5.588297 -2.080841 2.195593 -3.503130 -1.910028 
0.149051 -3.270018 -5.074154 -2.582777 1.645768 -3.239901 -1.845302 
-0.622005 -2.918042 -5.205758 -3.097688 0.917967 -3.038818 -2.006934 
-0.886054 -2.905595 -6.200485 -3.073470 -0.773117 -2.956522 -1.861924 
-0.940954 -1.897220 -7.798102 -2.882140 -0.135801 -3.143040 -1.894885 
-1.491824 -1.555908 -8.389836 -2.890044 0.152106 -2.917612 -1.983000 
-1.121523 -1.451809 -9.774786 -2.655411 -0.308146 -2.806246 -2.108126 
-0.629315 -2.557521 -10.791319 -2.900879 -0.775581 -2.684031 -2.699119 
-0.323512 -3.014387 -11.888195 -3.086584 -1.464545 -2.588854 -3.394932 
-0.400670 -3.021407 -11.506497 -3.172265 -1.656567 -2.365602 -3.669253 
-0.768917 -1.501789 -10.535849 -3.007937 -1.861107 -2.378831 -3.943898 
-0.300132 -1.467569 -11.143625 -2.978600 -1.288786 -2.526722 -3.887266 
0.144836 -1.436804 -11.010047 -3.248147 -0.787234 -2.610092 -3.521860 
0.436984 -1.209200 -10.634122 -3.645717 0.140573 -2.348450 -3.242673 
0.635162 -1.209745 -9.160589 -3.723821 -0.551040 -2.140640 -3.239256 
0.600601 -3.032859 -8.985975 -3.395069 -0.910977 -2.874852 -3.602983 
0.266964 -4.020162 -9.087520 -3.512550 -1.033595 -3.238226 -3.768425 
-0.021802 -3.799820 -9.103116 -3.168678 -0.795274 -3.117849 -3.893801 
0.283126 -2.725885 -8.831589 -2.261856 0.042264 -3.420097 -3.887405 
0.896751 -2.460646 -9.408344 -1.795332 0.400779 -3.648900 -4.078180 
1.173514 -3.019963 -9.953801 -1.909096 0.095060 -3.610381 -4.083846 
0.526928 -2.891444 -9.906347 -1.557213 -0.139097 -3.411436 -3.920784 
0.821614 -2.459307 -8.143005 -0.595230 -0.116444 -3.397641 -3.769706 
0.635732 -2.750653 -8.188092 -0.621741 -0.442234 -3.415253 -3.669242 
0.409728 -3.449345 -8.016861 -0.514573 0.021431 -3.081321 -3.658174 
0.084547 -2.405125 -6.614597 -0.884084 0.908935 -2.631460 -3.016691 
0.158552 -1.347125 -5.931973 -0.409925 1.433919 -2.119712 -2.900624 
0.582059 -0.120687 -5.476707 -0.303854 1.544375 -1.808973 -2.494148 
0.414771 -0.839670 -4.802008 -0.762660 1.934391 -1.300685 -2.049844 
0.114776 -0.578640 -3.631899 -0.962990 1.960739 -1.117018 -1.470490 
-0.005294 -0.988193 -3.181782 -0.653498 2.279626 -0.901538 -1.145017 
0.203518 -1.221908 -2.605278 -1.506107 1.651146 -0.964646 -1.112343 
-0.307045 -2.395042 -3.949674 -1.799424 1.235328 -0.806658 -1.118597 
-0.246706 -2.053625 -3.138233 -0.896133 1.447029 -0.670156 -1.269343 
-0.299270 -1.326318 -2.888148 -0.991789 1.099381 -0.829814 -0.857668 
0.538917 -0.634901 -2.437275 -0.660666 0.937523 -0.523635 -0.930386 
0.598548 -1.405497 -1.064449 -0.426570 0.843054 -0.615562 -0.474927 
0.346517 -1.853282 -0.938786 -0.591370 0.275227 -0.767912 -0.172056 
0.326382 -1.351438 -1.020207 -0.896023 -0.211308 -0.835467 -0.273914 
0.259112 -1.785520 -1.149307 -0.684256 -0.775433 -0.479524 -0.288014 
0.124899 -1.100937 0.255111 -0.504809 -0.918955 -0.379398 -0.164800 
-0.121286 -0.747989 -0.014969 -0.091917 -0.182667 -0.263593 -0.169824 
0.077323 0.589169 1.207506 0.125429 -0.603788 -0.304104 0.029614 
0.231612 0.460357 1.559161 0.003784 -0.562685 -0.504023 0.398035 
0.420499 0.138391 1.299656 0.184024 -0.067240 -0.268752 0.174568 
0.004398 0.212662 1.001307 0.178538 -0.223346 0.222259 0.253595 
-0.129812 1.744171 0.912139 0.341830 0.081019 0.817465 0.388896 
-0.354956 1.946305 1.369647 0.700846 0.109263 0.987103 0.530188 
-0.561329 1.610899 1.111841 1.307905 -0.592552 1.159670 0.816385 
-0.376785 3.081717 1.456667 1.768642 -0.312855 1.078327 0.979880 
-0.163302 2.760579 2.505257 1.425735 -0.642476 1.309696 1.049984 
-0.367715 2.110299 3.922758 1.506225 -0.934519 1.674079 1.098382 
-0.530045 1.821497 4.177249 1.500420 -1.155272 2.111576 1.218105 
-0.696153 1.473695 3.897086 1.218161 -1.863801 2.414518 1.442011 
-0.455621 1.736873 3.783939 0.921368 -2.823221 2.322491 1.641033 
-0.592637 2.422713 4.086898 1.269936 -2.601785 2.471859 1.931787 
-0.719952 1.770770 3.116867 0.910705 -2.940031 2.243410 2.074705 
-0.279148 1.412125 3.956491 0.655257 -3.553195 2.455668 2.113233 
-0.192262 1.482350 4.552386 0.348950 -3.712886 2.715665 2.473146 
-0.114183 1.048361 4.530259 0.126479 -4.730698 2.578811 2.413575 
-0.150075 1.410270 2.095955 0.246890 -4.816907 2.405050 2.395711 
0.112130 2.225109 2.109745 0.478621 -4.338917 2.495715 2.612240 
0.603265 1.277387 4.088647 0.234967 -4.269794 2.431115 2.880997 
1.065463 1.968958 5.299312 -0.133442 -3.662899 2.601166 2.827072 
0.601368 1.739182 6.898053 0.013847 -3.077930 2.517773 3.203149 
0.753795 2.096297 6.798362 -0.755622 -4.233947 2.124431 3.149741 
0.665830 1.407460 6.986518 -0.721526 -4.601412 2.147013 3.002647 
1.130669 1.672183 8.503225 -0.952249 -4.440116 2.361116 3.045788 
1.452804 1.927053 9.174439 -0.347508 -4.176630 2.396071 3.084257 
1.098855 1.856368 8.857651 -0.541510 -4.036290 2.891452 3.283721 
1.095476 1.537197 11.219960 -0.648199 -3.678890 3.271981 3.686821 
1.420315 0.623580 11.590743 0.358096 -4.758978 3.334879 4.179757 
1.138763 0.654154 12.192555 0.821896 -4.403027 3.695054 4.420552 
0.827679 0.107303 13.094065 0.967580 -4.570357 3.725888 4.979768 
1.074569 0.413650 13.261497 1.531653 -4.677921 4.083172 5.286966 
1.411287 -1.139027 14.026524 2.313081 -3.993503 4.341975 5.363896 
1.985329 -0.867313 16.078017 2.494973 -4.217611 4.410194 5.830972 
1.557577 -0.534006 16.173513 3.058585 -2.614014 4.596223 6.138824 
1.402188 -0.067804 17.732146 2.831220 -3.027181 4.544780 6.400931 
1.398587 -0.556923 20.020510 3.420691 -3.241531 4.760790 6.906000 
1.532875 -0.682308 19.884497 3.304049 -3.904322 4.389962 7.287387 
1.606493 -0.193066 22.250270 3.049213 -2.732014 4.506939 7.534306 
1.847665 0.506236 21.621948 3.280608 -2.734180 4.306670 7.690357 
1.805709 1.028712 22.064541 4.001069 -2.545157 4.558687 7.784458 
1.895513 0.731025 25.683285 4.036682 -3.617590 4.426122 7.913484 
1.948861 1.302026 27.847992 3.928483 -3.518807 4.553203 8.655439 
1.913109 2.045879 28.319032 4.290929 -3.108627 5.014869 8.909667 
1.975773 2.104304 29.038304 4.514966 -4.335441 5.064080 9.379579 
1.963365 2.366909 29.220815 5.137229 -4.425712 5.070825 9.638407 
2.721309 2.043792 30.424319 5.103993 -4.098438 4.974883 9.972971 
2.703976 2.403650 33.526582 6.374900 -3.593631 5.266419 10.286243 
3.204442 3.277311 33.261220 6.681345 -4.477934 5.253402 10.664616 
3.300734 3.375584 35.398176 6.866319 -3.939320 5.595465 10.937123 
3.702735 4.207471 36.716911 7.534506 -3.817756 6.028239 11.192998 
4.189936 4.352539 34.117969 7.580453 -3.420922 6.572845 11.793569 
4.123721 5.075065 34.318055 8.180670 -3.839607 6.786464 12.171574 
4.186854 5.007023 35.027535 8.877674 -4.321041 6.643703 12.954204 
4.095368 4.669011 35.748540 8.531595 -4.331365 7.016269 13.215343 
4.438235 4.329420 35.971872 8.194816 -3.867096 7.370087 13.439093 
4.315586 4.853502 35.704540 8.507973 -3.962142 7.347644 13.700461 
4.514495 5.342199 34.858676 8.199060 -3.787751 7.643102 14.143386 
4.107586 4.737899 34.143947 8.122458 -3.088645 8.120608 14.555429 
4.334949 4.368759 33.449201 8.351660 -3.491148 8.255420 15.286849 
4.057474 3.574309 33.595697 8.067946 -4.117500 8.456258 15.913901 
4.113778 4.208035 35.649459 8.511088 -3.185494 8.642718 16.291758 
3.973749 3.464880 36.824564 9.146872 -2.080233 8.208821 16.593742 
4.251633 3.048274 37.364776 9.007020 -1.474546 8.548958 16.800988 
4.691238 3.182421 37.975217 9.042085 -1.498950 8.791320 16.898572 
4.639340 3.709498 39.578565 9.949090 -0.933077 9.129956 17.435022 
4.637688 4.385214 43.378585 10.149451 -0.916554 9.956280 17.948014 
5.023454 4.237991 43.576641 10.489939 -0.757199 10.028708 18.510384 
5.581683 4.606152 45.321696 11.202923 -1.298493 10.190987 18.969535 
5.496851 4.794784 46.113169 11.977176 -0.691673 10.655130 19.009811 
5.710904 5.730008 46.799659 11.656961 0.228091 10.558278 19.374390 
5.339357 5.551473 46.923686 11.981690 0.123423 10.805228 19.992075 
5.855447 6.357785 48.073909 11.971172 -0.068368 11.852362 20.596222 
5.737472 6.497741 49.827864 12.148207 0.167958 12.067801 20.922296 
5.697057 6.870508 50.385880 13.390240 0.355897 12.361044 21.535852 
5.715770 7.446820 49.379491 13.638549 0.177991 12.245748 21.981353 
5.688503 7.518995 46.671894 13.777964 0.323480 12.382632 22.557717 
6.154782 8.012452 48.187005 13.506567 -0.354608 13.027661 22.959564 
6.005654 7.971288 48.665827 13.648447 -0.056487 13.133280 23.343390 
6.253617 9.713385 49.521484 13.528278 0.045640 13.234704 24.010951 
6.881591 9.078830 49.613782 13.949732 -0.603986 13.337230 24.047312 
7.533191 8.865778 49.924433 14.366901 -0.741056 13.435140 24.229780 
7.899494 9.164448 49.577110 14.265955 -1.517185 13.025863 24.868125 
7.872666 10.268890 48.977476 14.072284 -1.429192 13.316201 25.430780 
8.393855 10.228120 49.544941 13.412839 -0.653836 12.975980 25.597344 
9.103532 9.817020 52.084409 13.548222 -0.350092 13.065870 25.640442 
9.206107 10.187668 55.006762 13.703348 0.542771 12.996774 25.623832 
9.150469 9.477718 55.387188 14.040780 1.326965 12.847384 25.870520 
9.795337 9.617722 55.931811 13.148396 1.584116 13.249915 26.360195 
9.866055 8.545863 54.953073 12.692324 1.377604 13.096487 26.989670 
NaN NaN NaN NaN NaN NaN NaN 
NaN NaN NaN NaN NaN NaN NaN 
NaN NaN NaN NaN NaN NaN NaN 
NaN NaN NaN NaN NaN NaN NaN 
