-3.016503 0.583302 -21.697431 -4.230107 -2.547517 -5.821938 -13.684782 -5.760541 -4.044839 8.686327 -12.409037 2.030123 1.270588 -0.340873 6.953430 5.696800 4.943483 0.324908 9.077525 6.208815 -0.694630 
-2.630492 0.895476 -21.423006 -4.411725 -2.971634 -6.505031 -14.026758 -6.654854 -3.988011 7.999770 -11.953696 1.523246 1.079374 -0.486110 6.322823 5.279935 4.535614 -0.033591 8.951341 4.864625 -2.787864 
-2.267322 1.182988 -21.130905 -4.570123 -3.365081 -7.132003 -14.350295 -7.479071 -3.927957 7.339167 -11.509387 1.051021 0.894131 -0.627914 5.719409 4.871202 4.146631 -0.368589 8.815797 3.607037 -4.746834 
-1.926309 1.446695 -20.822056 -4.706271 -3.728767 -7.704710 -14.655133 -8.235490 -3.864913 6.704097 -11.075981 0.612226 0.714897 -0.766102 5.142627 4.470910 3.776047 -0.680816 8.671421 2.433209 -6.575324 
-1.606779 1.687445 -20.497373 -4.821124 -4.063586 -8.224978 -14.941017 -8.926376 -3.799106 6.094142 -10.653347 0.205662 0.541709 -0.900495 4.591921 4.079362 3.423384 -0.970988 8.518730 1.340339 -8.277068 
-1.308061 1.906073 -20.157754 -4.915622 -4.370423 -8.694609 -15.207696 -9.553959 -3.730758 5.508888 -10.241353 -0.169854 0.374601 -1.030920 4.066742 3.696848 3.088169 -1.239815 8.358239 0.325668 -9.855756 
-1.029494 2.103403 -19.804085 -4.990687 -4.650148 -9.115379 -15.454925 -10.120436 -3.660082 4.947927 -9.839866 -0.515483 0.213605 -1.157207 3.566548 3.323652 2.769937 -1.487992 8.190453 -0.613523 -11.315027 
-0.770421 2.280250 -19.437235 -5.047228 -4.903618 -9.489037 -15.682464 -10.627971 -3.587287 4.410855 -9.448752 -0.832370 0.058752 -1.279192 3.090802 2.960048 2.468228 -1.716205 8.015872 -1.479914 -12.658477 
-0.530194 2.437416 -19.058057 -5.086137 -5.131680 -9.817305 -15.890078 -11.078694 -3.512573 3.897272 -9.067875 -1.121640 -0.089930 -1.396715 2.638973 2.606301 2.182588 -1.925129 7.834989 -2.276141 -13.889649 
-0.308169 2.575692 -18.667393 -5.108290 -5.335166 -10.101880 -16.077536 -11.474700 -3.436134 3.406784 -8.697098 -1.384397 -0.232412 -1.509621 2.210535 2.262668 1.912572 -2.115429 7.648292 -3.004802 -15.012044 
-0.103712 2.695860 -18.266068 -5.114548 -5.514896 -10.344432 -16.244613 -11.818054 -3.358157 2.938999 -8.336282 -1.621728 -0.368671 -1.617760 1.804971 1.929395 1.657738 -2.287757 7.456261 -3.668452 -16.029112 
0.083806 2.798688 -17.854892 -5.105757 -5.671679 -10.546604 -16.391087 -12.110784 -3.278822 2.493533 -7.985290 -1.834700 -0.498684 -1.720985 1.421767 1.606722 1.417652 -2.442757 7.259370 -4.269605 -16.944257 
0.255009 2.884935 -17.434660 -5.082746 -5.806310 -10.710015 -16.516744 -12.354887 -3.198303 2.070004 -7.643979 -2.024362 -0.622428 -1.819157 1.060418 1.294877 1.191887 -2.581059 7.058085 -4.810736 -17.760836 
0.410510 2.955349 -17.006154 -5.046329 -5.919571 -10.836256 -16.621372 -12.552323 -3.116768 1.668035 -7.312208 -2.191743 -0.739885 -1.912137 0.720422 0.994080 0.980021 -2.703284 6.852869 -5.294278 -18.482157 
0.550919 3.010666 -16.570139 -4.997304 -6.012232 -10.926891 -16.704765 -12.705022 -3.034375 1.287255 -6.989833 -2.337853 -0.851037 -1.999794 0.401286 0.704544 0.781641 -2.810043 6.644175 -5.722622 -19.111481 
0.676838 3.051611 -16.127369 -4.936453 -6.085052 -10.983458 -16.766723 -12.814880 -2.951278 0.927296 -6.676711 -2.463683 -0.955868 -2.082002 0.102520 0.426471 0.596336 -2.901935 6.432452 -6.098121 -19.652024 
0.788861 3.078899 -15.678578 -4.864544 -6.138774 -11.007471 -16.807050 -12.883756 -2.867624 0.587795 -6.372694 -2.570205 -1.054366 -2.158638 -0.176357 0.160054 0.423705 -2.979548 6.218140 -6.423085 -20.106951 
0.887579 3.093234 -15.224489 -4.782327 -6.174132 -11.000416 -16.825554 -12.913480 -2.783551 0.268394 -6.077637 -2.658373 -1.146517 -2.229583 -0.435822 -0.094522 0.263353 -3.043459 6.001675 -6.699782 -20.479382 
0.973571 3.095308 -14.765809 -4.690539 -6.191846 -10.963751 -16.822049 -12.905845 -2.699194 -0.031260 -5.791391 -2.729119 -1.232313 -2.294724 -0.676345 -0.337082 0.114890 -3.094235 5.783486 -6.930442 -20.772389 
1.047414 3.085802 -14.303231 -4.589898 -6.192622 -10.898910 -16.796353 -12.862613 -2.614679 -0.311517 -5.513807 -2.783359 -1.311744 -2.353954 -0.898389 -0.567458 -0.022066 -3.132433 5.563994 -7.117253 -20.988996 
1.109676 3.065387 -13.837432 -4.481109 -6.177156 -10.807301 -16.748291 -12.785510 -2.530123 -0.572721 -5.244733 -2.821988 -1.384805 -2.407168 -1.102414 -0.785494 -0.147893 -3.158596 5.343615 -7.262361 -21.132180 
1.160918 3.034721 -13.369075 -4.364861 -6.146129 -10.690303 -16.677691 -12.676230 -2.445641 -0.815212 -4.984017 -2.845884 -1.451491 -2.454267 -1.288871 -0.991040 -0.262961 -3.173259 5.122758 -7.367872 -21.204871 
1.201695 2.994454 -12.898809 -4.241826 -6.100212 -10.549272 -16.584387 -12.536433 -2.361337 -1.039326 -4.731507 -2.855904 -1.511800 -2.495156 -1.458205 -1.183956 -0.367632 -3.176946 4.901825 -7.435851 -21.209951 
1.232556 2.945222 -12.427267 -4.112662 -6.040061 -10.385536 -16.468216 -12.367746 -2.277311 -1.245393 -4.487046 -2.852886 -1.565731 -2.529746 -1.610857 -1.364113 -0.462265 -3.170168 4.681213 -7.468323 -21.150254 
1.254041 2.887653 -11.955067 -3.978009 -5.966322 -10.200396 -16.329022 -12.171762 -2.193655 -1.433739 -4.250481 -2.837650 -1.613286 -2.557951 -1.747261 -1.531387 -0.547211 -3.153428 4.461311 -7.467271 -21.028569 
1.266686 2.822360 -11.482813 -3.838494 -5.879625 -9.995128 -16.166654 -11.950039 -2.110455 -1.604686 -4.021653 -2.810997 -1.654468 -2.579691 -1.867843 -1.685666 -0.622813 -3.127217 4.242502 -7.434636 -20.847635 
1.271019 2.749949 -11.011095 -3.694727 -5.780591 -9.770981 -15.980963 -11.704105 -2.027788 -1.758551 -3.800404 -2.773707 -1.689281 -2.594890 -1.973027 -1.826846 -0.689411 -3.092014 4.025163 -7.372322 -20.610144 
1.267560 2.671012 -10.540487 -3.547302 -5.669826 -9.529178 -15.771809 -11.435450 -1.945727 -1.895646 -3.586575 -2.726544 -1.717733 -2.603476 -2.063227 -1.954832 -0.747335 -3.048289 3.809663 -7.282187 -20.318742 
1.256824 2.586132 -10.071549 -3.396798 -5.547924 -9.270915 -15.539054 -11.145534 -1.864336 -2.016279 -3.380004 -2.670250 -1.739833 -2.605383 -2.138852 -2.069538 -0.796912 -2.996500 3.596367 -7.166053 -19.976026 
1.239320 2.495881 -9.604825 -3.243779 -5.415468 -8.997364 -15.282567 -10.835782 -1.783675 -2.120753 -3.180529 -2.605550 -1.755591 -2.600550 -2.200307 -2.170887 -0.838460 -2.937094 3.385631 -7.025697 -19.584547 
1.215547 2.400817 -9.140845 -3.088791 -5.273026 -8.709668 -15.002219 -10.507585 -1.703794 -2.209367 -2.987986 -2.533149 -1.765019 -2.588918 -2.247989 -2.258810 -0.872293 -2.870508 3.177807 -6.862858 -19.146807 
1.186001 2.301491 -8.680126 -2.932366 -5.121156 -8.408944 -14.697889 -10.162301 -1.624739 -2.282415 -2.802212 -2.453733 -1.768133 -2.570435 -2.282288 -2.333249 -0.898715 -2.797169 2.973238 -6.679233 -18.665262 
1.151169 2.198440 -8.223168 -2.775021 -4.960400 -8.096284 -14.369459 -9.801255 -1.546546 -2.340187 -2.623040 -2.367968 -1.764948 -2.545054 -2.303590 -2.394153 -0.918027 -2.717491 2.772262 -6.476478 -18.142321 
1.111532 2.092192 -7.770456 -2.617256 -4.791292 -7.772753 -14.016816 -9.425737 -1.469248 -2.382967 -2.450302 -2.276503 -1.755483 -2.512730 -2.312275 -2.441481 -0.930522 -2.631878 2.575210 -6.256208 -17.580342 
1.067563 1.983263 -7.322462 -2.459555 -4.614349 -7.439389 -13.639854 -9.037006 -1.392868 -2.411035 -2.283831 -2.179967 -1.739758 -2.473426 -2.308716 -2.475201 -0.936488 -2.540724 2.382406 -6.019998 -16.981641 
1.019732 1.872157 -6.879642 -2.302388 -4.430078 -7.097206 -13.238469 -8.636283 -1.317424 -2.424668 -2.123456 -2.078970 -1.717794 -2.427107 -2.293278 -2.495289 -0.936205 -2.444412 2.194170 -5.769381 -16.348482 
0.968497 1.759369 -6.442438 -2.146208 -4.238972 -6.747190 -12.812564 -8.224760 -1.242927 -2.424136 -1.969007 -1.974102 -1.689616 -2.373745 -2.266324 -2.501730 -0.929947 -2.343312 2.010813 -5.505850 -15.683083 
0.914314 1.645382 -6.011276 -1.991452 -4.041514 -6.390299 -12.362046 -7.803594 -1.169381 -2.409706 -1.820310 -1.865935 -1.655249 -2.313313 -2.228209 -2.494521 -0.917982 -2.237786 1.832639 -5.230857 -14.987617 
0.857628 1.530668 -5.586569 -1.838544 -3.838172 -6.027469 -11.886827 -7.373906 -1.096783 -2.381641 -1.677193 -1.755021 -1.614721 -2.245794 -2.179281 -2.473662 -0.900572 -2.128185 1.659949 -4.945812 -14.264206 
0.798882 1.415687 -5.168715 -1.687889 -3.629402 -5.659605 -11.386825 -6.936787 -1.025124 -2.340196 -1.539481 -1.641895 -1.568062 -2.171170 -2.119882 -2.439169 -0.877972 -2.014846 1.493033 -4.652085 -13.514926 
0.738508 1.300891 -4.758095 -1.539878 -3.415647 -5.287589 -10.861960 -6.493293 -0.954387 -2.285626 -1.406996 -1.527071 -1.515302 -2.089432 -2.050350 -2.391061 -0.850430 -1.898099 1.332178 -4.351006 -12.741807 
0.676934 1.186717 -4.355077 -1.394886 -3.197339 -4.912276 -10.312160 -6.044445 -0.884548 -2.218179 -1.279563 -1.411043 -1.456474 -2.000573 -1.971015 -2.329369 -0.818189 -1.778262 1.177663 -4.043862 -11.946829 
0.614580 1.073594 -3.960015 -1.253273 -2.974896 -4.534493 -9.737356 -5.591233 -0.815579 -2.138097 -1.157003 -1.294290 -1.391615 -1.904592 -1.882203 -2.254133 -0.781484 -1.655640 1.029760 -3.731902 -11.131926 
0.551860 0.961938 -3.573248 -1.115381 -2.748723 -4.155043 -9.137486 -5.134611 -0.747442 -2.045620 -1.039135 -1.177267 -1.320761 -1.801493 -1.784230 -2.165400 -0.740545 -1.530530 0.888737 -3.416330 -10.298986 
0.489180 0.852156 -3.195098 -0.981540 -2.519215 -3.774702 -8.512491 -4.675502 -0.680094 -1.940983 -0.925778 -1.060413 -1.243950 -1.691283 -1.677410 -2.063229 -0.695596 -1.403217 0.754852 -3.098314 -9.449846 
0.426941 0.744643 -2.825874 -0.852061 -2.286753 -3.394218 -7.862317 -4.214793 -0.613484 -1.824415 -0.816750 -0.944148 -1.161224 -1.573975 -1.562050 -1.947684 -0.646852 -1.273975 0.628360 -2.778977 -8.586298 
0.365536 0.639782 -2.465871 -0.727242 -2.051703 -3.014316 -7.186916 -3.753338 -0.547556 -1.696142 -0.711867 -0.828871 -1.072625 -1.449587 -1.438448 -1.818842 -0.594525 -1.143068 0.509507 -2.459403 -7.710087 
0.305351 0.537946 -2.115368 -0.607362 -1.814423 -2.635691 -6.486244 -3.291960 -0.482245 -1.556384 -0.610945 -0.714964 -0.978197 -1.318140 -1.306901 -1.676786 -0.538818 -1.010748 0.398533 -2.140635 -6.822909 
0.246767 0.439496 -1.774629 -0.492689 -1.575254 -2.259014 -5.760263 -2.831444 -0.417482 -1.405358 -0.513796 -0.602788 -0.877988 -1.179660 -1.167695 -1.521610 -0.479929 -0.877257 0.295672 -1.823675 -5.926414 
0.190157 0.344785 -1.443905 -0.383470 -1.334529 -1.884930 -5.008938 -2.372545 -0.353188 -1.243275 -0.420234 -0.492687 -0.772045 -1.034180 -1.021113 -1.353416 -0.418048 -0.742826 0.201152 -1.509485 -5.022204 
0.135887 0.254151 -1.123430 -0.279941 -1.092564 -1.514056 -4.232241 -1.915983 -0.289279 -1.070342 -0.330070 -0.384984 -0.660418 -0.881735 -0.867431 -1.172314 -0.353362 -0.607675 0.115193 -1.198983 -4.111833 
0.084318 0.167923 -0.813425 -0.182319 -0.849665 -1.146983 -3.430148 -1.462445 -0.225665 -0.886761 -0.243113 -0.279984 -0.543159 -0.722366 -0.706919 -0.978424 -0.286047 -0.472013 0.038011 -0.893051 -3.196809 
0.035802 0.086419 -0.514096 -0.090808 -0.606125 -0.784278 -2.602640 -1.012583 -0.162247 -0.692731 -0.159173 -0.177973 -0.420322 -0.556118 -0.539840 -0.771876 -0.216277 -0.336039 -0.030188 -0.592525 -2.278591 
-0.009315 0.009946 -0.225632 -0.005594 -0.362224 -0.426478 -1.749702 -0.567017 -0.098921 -0.488444 -0.078056 -0.079218 -0.291963 -0.383041 -0.366454 -0.552807 -0.144216 -0.199940 -0.089202 -0.298204 -1.358591 
-0.050693 -0.061200 0.051789 0.073152 -0.118231 -0.074097 -0.871325 -0.126334 -0.035576 -0.274088 0.000430 0.016034 -0.158140 -0.203189 -0.187010 -0.321364 -0.070025 -0.063894 -0.138836 -0.010843 -0.438174 
-0.087998 -0.126736 0.318007 0.145273 0.125600 0.272379 0.032494 0.308915 0.027906 -0.049849 0.076482 0.107554 -0.018912 -0.016622 -0.001756 -0.077702 0.006145 0.071935 -0.178901 0.268840 0.481342 
-0.120906 -0.186387 0.572875 0.210631 0.369026 0.612491 0.961756 0.738211 0.091651 0.184095 0.150295 0.195132 0.125659 0.176596 0.189069 0.178013 0.084147 0.207390 -0.209216 0.540171 1.398688 
-0.149096 -0.239890 0.816261 0.269100 0.611818 0.945804 1.916455 1.161068 0.155789 0.427568 0.222067 0.278579 0.275511 0.376398 0.385232 0.445607 0.163841 0.342328 -0.229604 0.802517 2.312639 
-0.172255 -0.286994 1.048048 0.320571 0.853757 1.271911 2.896581 1.577035 0.220461 0.680401 0.291997 0.357723 0.430578 0.582708 0.586506 0.724899 0.245093 0.476615 -0.239898 1.055284 3.222023 
-0.190079 -0.327459 1.268134 0.364953 1.094638 1.590431 3.902117 1.985694 0.285810 0.942428 0.360285 0.432412 0.590793 0.795451 0.792668 1.015697 0.327775 0.610128 -0.239934 1.297920 4.125710 
-0.202267 -0.361055 1.476431 0.402167 1.334269 1.901009 4.933045 2.386659 0.351988 1.213487 0.427133 0.502511 0.756088 1.014542 1.003503 1.317800 0.411768 0.742756 -0.229557 1.529913 5.022620 
-0.208528 -0.387562 1.672867 0.432153 1.572471 2.203317 5.989338 2.779581 0.419156 1.493422 0.492742 0.567908 0.926391 1.239896 1.218803 1.630998 0.496957 0.874397 -0.208617 1.750794 5.911720 
-0.208575 -0.406775 1.857383 0.454863 1.809076 2.497052 7.070967 3.164142 0.487477 1.782082 0.557318 0.628507 1.101629 1.471419 1.438363 1.955074 0.583232 1.004962 -0.176971 1.960133 6.792025 
-0.202129 -0.418495 2.029936 0.470268 2.043929 2.781939 8.177896 3.540058 0.557125 2.079318 0.621065 0.684231 1.281729 1.709017 1.661987 2.289799 0.670494 1.134370 -0.134482 2.157540 7.662597 
-0.188918 -0.422538 2.190498 0.478354 2.276888 3.057728 9.310086 3.907078 0.628279 2.384988 0.684190 0.735025 1.466614 1.952586 1.889484 2.634938 0.758646 1.262555 -0.081020 2.342669 8.522545 
-0.168677 -0.418730 2.339055 0.479121 2.507823 3.324196 10.467492 4.264987 0.701125 2.698955 0.746901 0.780850 1.656205 2.202022 2.120668 2.990244 0.847600 1.389457 -0.016463 2.515213 9.371025 
-0.141146 -0.406906 2.475607 0.472586 2.736618 3.581146 11.650064 4.613600 0.775855 3.021083 0.809406 0.821686 1.850423 2.457214 2.355361 3.355465 0.937273 1.515031 0.059308 2.674905 10.207242 
-0.106074 -0.386914 2.600171 0.458781 2.963168 3.828407 12.857747 4.952769 0.852670 3.351245 0.871915 0.857535 2.049185 2.718047 2.593390 3.730336 1.027589 1.639240 0.146403 2.821521 11.030447 
-0.063214 -0.358613 2.712777 0.437755 3.187381 4.065835 14.090482 5.282376 0.931774 3.689315 0.934642 0.888416 2.252408 2.984401 2.834587 4.114585 1.118478 1.762059 0.244926 2.954875 11.839940 
-0.012330 -0.321873 2.813470 0.409571 3.409177 4.293312 15.348204 5.602341 1.013382 4.035174 0.997797 0.914366 2.460005 3.256152 3.078793 4.507932 1.209878 1.883473 0.354974 3.074826 12.635066 
0.046813 -0.276573 2.902311 0.374309 3.628491 4.510746 16.630845 5.912613 1.097713 4.388707 1.061595 0.935444 2.671889 3.533170 3.325851 4.910086 1.301730 2.003479 0.476639 3.181270 13.415219 
0.114438 -0.222606 2.979374 0.332064 3.845267 4.718072 17.938328 6.213178 1.184995 4.749803 1.126252 0.951726 2.887971 3.815321 3.575615 5.320748 1.393984 2.122085 0.610005 3.274146 14.179841 
0.190764 -0.159875 3.044748 0.282946 4.059463 4.915251 19.270576 6.504054 1.275459 5.118356 1.191984 0.963306 3.108159 4.102468 3.827941 5.739609 1.486597 2.239309 0.755151 3.353434 14.928419 
0.276003 -0.088293 3.098538 0.227082 4.271052 5.102269 20.627504 6.785293 1.369348 5.494264 1.259008 0.970301 3.332359 4.394466 4.082692 6.166354 1.579530 2.355179 0.912148 3.419153 15.660492 
0.370361 -0.007784 3.140862 0.164615 4.480016 5.279141 22.009024 7.056980 1.466907 5.877431 1.327545 0.972843 3.560477 4.691169 4.339739 6.600656 1.672752 2.469735 1.081061 3.471365 16.375640 
0.474035 0.081716 3.171855 0.095701 4.686351 5.445906 23.415040 7.319234 1.568390 6.267764 1.397814 0.971085 3.792415 4.992424 4.598956 7.042180 1.766239 2.583029 1.261950 3.510171 17.073496 
0.587216 0.180259 3.191666 0.020515 4.890065 5.602630 24.845454 7.572207 1.674059 6.665175 1.470038 0.965198 4.028074 5.298073 4.860226 7.490583 1.859971 2.695121 1.454865 3.535715 17.753738 
0.710090 0.287889 3.200456 -0.060755 5.091181 5.749407 26.300162 7.816086 1.784180 7.069581 1.544438 0.955375 4.267355 5.607955 5.123437 7.945511 1.953936 2.806083 1.659854 3.548181 18.416092 
0.842836 0.404635 3.198405 -0.147903 5.289731 5.886353 27.779056 8.051090 1.899027 7.480904 1.621239 0.941824 4.510153 5.921904 5.388481 8.406604 2.048129 2.916000 1.876955 3.547793 19.060330 
0.985623 0.530520 3.185705 -0.240710 5.485761 6.013615 29.282022 8.277473 2.018882 7.899070 1.700667 0.924775 4.756364 6.239748 5.655260 8.873489 2.142549 3.024964 2.106200 3.534816 19.686273 
1.138618 0.665551 3.162564 -0.338938 5.679332 6.131364 30.808941 8.495522 2.144033 8.324009 1.782948 0.904475 5.005883 6.561312 5.923679 9.345788 2.237205 3.133081 2.347617 3.509558 20.293789 
1.301977 0.809727 3.129203 -0.442337 5.870512 6.239798 32.359689 8.705555 2.274773 8.755656 1.868311 0.881191 5.258600 6.886415 6.193649 9.823111 2.332109 3.240467 2.601225 3.472365 20.882793 
1.475852 0.963035 3.085861 -0.550638 6.059388 6.339140 33.934139 8.907929 2.411404 9.193951 1.956984 0.855211 5.514405 7.214872 6.465090 10.305062 2.427282 3.347247 2.867037 3.423626 21.453249 
1.660388 1.125452 3.032788 -0.663560 6.246055 6.429641 35.532157 9.103030 2.554234 9.638839 2.049197 0.826838 5.773187 7.546493 6.737925 10.791234 2.522748 3.453559 3.145060 3.363769 22.005166 
1.855722 1.296942 2.970252 -0.780802 6.430622 6.511577 37.153605 9.291279 2.703578 10.090268 2.145184 0.796398 6.034831 7.881084 7.012085 11.281211 2.618541 3.559551 3.435295 3.293266 22.538602 
2.061986 1.477459 2.898533 -0.902050 6.613211 6.585251 38.798339 9.473130 2.859757 10.548192 2.245176 0.764233 6.299221 8.218447 7.287506 11.774568 2.714700 3.665382 3.737734 3.212626 23.053662 
2.279303 1.666947 2.817928 -1.026974 6.793955 6.650993 40.466211 9.649073 3.023101 11.012569 2.349409 0.730706 6.566240 8.558377 7.564129 12.270873 2.811270 3.771222 4.052366 3.122402 23.550498 
2.507791 1.865337 2.728747 -1.155228 6.973003 6.709158 42.157069 9.819628 3.193943 11.483361 2.458117 0.696199 6.835769 8.900665 7.841905 12.769683 2.908303 3.877251 4.379171 3.023187 24.029311 
2.747561 2.072551 2.631317 -1.286452 7.150512 6.760127 43.870755 9.985351 3.372627 11.960536 2.571537 0.661111 7.107685 9.245100 8.120786 13.270547 3.005857 3.983661 4.718124 2.915613 24.490347 
2.998718 2.288499 2.525976 -1.420266 7.326654 6.804309 45.607105 10.146831 3.559501 12.444066 2.689908 0.625863 7.381865 9.591462 8.400734 13.773005 3.103996 4.090654 5.069192 2.800355 24.933901 
3.261357 2.513079 2.413081 -1.556280 7.501615 6.842138 47.365952 10.304691 3.754920 12.933927 2.813469 0.590893 7.658184 9.939531 8.681716 14.276586 3.202791 4.198444 5.432338 2.678129 25.360316 
3.535572 2.746180 2.293001 -1.694083 7.675591 6.874076 49.147123 10.459586 3.959248 13.430101 2.942460 0.556658 7.936515 10.289078 8.963703 14.780814 3.302319 4.307253 5.807515 2.549691 25.769981 
3.821444 2.987678 2.166121 -1.833253 7.848791 6.900608 50.950441 10.612206 4.172852 13.932572 3.077123 0.523637 8.216729 10.639872 9.246675 15.285200 3.402665 4.417317 6.194672 2.415837 26.163332 
4.119051 3.237440 2.032840 -1.973348 8.021438 6.922248 52.775724 10.763274 4.396109 14.441331 3.217702 0.492323 8.498696 10.991677 9.530617 15.789249 3.503918 4.528881 6.593751 2.277407 26.540854 
4.428464 3.495320 1.893572 -2.113914 8.193766 6.939537 54.622783 10.913547 4.629402 14.956372 3.364441 0.463233 8.782281 11.344252 9.815520 16.292456 3.606174 4.642203 7.004688 2.135279 26.903080 
4.749747 3.761163 1.748747 -2.254480 8.366022 6.953039 56.491426 11.063815 4.873119 15.477696 3.517586 0.436901 9.067351 11.697352 10.101380 16.794307 3.709537 4.757548 7.427411 1.990372 27.250587 
5.082956 4.034801 1.598806 -2.394557 8.538466 6.963348 58.381457 11.214903 5.127658 16.005306 3.677383 0.413878 9.353770 12.050725 10.388200 17.294279 3.814115 4.875195 7.861844 1.843648 27.584003 
5.428142 4.316056 1.444210 -2.533645 8.711371 6.971081 60.292672 11.367666 5.393422 16.539210 3.844080 0.394738 9.641398 12.404116 10.675990 17.791839 3.920025 4.995433 8.307901 1.696108 27.904002 
5.785349 4.604738 1.285431 -2.671224 8.885021 6.976884 62.224866 11.522997 5.670819 17.079422 4.017928 0.380071 9.930096 12.757268 10.964764 18.286447 4.027388 5.118562 8.765492 1.548794 28.211305 
6.154612 4.900649 1.122956 -2.806761 9.059713 6.981427 64.177826 11.681820 5.960267 17.625958 4.199177 0.370488 10.219721 13.109914 11.254545 18.777554 4.136333 5.244892 9.234521 1.402790 28.506681 
6.535963 5.203576 0.957289 -2.939706 9.235758 6.985409 66.151334 11.845093 6.262190 18.178843 4.388078 0.366618 10.510130 13.461786 11.545359 19.264599 4.246995 5.374745 9.714883 1.259219 28.790946 
6.929425 5.513297 0.788947 -3.069494 9.413478 6.989552 68.145170 12.013808 6.577017 18.738102 4.584886 0.369110 10.801176 13.812610 11.837240 19.747017 4.359514 5.508452 10.206470 1.119248 29.064964 
7.335014 5.829579 0.618462 -3.195544 9.593208 6.994608 70.159106 12.188989 6.905185 19.303767 4.789854 0.378629 11.092712 14.162109 12.130226 20.224229 4.474038 5.646358 10.709164 0.984082 29.329646 
7.752740 6.152178 0.446380 -3.317259 9.775295 7.001353 72.192911 12.371697 7.247138 19.875873 5.003239 0.395865 11.384588 14.509998 12.424364 20.695651 4.590721 5.788815 11.222842 0.854968 29.585950 
8.182607 6.480839 0.273264 -3.434027 9.960101 7.010588 74.246348 12.563023 7.603327 20.454462 5.225297 0.421520 11.676652 14.855991 12.719706 21.160687 4.709724 5.936188 11.747375 0.733193 29.834883 
8.624610 6.815295 0.099690 -3.545221 10.147998 7.023144 76.319176 12.764092 7.974209 21.039579 5.456288 0.456322 11.968752 15.199796 13.016308 21.618734 4.831214 6.088854 12.282627 0.620087 30.077497 
9.078741 7.155269 -0.073751 -3.650196 10.339370 7.039875 78.411149 12.976066 8.360248 21.631273 5.696469 0.501012 12.260731 15.541115 13.314234 22.069180 4.955363 6.247197 12.828456 0.517019 30.314895 
9.544980 7.500472 -0.246454 -3.748293 10.534617 7.061663 80.522014 13.200136 8.761914 22.229599 5.946103 0.556353 12.552434 15.879646 13.613555 22.511402 5.082350 6.411616 13.384712 0.425399 30.548222 
10.023306 7.850605 -0.417797 -3.838838 10.734148 7.089417 82.651516 13.437530 9.179686 22.834616 6.205451 0.623128 12.843700 16.215085 13.914345 22.944772 5.212363 6.582519 13.951241 0.346679 30.778677 
10.513687 8.205359 -0.587146 -3.921139 10.938386 7.124070 84.799393 13.689507 9.614049 23.446387 6.474777 0.702138 13.134368 16.547119 14.216688 23.368648 5.345593 6.760324 14.527880 0.282351 31.007500 
11.016087 8.564411 -0.753850 -3.994491 11.147767 7.166582 86.965380 13.957362 10.065492 24.064980 6.754345 0.794201 13.424277 16.875433 14.520671 23.782383 5.482239 6.945461 15.114461 0.233948 31.235983 
11.530461 8.927428 -0.917243 -4.058171 11.362740 7.217942 89.149206 14.242421 10.534515 24.690469 7.044422 0.900158 13.713261 17.199707 14.826387 24.185320 5.622506 7.138371 15.710809 0.203044 31.465464 
12.056759 9.294069 -1.076648 -4.111442 11.583764 7.279161 91.350594 14.546047 11.021622 25.322929 7.345274 1.020865 14.001153 17.519616 15.133937 24.576792 5.766605 7.339504 16.316743 0.191255 31.697327 
12.594923 9.663977 -1.231368 -4.153551 11.811313 7.351280 93.569264 14.869632 11.527324 25.962444 7.657170 1.157201 14.287786 17.834830 15.443428 24.956124 5.914755 7.549324 16.932075 0.200234 31.933006 
13.144889 10.036789 -1.380696 -4.183728 12.045873 7.435364 95.804929 15.214605 12.052140 26.609100 7.980379 1.310061 14.572989 18.145016 15.754971 25.322632 6.067180 7.768303 17.556610 0.231681 32.173980 
13.706587 10.412126 -1.523907 -4.201189 12.287942 7.532505 98.057300 15.582428 12.596596 27.262988 8.315173 1.480361 14.856590 18.449834 16.068685 25.675623 6.224109 7.996924 18.190149 0.287331 32.421778 
14.279939 10.789602 -1.660262 -4.205134 12.538031 7.643822 100.326081 15.974596 13.161223 27.924202 8.661824 1.669035 15.138414 18.748941 16.384693 26.014394 6.385782 8.235683 18.832482 0.368963 32.677973 
14.864861 11.168818 -1.789008 -4.194746 12.796663 7.770459 102.610972 16.392638 13.746559 28.592845 9.020605 1.877036 15.418287 19.041989 16.703128 26.338235 6.552440 8.485085 19.483398 0.478398 32.944189 
15.461261 11.549365 -1.909377 -4.169194 13.064375 7.913587 104.911666 16.838116 14.353151 29.269019 9.391791 2.105336 15.696029 19.328625 17.024124 26.646426 6.724333 8.745646 20.142675 0.617494 33.222095 
16.069043 11.930822 -2.020586 -4.127631 13.341715 8.074404 107.227853 17.312626 14.981550 29.952836 9.775658 2.354928 15.971462 19.608491 17.347824 26.938237 6.901719 9.017894 20.810087 0.788153 33.513408 
16.688101 12.312757 -2.121838 -4.069193 13.629245 8.254133 109.559219 17.817797 15.632316 30.644408 10.172483 2.626821 16.244403 19.881225 17.674378 27.212931 7.084859 9.302366 21.485400 0.992318 33.819893 
17.318324 12.694728 -2.212319 -3.993002 13.927537 8.454024 111.905443 18.355293 16.306015 31.343854 10.582545 2.922046 16.514669 20.146461 18.003940 27.469760 7.274022 9.599612 22.168374 1.231970 34.143362 
17.959594 13.076281 -2.291203 -3.898164 14.237179 8.675353 114.266201 18.926809 17.003219 32.051298 11.006124 3.241650 16.782076 20.403826 18.336670 27.707970 7.469485 9.910190 22.858765 1.509134 34.485673 
18.611788 13.456952 -2.357648 -3.783768 14.558769 8.919424 116.641161 19.534077 17.724507 32.766867 11.443501 3.586702 17.046435 20.652946 18.672736 27.926795 7.671528 10.234672 23.556318 1.825875 34.848735 
19.274773 13.836264 -2.410797 -3.648889 14.892918 9.187564 119.029989 20.178859 18.470467 33.490693 11.894958 3.958288 17.307558 20.893438 19.012310 28.125461 7.880440 10.573638 24.260774 2.184297 35.234501 
19.948411 14.213732 -2.449778 -3.492585 15.240251 9.481129 121.432346 20.862954 19.241690 34.222913 12.360778 4.357515 17.565253 21.124918 19.355571 28.303186 8.096515 10.927681 24.971868 2.586547 35.644974 
20.632557 14.588857 -2.473706 -3.313900 15.601404 9.801500 123.847886 21.588191 20.038776 34.963669 12.841248 4.785506 17.819329 21.346995 19.702705 28.459178 8.320055 11.297404 25.689328 3.034814 36.082201 
21.327061 14.961131 -2.481680 -3.111861 15.977025 10.150086 126.276261 22.356436 20.862333 35.713107 13.336652 5.243407 18.069589 21.559275 20.053902 28.592637 8.551367 11.683420 26.412875 3.531324 36.548279 
22.031763 15.330034 -2.472783 -2.885479 16.367778 10.528319 128.717115 23.169586 21.712973 36.471377 13.847278 5.732380 18.315838 21.761358 20.409359 28.702753 8.790764 12.086355 27.142224 4.078347 37.045353 
22.746499 15.695035 -2.446086 -2.633750 16.774335 10.937662 131.170088 24.029573 22.591317 37.238635 14.373414 6.253607 18.557877 21.952840 20.769281 28.788707 9.038567 12.506842 27.877083 4.678193 37.575614 
23.471097 16.055593 -2.400642 -2.355655 17.197383 11.379599 133.634817 24.938362 23.497991 38.015041 14.915352 6.808289 18.795506 22.133312 21.133875 28.849672 9.295102 12.945530 28.617154 5.333213 38.141300 
24.205379 16.411154 -2.335493 -2.050157 17.637623 11.855644 136.110933 25.897951 24.433629 38.800758 15.473381 7.397647 19.028522 22.302362 21.503358 28.884811 9.560702 13.403075 29.362133 6.045799 38.744698 
24.949158 16.761155 -2.249664 -1.716207 18.095765 12.367337 138.598060 26.910374 25.398872 39.595955 16.047795 8.022920 19.256721 22.459570 21.877951 28.893280 9.835707 13.880144 30.111708 6.818383 39.388141 
25.702244 17.105021 -2.142164 -1.352738 18.572534 12.916243 141.095820 27.977695 26.394368 40.400808 16.638887 8.685366 19.479898 22.604514 22.257881 28.874223 10.120461 14.377417 30.865561 7.653438 40.074011 
26.464438 17.442166 -2.011991 -0.958666 19.068668 13.503955 143.603829 29.102014 27.420769 41.215492 17.246952 9.386263 19.697844 22.736766 22.643382 28.826778 10.415318 14.895584 31.623369 8.553480 40.804735 
27.235534 17.771993 -1.858124 -0.532894 19.584915 14.132089 146.121697 30.285464 28.478736 42.040192 17.872287 10.126907 19.910350 22.855896 23.034693 28.750072 10.720636 15.435344 32.384802 9.521064 41.582789 
28.015320 18.093895 -1.679530 -0.074308 20.122038 14.802291 148.649032 31.530212 29.568939 42.875095 18.515188 10.908614 20.117204 22.961465 23.432061 28.643224 11.036779 15.997408 33.149521 10.558785 42.410697 
28.803578 18.407252 -1.475161 0.418221 20.680811 15.516231 151.185433 32.838457 30.692050 43.720392 19.175955 11.732718 20.318193 23.053032 23.835737 28.505344 11.364119 16.582500 33.917184 11.669281 43.291029 
29.600082 18.711434 -1.243953 0.945838 21.262022 16.275607 153.730498 34.212434 31.848751 44.576279 19.854888 12.600572 20.513101 23.130152 24.245978 28.335532 11.703034 17.191352 34.687440 12.855230 44.226404 
30.404599 19.005801 -0.984829 1.509705 21.866470 17.082143 156.283817 35.654409 33.039730 45.442959 20.552287 13.513551 20.701711 23.192374 24.663050 28.132881 12.053907 17.824707 35.459934 14.119350 45.219487 
31.216891 19.289700 -0.696695 2.110998 22.494969 17.937587 158.844977 37.166683 34.265681 46.320636 21.268457 14.473045 20.883804 23.239242 25.087221 27.896474 12.417129 18.483320 36.234301 15.464403 46.272990 
32.036711 19.562469 -0.378444 2.750908 23.148341 18.843716 161.413560 38.751591 35.527307 47.209521 22.003700 15.480465 21.059158 23.270296 25.518767 27.625384 12.793097 19.167957 37.010173 16.893187 47.389675 
32.863808 19.823433 -0.028955 3.430643 23.827426 19.802332 163.989142 40.411500 36.825316 48.109829 22.758321 16.537242 21.227552 23.285072 25.957972 27.318677 13.182215 19.879394 37.787173 18.408545 48.572348 
33.697922 20.071908 0.352911 4.151428 24.533073 20.815264 166.571295 42.148812 38.160422 49.021779 23.532627 17.644823 21.388760 23.283101 26.405122 26.975408 13.584891 20.618418 38.564919 20.013359 49.823865 
34.538787 20.307197 0.768305 4.914501 25.266145 21.884367 169.159586 43.965962 39.533348 49.945595 24.326926 18.804678 21.542555 23.263907 26.860512 26.594626 14.001541 21.385826 39.343022 21.710552 51.147129 
35.386131 20.528594 1.218393 5.721116 26.027516 23.011523 171.753576 45.865419 40.944822 50.881506 25.141526 20.018294 21.688709 23.227013 27.324443 26.175367 14.432589 22.182428 40.121087 23.503089 52.545089 
36.239674 20.735379 1.704357 6.572545 26.818075 24.198638 174.352822 47.849684 42.395579 51.829744 25.976738 21.287176 21.826992 23.171935 27.797221 25.716661 14.878462 23.009043 40.898712 25.393975 54.020743 
37.099130 20.926825 2.227392 7.470074 27.638721 25.447646 176.956877 49.921294 43.886363 52.790548 26.832873 22.612849 21.957171 23.098186 28.279158 25.217529 15.339597 23.866501 41.675488 27.386255 55.577136 
37.964207 21.102191 2.788710 8.415004 28.490369 26.760509 179.565287 52.082818 45.417921 53.764159 27.710244 23.996859 22.079013 23.005272 28.770573 24.676982 15.816434 24.755643 42.451000 29.483017 57.217360 
38.834604 21.260725 3.389535 9.408652 29.373942 28.139212 182.177596 54.336858 46.991010 54.750826 28.609164 25.440768 22.192280 22.892697 29.271789 24.094022 16.309422 25.677323 43.224827 31.687388 58.944555 
