NaN NaN NaN NaN NaN NaN NaN NaN NaN NaN NaN NaN NaN NaN NaN NaN NaN NaN NaN NaN NaN NaN NaN NaN NaN NaN NaN NaN 
NaN NaN NaN NaN NaN NaN NaN NaN NaN NaN NaN NaN NaN NaN NaN NaN NaN NaN NaN NaN NaN NaN NaN NaN NaN NaN NaN NaN 
NaN NaN NaN NaN NaN NaN NaN NaN NaN NaN NaN NaN NaN NaN NaN NaN NaN NaN NaN NaN NaN NaN NaN NaN NaN NaN NaN NaN 
NaN NaN NaN NaN NaN NaN NaN NaN NaN NaN NaN NaN NaN NaN NaN NaN NaN NaN NaN NaN NaN NaN NaN NaN NaN NaN NaN NaN 
NaN NaN NaN NaN NaN NaN NaN NaN NaN NaN NaN NaN NaN NaN NaN NaN NaN NaN NaN NaN NaN NaN NaN NaN NaN NaN NaN NaN 
-4.093946 4.546151 9.309437 -6.338184 8.520406 -6.987218 -3.728899 14.949527 4.323380 1.564953 10.896070 -3.560942 3.579404 9.550080 -6.244445 3.262902 3.188503 15.898569 6.233449 -4.070756 7.056122 5.354458 -2.710321 1.234747 -0.912117 6.457700 4.957966 -0.151168 
-4.165531 4.489661 8.648107 -5.453210 8.037684 -5.633981 -4.026427 13.866739 4.108260 1.070799 9.858304 -3.194340 3.235426 8.776039 -6.023588 3.326165 3.066975 15.070047 4.685417 -3.529301 6.381388 5.545999 -2.773764 1.231030 -1.487926 6.067901 5.191419 0.184740 
-4.225349 4.425478 8.019686 -4.628464 7.575972 -4.372281 -4.296926 12.837982 3.902711 0.612931 8.876293 -2.848980 2.909542 8.038547 -5.804506 3.378539 2.951704 14.276431 3.249239 -3.015798 5.747207 5.712217 -2.827288 1.227338 -2.016292 5.688292 5.398087 0.502169 
-4.273804 4.354114 7.423164 -3.861762 7.134649 -3.198972 -4.541262 11.861612 3.706407 0.190051 7.948403 -2.524165 2.601244 7.336704 -5.587388 3.420458 2.842374 13.516660 1.920869 -2.529576 5.152170 5.854108 -2.871265 1.223601 -2.498958 5.318964 5.578965 0.801439 
-4.311292 4.276069 6.857543 -3.150951 6.713101 -2.110951 -4.760288 10.936004 3.519027 -0.199123 7.073022 -2.219209 2.310030 6.669615 -5.372412 3.452350 2.738675 12.789687 0.696322 -2.069972 4.594889 5.972655 -2.906061 1.219748 -2.937641 4.960000 5.735032 1.082869 
-4.338206 4.191836 6.321842 -2.493908 6.310726 -1.105162 -4.954847 10.059559 3.340256 -0.555853 6.248560 -1.933434 2.035405 6.036398 -5.159757 3.474633 2.640303 12.094484 -0.428328 -1.636333 4.073996 6.068825 -2.932040 1.215710 -3.334031 4.611482 5.867249 1.346776 
-4.354931 4.101895 5.815092 -1.888543 5.926928 -0.178593 -5.125770 9.230699 3.169782 -0.881383 5.473445 -1.666175 1.776879 5.436178 -4.949592 3.487720 2.546959 11.430034 -1.456945 -1.228012 3.588143 6.143567 -2.949559 1.211422 -3.689793 4.273482 5.976568 1.593475 
-4.361850 4.006717 5.336339 -1.332796 5.561122 0.671720 -5.273878 8.447871 3.007297 -1.176938 4.746128 -1.416777 1.533969 4.868087 -4.742086 3.492016 2.458352 10.795338 -2.393334 -0.844372 3.136004 6.197817 -2.958971 1.206815 -4.006567 3.946069 6.063920 1.823282 
-4.359337 3.906759 4.884642 -0.824637 5.212730 1.448698 -5.399980 7.709541 2.852501 -1.443723 4.065080 -1.184594 1.306199 4.331270 -4.537398 3.487918 2.374196 10.189411 -3.241242 -0.484783 2.716272 6.232494 -2.960624 1.201828 -4.285965 3.629305 6.130225 2.036510 
-4.347762 3.802472 4.459076 -0.362069 4.881183 2.155214 -5.504872 7.014202 2.705096 -1.682927 3.428792 -0.968993 1.093098 3.824878 -4.335687 3.475817 2.294212 9.611283 -4.004353 -0.148625 2.327661 6.248500 -2.954861 1.196395 -4.529575 3.323247 6.176387 2.233471 
-4.327492 3.694294 4.058730 0.056876 4.565922 2.794097 -5.589341 6.360368 2.564788 -1.895718 2.835775 -0.769351 0.894201 3.348072 -4.137105 3.456096 2.218125 9.060001 -4.686292 0.164714 1.968905 6.246724 -2.942021 1.190456 -4.738960 3.027946 6.203294 2.414475 
-4.298885 3.582653 3.682705 0.434134 4.266397 3.368129 -5.654164 5.746577 2.431291 -2.083247 2.284564 -0.585055 0.709051 2.900023 -3.941798 3.429132 2.145669 8.534625 -5.290624 0.455839 1.638759 6.228037 -2.922437 1.183951 -4.915653 2.743447 6.211819 2.579831 
-4.262295 3.467966 3.330119 0.771610 3.982064 3.880047 -5.700102 5.171388 2.304320 -2.246646 1.773711 -0.415503 0.537194 2.479907 -3.749910 3.395292 2.076583 8.034231 -5.820855 0.725346 1.335997 6.193295 -2.896439 1.176820 -5.061167 2.469790 6.202821 2.729847 
-4.218071 3.350639 3.000102 1.071178 3.712391 4.332544 -5.727909 4.633384 2.183597 -2.387027 1.301791 -0.260104 0.378186 2.086915 -3.561578 3.354938 2.010613 7.557911 -6.280429 0.973821 1.059414 6.143339 -2.864351 1.169006 -5.176985 2.207009 6.177145 2.864830 
-4.166556 3.231069 2.691799 1.334682 3.456853 4.728263 -5.738326 4.131172 2.068849 -2.505484 0.867399 -0.118277 0.231587 1.720241 -3.376936 3.308425 1.947508 7.104770 -6.672732 1.201845 0.807827 6.078992 -2.826491 1.160453 -5.264566 1.955133 6.135618 2.985084 
-4.108089 3.109641 2.404370 1.563933 3.214935 5.069807 -5.732084 3.663381 1.959805 -2.603094 0.469149 0.010548 0.096962 1.379092 -3.196110 3.256100 1.887028 6.673930 -7.001089 1.409987 0.580072 6.001064 -2.783175 1.151105 -5.325342 1.714184 6.079054 3.090913 
-4.043001 2.986731 2.136987 1.760713 2.986130 5.359729 -5.709901 3.228662 1.856202 -2.680913 0.105679 0.126931 -0.026114 1.062682 -3.019224 3.198301 1.828936 6.264529 -7.268764 1.598810 0.375005 5.910346 -2.734713 1.140911 -5.360720 1.484179 6.008252 3.182620 
-3.971620 2.862702 1.888839 1.926773 2.769939 5.600539 -5.672484 2.825689 1.757779 -2.739980 -0.224356 0.231419 -0.138063 0.770235 -2.846398 3.135363 1.773001 5.875718 -7.478964 1.768868 0.191503 5.807618 -2.681409 1.129817 -5.372082 1.265130 5.923995 3.260505 
-3.894268 2.737909 1.659126 2.063831 2.565874 5.794698 -5.620531 2.453162 1.664282 -2.781314 -0.522276 0.324551 -0.239301 0.500984 -2.677744 3.067610 1.719000 5.506664 -7.634832 1.920706 0.028464 5.693639 -2.623563 1.117773 -5.360783 1.057042 5.827053 3.324868 
-3.811262 2.612695 1.447066 2.173575 2.373454 5.944626 -5.554726 2.109799 1.575459 -2.805917 -0.789385 0.406854 -0.330234 0.254170 -2.513371 2.995359 1.666715 5.156549 -7.739454 2.054863 -0.115196 5.569156 -2.561471 1.104729 -5.328152 0.859916 5.718177 3.376007 
-3.722911 2.487392 1.251887 2.257664 2.192208 6.052693 -5.475742 1.794346 1.491066 -2.814769 -1.026963 0.478845 -0.411267 0.029042 -2.353383 2.918922 1.615934 4.824572 -7.795855 2.171866 -0.240537 5.434898 -2.495424 1.090639 -5.275493 0.673746 5.598107 3.414219 
-3.629522 2.362324 1.072834 2.317723 2.021672 6.121227 -5.384244 1.505568 1.410861 -2.808836 -1.236271 0.541031 -0.482795 -0.175138 -2.197880 2.838603 1.566453 4.509944 -7.807000 2.272236 -0.348601 5.291579 -2.425708 1.075455 -5.204084 0.498520 5.467567 3.439799 
-3.531395 2.237801 0.909165 2.355348 1.861393 6.152508 -5.280880 1.242254 1.334608 -2.789062 -1.418548 0.593906 -0.545209 -0.359104 -2.046956 2.754697 1.518071 4.211894 -7.775794 2.356486 -0.440410 5.139899 -2.352603 1.059132 -5.115177 0.334222 5.327265 3.453042 
-3.428824 2.114125 0.760153 2.372104 1.710926 6.148770 -5.166293 1.003217 1.262074 -2.756373 -1.575013 0.637955 -0.598891 -0.523577 -1.900701 2.667494 1.470596 3.929665 -7.705082 2.425119 -0.516964 4.980538 -2.276387 1.041627 -5.009998 0.180828 5.177894 3.454240 
-3.322100 1.991587 0.625085 2.369523 1.569834 6.112204 -5.041111 0.787292 1.193034 -2.711678 -1.706865 0.673652 -0.644220 -0.669272 -1.759198 2.577275 1.423841 3.662514 -7.597648 2.478632 -0.579244 4.814165 -2.197329 1.022896 -4.889748 0.038312 5.020134 3.443684 
-3.211506 1.870465 0.503262 2.349108 1.437689 6.044953 -4.905950 0.593337 1.127264 -2.655864 -1.815282 0.701462 -0.681568 -0.796893 -1.622529 2.484314 1.377625 3.409717 -7.456218 2.517510 -0.628209 4.641430 -2.115698 1.002900 -4.755602 -0.093362 4.854647 3.421665 
-3.097321 1.751030 0.393997 2.312331 1.314073 5.949114 -4.761418 0.420233 1.064548 -2.589803 -1.901420 0.721836 -0.711298 -0.907136 -1.490768 2.388880 1.331774 3.170560 -7.283457 2.542233 -0.664799 4.462969 -2.031755 0.981598 -4.608708 -0.214233 4.682082 3.388471 
-2.979818 1.633541 0.296622 2.260631 1.198576 5.826742 -4.608110 0.266884 1.004671 -2.514346 -1.966416 0.735216 -0.733772 -1.000688 -1.363986 2.291232 1.286120 2.944349 -7.081969 2.553271 -0.689933 4.279400 -1.945758 0.958953 -4.450190 -0.324345 4.503072 3.344389 
-2.859264 1.518245 0.210478 2.195420 1.090796 5.679841 -4.446609 0.132218 0.947426 -2.430326 -2.011385 0.742035 -0.749340 -1.078227 -1.242248 2.191623 1.240500 2.730401 -6.854299 2.551086 -0.704510 4.091329 -1.857958 0.934926 -4.281144 -0.423751 4.318236 3.289705 
-2.735923 1.405381 0.134924 2.118074 0.990342 5.510374 -4.277487 0.015182 0.892610 -2.338557 -2.037423 0.742713 -0.758351 -1.140422 -1.125615 2.090298 1.194758 2.528052 -6.602933 2.536133 -0.709408 3.899342 -1.768603 0.909484 -4.102643 -0.512507 4.128178 3.224704 
-2.610052 1.295176 0.069331 2.029942 0.896829 5.320256 -4.101307 -0.085249 0.840023 -2.239834 -2.045604 0.737661 -0.761144 -1.187933 -1.014142 1.987495 1.148744 2.336650 -6.330294 2.508855 -0.705485 3.704012 -1.677936 0.882592 -3.915732 -0.590674 3.933486 3.149669 
-2.481902 1.187846 0.013085 1.932340 0.809883 5.111357 -3.918618 -0.170079 0.789472 -2.134936 -2.036981 0.727277 -0.758053 -1.221411 -0.907881 1.883447 1.102316 2.155560 -6.038749 2.469691 -0.693579 3.505896 -1.586196 0.854216 -3.721431 -0.658322 3.734732 3.064881 
-2.351720 1.083597 -0.034413 1.826554 0.729139 4.885501 -3.729959 -0.240292 0.740766 -2.024620 -2.012587 0.711950 -0.749407 -1.241498 -0.806879 1.778376 1.055334 1.984162 -5.730601 2.419070 -0.674507 3.305534 -1.493615 0.824327 -3.520734 -0.715523 3.532477 2.970621 
-2.219746 0.982626 -0.073750 1.713838 0.654238 4.644466 -3.535857 -0.296844 0.693721 -1.909626 -1.973435 0.692059 -0.735528 -1.248827 -0.711175 1.672499 1.007670 1.821851 -5.408096 2.357410 -0.649066 3.103451 -1.400422 0.792893 -3.314609 -0.762357 3.327263 2.867169 
-2.086216 0.885116 -0.105497 1.595417 0.584833 4.389986 -3.336829 -0.340673 0.648157 -1.790675 -1.920516 0.667972 -0.716731 -1.244023 -0.620808 1.566025 0.959196 1.668037 -5.073418 2.285124 -0.618032 2.900156 -1.306840 0.759886 -3.104000 -0.798909 3.119618 2.754801 
-1.951360 0.791242 -0.130212 1.472481 0.520583 4.123748 -3.133380 -0.372689 0.603899 -1.668469 -1.854802 0.640045 -0.693325 -1.227701 -0.535809 1.459156 0.909794 1.522146 -4.728692 2.202617 -0.582161 2.696143 -1.213088 0.725279 -2.889821 -0.825270 2.910056 2.633794 
-1.815403 0.701169 -0.148438 1.346194 0.461159 3.847394 -2.926003 -0.393784 0.560776 -1.543692 -1.777241 0.608625 -0.665615 -1.200467 -0.456204 1.352088 0.859352 1.383617 -4.375983 2.110282 -0.542189 2.491890 -1.119381 0.689046 -2.672966 -0.841535 2.699076 2.504423 
-1.678565 0.615048 -0.160704 1.217686 0.406239 3.562519 -2.715181 -0.404824 0.518621 -1.417009 -1.688765 0.574046 -0.633896 -1.162918 -0.382017 1.245007 0.807763 1.251906 -4.017295 2.008508 -0.498831 2.287858 -1.025928 0.651163 -2.454298 -0.847807 2.487160 2.366961 
-1.541058 0.533024 -0.167525 1.088057 0.355508 3.270674 -2.501385 -0.406654 0.477274 -1.289066 -1.590281 0.536635 -0.598460 -1.115643 -0.313264 1.138095 0.754927 1.126485 -3.654574 1.897672 -0.452782 2.084493 -0.932933 0.611606 -2.234656 -0.844193 2.274777 2.221681 
-1.403093 0.455228 -0.169401 0.958375 0.308664 2.973364 -2.285076 -0.400093 0.436578 -1.160490 -1.482679 0.496705 -0.559591 -1.059221 -0.249959 1.031523 0.700749 1.006840 -3.289703 1.778144 -0.404716 1.882226 -0.840597 0.570354 -2.014856 -0.830807 2.062381 2.068853 
-1.264871 0.381781 -0.166820 0.829678 0.265410 2.672047 -2.066701 -0.385941 0.396380 -1.031892 -1.366825 0.454559 -0.517568 -0.994223 -0.192108 0.925458 0.645141 0.892471 -2.924509 1.650287 -0.355287 1.681472 -0.749113 0.527387 -1.795683 -0.807768 1.850409 1.908747 
-1.126592 0.312796 -0.160254 0.702973 0.225460 2.368138 -1.846698 -0.364972 0.356535 -0.903861 -1.243566 0.410492 -0.472663 -0.921210 -0.139714 0.820059 0.588022 0.782895 -2.560754 1.514453 -0.305130 1.482628 -0.658672 0.482685 -1.577900 -0.775200 1.639286 1.741632 
-0.988446 0.248371 -0.150161 0.579236 0.188535 2.063004 -1.625494 -0.337938 0.316898 -0.776968 -1.113729 0.364785 -0.425142 -0.840735 -0.092777 0.715476 0.529316 0.677644 -2.200145 1.370989 -0.254856 1.286079 -0.569460 0.436232 -1.362243 -0.733234 1.429419 1.567773 
-0.850622 0.188598 -0.136984 0.459411 0.154368 1.757967 -1.403504 -0.305571 0.277333 -0.651767 -0.978120 0.317710 -0.375265 -0.753341 -0.051289 0.611855 0.468953 0.576265 -1.844325 1.220230 -0.205060 1.092192 -0.481658 0.388010 -1.149423 -0.682005 1.221202 1.387436 
-0.713301 0.133555 -0.121155 0.344412 0.122697 1.454304 -1.181131 -0.268574 0.237705 -0.528793 -0.837522 0.269527 -0.323285 -0.659563 -0.015238 0.509330 0.406870 0.478319 -1.494880 1.062506 -0.156313 0.901318 -0.395440 0.338005 -0.940123 -0.621656 1.015012 1.200885 
-0.576660 0.083311 -0.103089 0.235123 0.093271 1.153245 -0.958768 -0.227633 0.197887 -0.408560 -0.692700 0.220488 -0.269450 -0.559927 0.015392 0.408033 0.343010 0.383384 -1.153333 0.898136 -0.109167 0.713793 -0.310978 0.286203 -0.735003 -0.552333 0.811215 1.008382 
-0.440868 0.037925 -0.083187 0.132394 0.065847 0.855976 -0.736796 -0.183407 0.157755 -0.291566 -0.544397 0.170832 -0.214002 -0.454950 0.040621 0.308086 0.277322 0.291052 -0.821150 0.727431 -0.064155 0.529937 -0.228439 0.232593 -0.534696 -0.474190 0.610157 0.810190 
-0.306092 -0.002556 -0.061837 0.037048 0.040192 0.563637 -0.515584 -0.136535 0.117189 -0.178289 -0.393337 0.120787 -0.157175 -0.345139 0.060476 0.209603 0.209762 0.200930 -0.499735 0.550695 -0.021788 0.350054 -0.147983 0.177164 -0.339808 -0.387385 0.412171 0.606567 
-0.172491 -0.038095 -0.039412 -0.050127 0.016081 0.277321 -0.295492 -0.087632 0.076076 -0.069189 -0.240221 0.070573 -0.099198 -0.230992 0.074987 0.112692 0.140290 0.112643 -0.190433 0.368224 0.017444 0.174433 -0.069768 0.119906 -0.150921 -0.292082 0.217577 0.397773 
-0.040221 -0.068665 -0.016271 -0.128371 -0.006703 -0.001923 -0.076868 -0.037288 0.034305 0.035293 -0.085731 0.020397 -0.040293 -0.113001 0.084191 0.017455 0.068874 0.025826 0.105472 0.180303 0.053070 0.003346 0.006055 0.060812 0.031410 -0.188452 0.026678 0.184064 
0.090570 -0.094250 0.007241 -0.196957 -0.028368 -0.273093 0.139954 0.013926 -0.008228 0.134735 0.069473 -0.029544 0.019322 0.008354 0.088127 -0.076016 -0.004511 -0.059866 0.386755 -0.012789 0.084640 -0.162949 0.079338 -0.000125 0.206655 -0.076670 -0.160239 -0.034304 
0.219737 -0.114845 0.030793 -0.255187 -0.049111 -0.535231 0.354647 0.065466 -0.051625 0.228734 0.224750 -0.079063 0.079438 0.132602 0.086841 -0.167635 -0.079887 -0.144765 0.652252 -0.210781 0.111724 -0.324211 0.149940 -0.062911 0.374310 0.043083 -0.342900 -0.257076 
0.347142 -0.130455 0.054069 -0.302395 -0.069123 -0.787427 0.566899 0.116807 -0.095980 0.316903 0.379480 -0.127985 0.139850 0.259278 0.080383 -0.257323 -0.157267 -0.229188 0.900858 -0.413414 0.133913 -0.480215 0.217722 -0.127548 0.533897 0.170619 -0.521046 -0.484000 
0.472652 -0.141096 0.076767 -0.337947 -0.088584 -1.028814 0.776406 0.167450 -0.141384 0.398878 0.533067 -0.176145 0.200361 0.387930 0.068807 -0.345007 -0.236658 -0.313436 1.131529 -0.620433 0.150819 -0.630752 0.282552 -0.194040 0.684964 0.305746 -0.694435 -0.714823 
0.596138 -0.146793 0.098597 -0.361238 -0.107668 -1.258572 0.982877 0.216917 -0.187924 0.474309 0.684930 -0.223388 0.260780 0.518112 0.052174 -0.430625 -0.318063 -0.397796 1.343280 -0.831593 0.162071 -0.775626 0.344302 -0.262387 0.827084 0.448265 -0.862839 -0.949296 
0.717480 -0.147584 0.119286 -0.371695 -0.126537 -1.475927 1.186033 0.264754 -0.235682 0.542869 0.834513 -0.269570 0.320920 0.649387 0.030547 -0.514118 -0.401476 -0.482537 1.535186 -1.046659 0.167323 -0.914661 0.402849 -0.332590 0.959856 0.597973 -1.026044 -1.187169 
0.836559 -0.143516 0.138574 -0.368777 -0.145345 -1.680151 1.385606 0.310530 -0.284733 0.604246 0.981280 -0.314559 0.380602 0.781330 0.003996 -0.595437 -0.486887 -0.567917 1.706384 -1.265402 0.166246 -1.047693 0.458074 -0.404645 1.082907 0.754660 -1.183851 -1.428195 
0.953264 -0.134647 0.156216 -0.351972 -0.164240 -1.870559 1.581336 0.353836 -0.335152 0.658150 1.124714 -0.358231 0.439654 0.913520 -0.027405 -0.674539 -0.574279 -0.654174 1.856069 -1.487601 0.158534 -1.174576 0.509864 -0.478552 1.195885 0.918111 -1.336079 -1.672128 
1.067489 -0.121046 0.171979 -0.320799 -0.183357 -2.046515 1.772979 0.394286 -0.387004 0.704306 1.264319 -0.400475 0.497908 1.045550 -0.063577 -0.751389 -0.663628 -0.741536 1.983497 -1.713047 0.143898 -1.295180 0.558109 -0.554304 1.298470 1.088104 -1.482558 -1.918723 
1.179134 -0.102791 0.185647 -0.274811 -0.202825 -2.207426 1.960300 0.431518 -0.440353 0.742462 1.399622 -0.441190 0.555204 1.177019 -0.104436 -0.825959 -0.754905 -0.830212 2.087982 -1.941535 0.122074 -1.409388 0.602707 -0.631896 1.390362 1.264413 -1.623135 -2.167736 
1.288102 -0.079972 0.197017 -0.213589 -0.222763 -2.352746 2.143074 0.465192 -0.495256 0.772380 1.530168 -0.480285 0.611388 1.307535 -0.149894 -0.898228 -0.848075 -0.920397 2.168901 -2.172872 0.092814 -1.517103 0.643557 -0.711320 1.471290 1.446806 -1.757673 -2.418925 
1.394304 -0.052690 0.205898 -0.136745 -0.243282 -2.481975 2.321089 0.494991 -0.551768 0.793845 1.655524 -0.517680 0.666311 1.436716 -0.199858 -0.968182 -0.943096 -1.012271 2.225689 -2.406870 0.055892 -1.618239 0.680565 -0.792569 1.541008 1.635044 -1.886048 -2.672051 
1.497655 -0.021054 0.212117 -0.043923 -0.264484 -2.594657 2.494145 0.520621 -0.609938 0.806657 1.775277 -0.553307 0.719831 1.564188 -0.254229 -1.035815 -1.039920 -1.105999 2.257843 -2.643351 0.011104 -1.712730 0.713642 -0.875632 1.599297 1.828884 -2.008152 -2.926872 
1.598075 0.014813 0.215512 0.065201 -0.286461 -2.690384 2.662051 0.541811 -0.669808 0.810638 1.889036 -0.587106 0.771813 1.689588 -0.312904 -1.101128 -1.138493 -1.201729 2.264916 -2.882147 -0.041736 -1.800523 0.742702 -0.960498 1.645961 2.028077 -2.123892 -3.183152 
1.695492 0.054780 0.215937 0.190922 -0.309298 -2.768792 2.824629 0.558314 -0.731419 0.805625 1.996429 -0.619030 0.822126 1.812559 -0.375776 -1.164129 -1.238755 -1.299597 2.246526 -3.123096 -0.102792 -1.881581 0.767665 -1.047154 1.680833 2.232367 -2.233190 -3.440653 
1.789836 0.098704 0.213260 0.333504 -0.333070 -2.829562 2.981711 0.569903 -0.794804 0.791477 2.097105 -0.649041 0.870648 1.932755 -0.442733 -1.224832 -1.340639 -1.399721 2.202348 -3.366044 -0.172208 -1.955886 0.788457 -1.135586 1.703770 2.441494 -2.335982 -3.699141 
1.881044 0.146433 0.207363 0.493178 -0.357844 -2.872423 3.133142 0.576377 -0.859995 0.768070 2.190735 -0.677113 0.917261 2.049839 -0.513655 -1.283262 -1.444072 -1.502206 2.132118 -3.610848 -0.250109 -2.023431 0.805006 -1.225779 1.714654 2.655192 -2.432221 -3.958382 
1.969060 0.197803 0.198140 0.670146 -0.383677 -2.897146 3.278776 0.577556 -0.927016 0.735299 2.277010 -0.703230 0.961854 2.163481 -0.588422 -1.339448 -1.548977 -1.607140 2.035631 -3.857370 -0.336598 -2.084227 0.817246 -1.317715 1.713395 2.873188 -2.521873 -4.218142 
2.053829 0.252640 0.185504 0.864578 -0.410618 -2.903553 3.418479 0.573284 -0.995889 0.693077 2.355640 -0.727386 1.004322 2.273362 -0.666907 -1.393427 -1.655268 -1.714596 1.912743 -4.105484 -0.431757 -2.138302 0.825118 -1.411377 1.699928 3.095206 -2.604921 -4.478192 
2.135306 0.310759 0.169377 1.076613 -0.438708 -2.891506 3.552130 0.563428 -1.066628 0.641338 2.426358 -0.749588 1.044566 2.379171 -0.748977 -1.445242 -1.762853 -1.824633 1.763369 -4.355070 -0.535650 -2.185698 0.828563 -1.506744 1.674213 3.320960 -2.681361 -4.738300 
2.213450 0.371965 0.149699 1.306360 -0.467977 -2.860916 3.679617 0.547877 -1.139245 0.580031 2.488918 -0.769850 1.082495 2.480606 -0.834496 -1.494947 -1.871636 -1.937294 1.587487 -4.606016 -0.648318 -2.226473 0.827532 -1.603796 1.636236 3.550164 -2.751206 -4.998239 
2.288223 0.436052 0.126422 1.553897 -0.498449 -2.811739 3.800840 0.526542 -1.213747 0.509127 2.543091 -0.788200 1.118022 2.577375 -0.923322 -1.542599 -1.981513 -2.052607 1.385131 -4.858220 -0.769784 -2.260701 0.821978 -1.702511 1.586010 3.782521 -2.814482 -5.257782 
2.359595 0.502805 0.099513 1.819269 -0.530137 -2.743977 3.915712 0.499360 -1.290135 0.428614 2.588673 -0.804675 1.151067 2.669194 -1.015309 -1.588265 -2.092374 -2.170585 1.156397 -5.111587 -0.900049 -2.288473 0.811858 -1.802864 1.523572 4.017731 -2.871231 -5.516703 
2.427541 0.571995 0.068953 2.102492 -0.563046 -2.657676 4.024153 0.466289 -1.368407 0.338498 2.625479 -0.819324 1.181555 2.755786 -1.110307 -1.632019 -2.204104 -2.291226 0.901441 -5.366031 -1.039094 -2.309893 0.797135 -1.904831 1.448986 4.255489 -2.921510 -5.774778 
2.492041 0.643386 0.034736 2.403551 -0.597171 -2.552929 4.126099 0.427309 -1.448554 0.238806 2.653343 -0.832203 1.209420 2.836888 -1.208158 -1.673940 -2.316581 -2.414511 0.620478 -5.621475 -1.186880 -2.325083 0.777778 -2.008384 1.362342 4.495483 -2.965391 -6.031783 
2.553080 0.716730 -0.003127 2.722399 -0.632501 -2.429874 4.221495 0.382425 -1.530566 0.129581 2.672122 -0.843384 1.234600 2.912241 -1.308703 -1.714116 -2.429676 -2.540408 0.313786 -5.877849 -1.343346 -2.334180 0.753759 -2.113497 1.263755 4.737395 -3.002962 -6.287498 
2.610649 0.791767 -0.044613 3.058958 -0.669014 -2.288697 4.310296 0.331664 -1.614424 0.010887 2.681693 -0.852946 1.257040 2.981598 -1.411776 -1.752644 -2.543254 -2.668869 -0.018302 -6.135092 -1.508414 -2.337337 0.725054 -2.220140 1.153366 4.980903 -3.034323 -6.541701 
2.664744 0.868230 -0.089685 3.413119 -0.706679 -2.129625 4.392471 0.275075 -1.700108 -0.117194 2.681954 -0.860979 1.276690 3.044718 -1.517206 -1.789624 -2.657176 -2.799832 -0.375387 -6.393151 -1.681982 -2.334722 0.691647 -2.328282 1.031342 5.225677 -3.059593 -6.794175 
2.715367 0.945838 -0.138291 3.784745 -0.745457 -1.952935 4.467998 0.212731 -1.787590 -0.254563 2.672822 -0.867586 1.293509 3.101374 -1.624818 -1.825167 -2.771295 -2.933216 -0.757016 -6.651983 -1.863929 -2.326521 0.653524 -2.437891 0.897876 5.471384 -3.078903 -7.044702 
2.762525 1.024301 -0.190364 4.173663 -0.785301 -1.758948 4.536868 0.144728 -1.876840 -0.401100 2.654237 -0.872877 1.307458 3.151341 -1.734433 -1.859389 -2.885458 -3.068930 -1.162671 -6.911551 -2.054114 -2.312932 0.610676 -2.548934 0.753186 5.717683 -3.092401 -7.293065 
2.806231 1.103318 -0.245825 4.579672 -0.826154 -1.548030 4.599083 0.071185 -1.967822 -0.556669 2.626159 -0.876975 1.318509 3.194410 -1.845865 -1.892415 -2.999505 -3.206865 -1.591778 -7.171827 -2.252376 -2.294172 0.563101 -2.661376 0.597517 5.964228 -3.100247 -7.539050 
2.846501 1.182578 -0.304578 5.002541 -0.867950 -1.320593 4.654654 -0.007757 -2.060496 -0.721111 2.588566 -0.880014 1.326636 3.230376 -1.958925 -1.924376 -3.113272 -3.346895 -2.043699 -7.432793 -2.458532 -2.270474 0.510799 -2.775180 0.431139 6.210669 -3.102620 -7.782443 
2.883359 1.261759 -0.366517 5.442005 -0.910614 -1.077095 4.703605 -0.091934 -2.154817 -0.894253 2.541461 -0.882137 1.331822 3.259045 -2.073419 -1.955410 -3.226586 -3.488883 -2.517740 -7.694437 -2.672380 -2.242083 0.453776 -2.890310 0.254347 6.456648 -3.099712 -8.023033 
2.916834 1.340529 -0.431518 5.897771 -0.954064 -0.818040 4.745973 -0.181158 -2.250735 -1.075902 2.484865 -0.883499 1.334054 3.280232 -2.189147 -1.985663 -3.339271 -3.632674 -3.013143 -7.956757 -2.893697 -2.209263 0.392043 -3.006727 0.067464 6.701803 -3.091728 -8.260609 
2.946960 1.418544 -0.499443 6.369512 -0.998208 -0.543977 4.781803 -0.275219 -2.348195 -1.265843 2.418821 -0.884265 1.333327 3.293760 -2.305906 -2.015289 -3.451142 -3.778099 -3.529094 -8.219758 -3.122240 -2.172294 0.325616 -3.124389 -0.129163 6.945765 -3.078893 -8.494962 
2.973776 1.495450 -0.570143 6.856873 -1.042944 -0.255501 4.811153 -0.373883 -2.447138 -1.463848 2.343390 -0.884612 1.329642 3.299461 -2.423485 -2.044447 -3.562010 -3.924973 -4.064716 -8.483456 -3.357745 -2.131470 0.254515 -3.243256 -0.335161 7.188160 -3.061442 -8.725883 
2.997326 1.570885 -0.643452 7.359467 -1.088164 0.046748 4.834092 -0.476895 -2.547501 -1.669665 2.258658 -0.884725 1.323006 3.297178 -2.541673 -2.073306 -3.671679 -4.073096 -4.619073 -8.747872 -3.599928 -2.087101 0.178765 -3.363285 -0.550131 7.428608 -3.039628 -8.953167 
3.017661 1.644472 -0.719190 7.876874 -1.133749 0.362083 4.850700 -0.583976 -2.649215 -1.883027 2.164728 -0.884801 1.313431 3.286761 -2.660249 -2.102039 -3.779945 -4.222253 -5.191169 -9.013037 -3.848485 -2.039514 0.098397 -3.484430 -0.773647 7.666725 -3.013717 -9.176608 
3.034836 1.715827 -0.797165 8.408646 -1.179572 0.689774 4.861069 -0.694824 -2.752206 -2.103647 2.061725 -0.885050 1.300936 3.268068 -2.778992 -2.130830 -3.886601 -4.372214 -5.779948 -9.278991 -4.103090 -1.989051 0.013444 -3.606647 -1.005259 7.902118 -2.983993 -9.396002 
3.048912 1.784554 -0.877167 8.954302 -1.225496 1.029042 4.865301 -0.809113 -2.856397 -2.331220 1.949795 -0.885688 1.285547 3.240969 -2.897672 -2.159866 -3.991432 -4.522734 -6.384294 -9.545781 -4.363399 -1.936069 -0.076054 -3.729888 -1.244490 8.134392 -2.950751 -9.611147 
3.059956 1.850247 -0.958977 9.513331 -1.271378 1.379065 4.863511 -0.926496 -2.961705 -2.565420 1.829105 -0.886945 1.267296 3.205340 -3.016057 -2.189346 -4.094217 -4.673551 -7.003031 -9.813464 -4.629046 -1.880942 -0.170052 -3.854104 -1.490838 8.363144 -2.914305 -9.821842 
3.068039 1.912488 -1.042356 10.085192 -1.317063 1.738974 4.855823 -1.046602 -3.068043 -2.805905 1.699841 -0.889061 1.246220 3.161068 -3.133909 -2.219472 -4.194729 -4.824391 -7.634923 -10.082102 -4.899645 -1.824060 -0.268502 -3.979246 -1.743775 8.587966 -2.874982 -10.027887 
3.073238 1.970850 -1.127056 10.669310 -1.362388 2.107854 4.842374 -1.169039 -3.175318 -3.052313 1.562211 -0.892287 1.222364 3.108048 -3.250986 -2.250456 -4.292735 -4.974962 -8.278674 -10.351770 -5.174790 -1.765827 -0.371348 -4.105262 -2.002747 8.808444 -2.833122 -10.229084 
3.075635 2.024895 -1.212812 11.265082 -1.407184 2.484746 4.823312 -1.293388 -3.283435 -3.304265 1.416444 -0.896883 1.195777 3.046184 -3.367040 -2.282516 -4.387995 -5.124958 -8.932927 -10.622548 -5.454053 -1.706664 -0.478534 -4.232099 -2.267174 9.024159 -2.789085 -10.425236 
3.075318 2.074174 -1.299346 11.871872 -1.451269 2.868644 4.798796 -1.419211 -3.392291 -3.561360 1.262788 -0.903121 1.166515 2.975390 -3.481819 -2.315878 -4.480264 -5.274059 -9.596267 -10.894525 -5.736987 -1.647008 -0.589996 -4.359704 -2.536451 9.234685 -2.743241 -10.616148 
3.072382 2.118229 -1.386364 12.489014 -1.494456 3.258497 4.768996 -1.546045 -3.501781 -3.823182 1.101513 -0.911284 1.134642 2.895587 -3.595066 -2.350774 -4.569290 -5.421926 -10.267217 -11.167800 -6.023126 -1.587311 -0.705664 -4.488021 -2.809946 9.439593 -2.695979 -10.801624 
3.066923 2.156589 -1.473559 13.115812 -1.536545 3.653208 4.734093 -1.673405 -3.611794 -4.089295 0.932911 -0.921665 1.100226 2.806706 -3.706519 -2.387444 -4.654815 -5.568209 -10.944242 -11.442477 -6.311981 -1.528042 -0.825467 -4.616994 -3.087002 9.638445 -2.647700 -10.981473 
3.059046 2.188774 -1.560612 13.751536 -1.577332 4.051635 4.694281 -1.800783 -3.722215 -4.359242 0.757291 -0.934566 1.063342 2.708688 -3.815912 -2.426136 -4.736575 -5.712541 -11.625744 -11.718673 -6.603043 -1.469684 -0.949326 -4.746563 -3.366936 9.830800 -2.598821 -11.155503 
3.048861 2.214293 -1.647186 14.395429 -1.616600 4.452588 4.649763 -1.927648 -3.832922 -4.632552 0.574986 -0.950304 1.024072 2.601481 -3.922973 -2.467104 -4.814300 -5.854539 -12.310069 -11.996509 -6.895784 -1.412737 -1.077159 -4.876670 -3.649040 10.016210 -2.549775 -11.323524 
3.036482 2.232645 -1.732932 15.046699 -1.654125 4.854836 4.600754 -2.053445 -3.943792 -4.908730 0.386348 -0.969202 0.982502 2.485043 -4.027426 -2.510610 -4.887713 -5.993807 -12.995499 -12.276117 -7.189654 -1.357716 -1.208879 -5.007254 -3.932578 10.194221 -2.501009 -11.485347 
3.022030 2.243317 -1.817486 15.704527 -1.689676 5.257097 4.547482 -2.177598 -4.054696 -5.187267 0.191751 -0.991597 0.938726 2.359341 -4.128990 -2.556923 -4.956532 -6.129932 -13.680258 -12.557636 -7.484085 -1.305152 -1.344393 -5.138251 -4.216792 10.364375 -2.452985 -11.640784 
3.005630 2.245788 -1.900472 16.368059 -1.723009 5.658047 4.490183 -2.299507 -4.165497 -5.467633 -0.008413 -1.017835 0.892844 2.224351 -4.227378 -2.606320 -5.020468 -6.262487 -14.362511 -12.841214 -7.778486 -1.255593 -1.483605 -5.269599 -4.500893 10.526207 -2.406181 -11.789650 
2.987412 2.239524 -1.981496 17.036413 -1.753875 6.056316 4.429107 -2.418548 -4.276059 -5.749280 -0.213728 -1.048272 0.844963 2.080058 -4.322301 -2.659083 -5.079226 -6.391028 -15.040361 -13.127007 -8.072247 -1.209601 -1.626413 -5.401233 -4.784071 10.679246 -2.361088 -11.931760 
2.967514 2.223982 -2.060153 17.708675 -1.782015 6.450486 4.364514 -2.534077 -4.386236 -6.031640 -0.423759 -1.083277 0.795193 1.926455 -4.413463 -2.715503 -5.132504 -6.515097 -15.711851 -13.415181 -8.364736 -1.167754 -1.772710 -5.533085 -5.065488 10.823016 -2.318214 -12.066931 
2.946077 2.198606 -2.136023 18.383900 -1.807159 6.839097 4.296676 -2.645425 -4.495882 -6.314129 -0.638050 -1.123227 0.743654 1.763545 -4.500564 -2.775879 -5.179995 -6.634222 -16.374966 -13.705907 -8.655304 -1.130647 -1.922385 -5.665089 -5.344280 10.957036 -2.278081 -12.194981 
2.923248 2.162833 -2.208672 19.061112 -1.829033 7.220639 4.225875 -2.751900 -4.604842 -6.596141 -0.856125 -1.168512 0.690469 1.591339 -4.583297 -2.840516 -5.221387 -6.747914 -17.027629 -13.999367 -8.943278 -1.098890 -2.075322 -5.797174 -5.619557 11.080818 -2.241227 -12.315729 
2.899180 2.116088 -2.277649 19.739304 -1.847348 7.593561 4.152406 -2.852787 -4.712960 -6.877054 -1.077487 -1.219532 0.635771 1.409859 -4.661354 -2.909726 -5.256358 -6.855669 -17.667703 -14.295751 -9.227967 -1.073108 -2.231400 -5.929271 -5.890406 11.193869 -2.208204 -12.428997 
2.874030 2.057783 -2.342494 20.417438 -1.861812 7.956263 4.076573 -2.947349 -4.820073 -7.156226 -1.301618 -1.276696 0.579695 1.219133 -4.734420 -2.983829 -5.284584 -6.956969 -18.292993 -14.595256 -9.508658 -1.053943 -2.390494 -6.061307 -6.155884 11.295690 -2.179579 -12.534606 
2.847962 1.987323 -2.402729 21.094446 -1.872121 8.307100 3.998694 -3.034826 -4.926013 -7.432997 -1.527978 -1.340425 0.522386 1.019201 -4.802174 -3.063153 -5.305732 -7.051280 -18.901243 -14.898089 -9.784619 -1.042053 -2.552473 -6.193209 -6.415025 11.385778 -2.155934 -12.632380 
2.821144 1.904101 -2.457863 21.769227 -1.877963 8.644382 3.919096 -3.114435 -5.030609 -7.706688 -1.756010 -1.411151 0.463992 0.810109 -4.864294 -3.148030 -5.319464 -7.138052 -19.490135 -15.204466 -10.055095 -1.038110 -2.717202 -6.324902 -6.666836 11.463621 -2.137867 -12.722144 
2.793750 1.807499 -2.507390 22.440650 -1.879017 8.966373 3.838118 -3.185370 -5.133686 -7.976602 -1.985132 -1.489317 0.404668 0.591914 -4.920448 -3.238803 -5.325435 -7.216722 -20.057293 -15.514608 -10.319315 -1.042802 -2.884541 -6.456311 -6.910300 11.528705 -2.125990 -12.803725 
2.765961 1.696889 -2.550792 23.107555 -1.874952 9.271293 3.756110 -3.246800 -5.235060 -8.242022 -2.214745 -1.575375 0.344578 0.364681 -4.970305 -3.335821 -5.323295 -7.286710 -20.600281 -15.828747 -10.576484 -1.056836 -3.054345 -6.587357 -7.144371 11.580507 -2.120931 -12.876949 
2.737960 1.571632 -2.587534 23.768747 -1.865432 9.557313 3.673434 -3.297876 -5.334547 -8.502213 -2.444227 -1.669788 0.283888 0.128486 -5.013524 -3.439439 -5.312687 -7.347421 -21.116603 -16.147123 -10.825788 -1.080930 -3.226465 -6.717962 -7.367980 11.618501 -2.123331 -12.941647 
2.709939 1.431079 -2.617070 24.423004 -1.850108 9.822561 3.590463 -3.337721 -5.431956 -8.756421 -2.672936 -1.773031 0.222773 -0.116590 -5.049762 -3.550021 -5.293249 -7.398245 -21.603703 -16.469985 -11.066392 -1.115822 -3.400747 -6.848045 -7.580031 11.642154 -2.133849 -12.997648 
2.682091 1.274571 -2.638836 25.069070 -1.828624 10.065119 3.507581 -3.365437 -5.527093 -9.003876 -2.900210 -1.885589 0.161413 -0.370454 -5.078670 -3.667937 -5.264611 -7.438557 -22.058963 -16.797588 -11.297441 -1.162262 -3.577030 -6.977526 -7.779403 11.650928 -2.153156 -13.044784 
2.654620 1.101436 -2.652258 25.705660 -1.800615 10.283021 3.425183 -3.380105 -5.619756 -9.243784 -3.125364 -2.007958 0.099994 -0.633005 -5.099896 -3.793565 -5.226397 -7.467718 -22.479707 -17.130197 -11.518059 -1.221019 -3.755152 -7.106320 -7.964949 11.644278 -2.181939 -13.082888 
2.627730 0.910994 -2.656744 26.331457 -1.765708 10.474260 3.343676 -3.380779 -5.709742 -9.475338 -3.347696 -2.140642 0.038711 -0.904132 -5.113081 -3.927290 -5.178227 -7.485071 -22.863199 -17.468086 -11.727352 -1.292876 -3.934944 -7.234344 -8.135494 11.621655 -2.220903 -13.111796 
2.601634 0.702554 -2.651690 26.945114 -1.723519 10.636779 3.263478 -3.366495 -5.796841 -9.697708 -3.566481 -2.284160 -0.022239 -1.183717 -5.117862 -4.069505 -5.119713 -7.489946 -23.206643 -17.811536 -11.924402 -1.378632 -4.116232 -7.361512 -8.289841 11.582503 -2.270763 -13.131343 
2.576549 0.475413 -2.636478 27.545251 -1.673659 10.768477 3.185017 -3.336262 -5.880839 -9.910048 -3.780972 -2.439039 -0.082651 -1.471631 -5.113872 -4.220607 -5.050460 -7.481658 -23.507181 -18.160837 -12.108273 -1.479102 -4.298837 -7.487736 -8.426763 11.526261 -2.332252 -13.141365 
2.552698 0.228858 -2.610474 28.130459 -1.615725 10.867208 3.108734 -3.289068 -5.961517 -10.111493 -3.990405 -2.605816 -0.142312 -1.767737 -5.100738 -4.381005 -4.970069 -7.459504 -23.761898 -18.516288 -12.278007 -1.595116 -4.482578 -7.612929 -8.545012 11.452363 -2.406117 -13.141703 
2.530308 -0.037833 -2.573033 28.699298 -1.549311 10.930779 3.035081 -3.223877 -6.038653 -10.301157 -4.193992 -2.785041 -0.201006 -2.071890 -5.078083 -4.551113 -4.878134 -7.422770 -23.967816 -18.878194 -12.432629 -1.727522 -4.667266 -7.737000 -8.643310 11.360236 -2.493122 -13.132195 
2.509613 -0.325394 -2.523492 29.250295 -1.473996 10.956953 2.964520 -3.139631 -6.112018 -10.478138 -4.390926 -2.977273 -0.258508 -2.383935 -5.045525 -4.731351 -4.774242 -7.370724 -24.121900 -19.246872 -12.571138 -1.877180 -4.852708 -7.859858 -8.720356 11.249302 -2.594043 -13.112683 
2.490851 -0.634570 -2.461177 29.781949 -1.389357 10.943446 2.897526 -3.035250 -6.181379 -10.641514 -4.580380 -3.183081 -0.314589 -2.703708 -5.002676 -4.922147 -4.657974 -7.302618 -24.221053 -19.622643 -12.692519 -2.044970 -5.038707 -7.981411 -8.774820 11.118978 -2.709672 -13.083011 
2.474266 -0.966115 -2.385398 30.292725 -1.294955 10.887928 2.834583 -2.909629 -6.246500 -10.790346 -4.761503 -3.403048 -0.369012 -3.031035 -4.949145 -5.123939 -4.528907 -7.217692 -24.262117 -20.005841 -12.795731 -2.231785 -5.225061 -8.101564 -8.805351 10.968673 -2.840819 -13.043021 
2.460109 -1.320795 -2.295452 30.781059 -1.190349 10.788026 2.776190 -2.761640 -6.307137 -10.923674 -4.933428 -3.637764 -0.421535 -3.365735 -4.884535 -5.337168 -4.386609 -7.115169 -24.241878 -20.396804 -12.879716 -2.438534 -5.411563 -8.220222 -8.810567 10.797793 -2.988304 -12.992559 
2.448634 -1.699385 -2.190620 31.245356 -1.075084 10.641317 2.722852 -2.590135 -6.363044 -11.040520 -5.095263 -3.887831 -0.471910 -3.707618 -4.808445 -5.562285 -4.230643 -6.994256 -24.157057 -20.795882 -12.943395 -2.666143 -5.598002 -8.337288 -8.789064 10.605737 -3.152965 -12.931473 
2.440101 -2.102673 -2.070171 31.683989 -0.948698 10.445337 2.675090 -2.393940 -6.413970 -11.139889 -5.246098 -4.153863 -0.519882 -4.056484 -4.720469 -5.799747 -4.060565 -6.854146 -24.004319 -21.203431 -12.985667 -2.915552 -5.784159 -8.452665 -8.739411 10.391898 -3.335655 -12.859611 
2.434776 -2.531456 -1.933358 32.095301 -0.810722 10.197573 2.633434 -2.171860 -6.459658 -11.220766 -5.385002 -4.436481 -0.565189 -4.412124 -4.620196 -6.050019 -3.875927 -6.694017 -23.780266 -21.619816 -13.005413 -3.187719 -5.969816 -8.566252 -8.660149 10.155665 -3.537241 -12.776821 
2.432930 -2.986540 -1.779422 32.477603 -0.660676 9.895468 2.598426 -1.922675 -6.499848 -11.282116 -5.511022 -4.736321 -0.607565 -4.774320 -4.507209 -6.313573 -3.676273 -6.513031 -23.481443 -22.045410 -13.001491 -3.483616 -6.154744 -8.677948 -8.549798 9.896420 -3.758606 -12.682956 
2.434840 -3.468745 -1.607588 32.829175 -0.498071 9.536419 2.570618 -1.645144 -6.534273 -11.322888 -5.623186 -5.054027 -0.646736 -5.142847 -4.381089 -6.590888 -3.461141 -6.310335 -23.104332 -22.480596 -12.972742 -3.804230 -6.338714 -8.787652 -8.406848 9.613539 -4.000648 -12.577867 
2.440787 -3.978898 -1.417066 33.148268 -0.322410 9.117778 2.550574 -1.338004 -6.562664 -11.342011 -5.720500 -5.390255 -0.682423 -5.517468 -4.241409 -6.882450 -3.230062 -6.085061 -22.645356 -22.925764 -12.917984 -4.150568 -6.521489 -8.895260 -8.229765 9.306393 -4.264278 -12.461408 
2.451058 -4.517840 -1.207056 33.433099 -0.133188 8.636849 2.538871 -0.999965 -6.584746 -11.338395 -5.801950 -5.745669 -0.714339 -5.897939 -4.087740 -7.188754 -2.982564 -5.836326 -22.100880 -23.381311 -12.836014 -4.523647 -6.702830 -9.000667 -8.016988 8.974348 -4.550425 -12.333434 
2.465947 -5.086421 -0.976738 33.681857 0.070110 8.090893 2.536093 -0.629719 -6.600239 -11.310933 -5.866501 -6.120948 -0.742194 -6.284006 -3.919646 -7.510300 -2.718165 -5.563232 -21.467206 -23.847646 -12.725611 -4.924504 -6.882490 -9.103766 -7.766932 8.616762 -4.860030 -12.193801 
2.485750 -5.685500 -0.725283 33.892698 0.288007 7.477124 2.542841 -0.225931 -6.608858 -11.258496 -5.913097 -6.516778 -0.765688 -6.675408 -3.736688 -7.847596 -2.436379 -5.264864 -20.740578 -24.325183 -12.585533 -5.354190 -7.060221 -9.204449 -7.477985 8.232991 -5.194052 -12.042368 
2.510772 -6.315949 -0.451845 34.063748 0.521036 6.792711 2.559722 0.212754 -6.610316 -11.179940 -5.940663 -6.933858 -0.784517 -7.071873 -3.538420 -8.201158 -2.136713 -4.940295 -19.917178 -24.814345 -12.414516 -5.813772 -7.235766 -9.302608 -7.148509 7.822381 -5.553463 -11.878993 
2.541322 -6.978649 -0.155564 34.193101 0.769738 6.034778 2.587356 0.687716 -6.604317 -11.074100 -5.948102 -7.372895 -0.798371 -7.473120 -3.324393 -8.571508 -1.818669 -4.588580 -18.993131 -25.315566 -12.211277 -6.304333 -7.408867 -9.398131 -6.776841 7.384277 -5.939251 -11.703538 
2.577713 -7.674492 0.164432 34.278822 1.034662 5.200401 2.626377 1.200357 -6.590563 -10.939793 -5.934296 -7.834609 -0.806933 -7.878861 -3.094154 -8.959176 -1.481741 -4.208760 -17.964499 -25.829284 -11.974512 -6.826972 -7.579259 -9.490908 -6.361292 6.918014 -6.352418 -11.515863 
2.620265 -8.404382 0.509033 34.318942 1.316368 4.286612 2.677426 1.752101 -6.568752 -10.775818 -5.898106 -8.319730 -0.809881 -8.288797 -2.847242 -9.364700 -1.125419 -3.799861 -16.827286 -26.355949 -11.702897 -7.382803 -7.746674 -9.580824 -5.900147 6.422923 -6.793982 -11.315832 
2.669303 -9.169231 0.879140 34.311463 1.615422 3.290397 2.741158 2.344397 -6.538576 -10.580955 -5.838375 -8.828999 -0.806883 -8.702621 -2.583193 -9.788624 -0.749184 -3.360892 -15.577434 -26.896018 -11.395088 -7.972956 -7.910836 -9.667765 -5.391664 5.898332 -7.264975 -11.103310 
2.725158 -9.969963 1.275669 34.254357 1.932401 2.208698 2.818238 2.978715 -6.499722 -10.353964 -5.753921 -9.363167 -0.797607 -9.120017 -2.301540 -10.231500 -0.352514 -2.890851 -14.210828 -27.449956 -11.049720 -8.598577 -8.071467 -9.751615 -4.834078 5.343558 -7.766446 -10.878163 
2.788164 -10.807513 1.699550 34.145564 2.267891 1.038408 2.909343 3.656549 -6.451872 -10.093589 -5.643546 -9.922995 -0.781709 -9.540660 -2.001808 -10.693886 0.065122 -2.388716 -12.723289 -28.018236 -10.665408 -9.260827 -8.228284 -9.832256 -4.225597 4.757917 -8.299456 -10.640257 
NaN NaN NaN NaN NaN NaN NaN NaN NaN NaN NaN NaN NaN NaN NaN NaN NaN NaN NaN NaN NaN NaN NaN NaN NaN NaN NaN NaN 
NaN NaN NaN NaN NaN NaN NaN NaN NaN NaN NaN NaN NaN NaN NaN NaN NaN NaN NaN NaN NaN NaN NaN NaN NaN NaN NaN NaN 
NaN NaN NaN NaN NaN NaN NaN NaN NaN NaN NaN NaN NaN NaN NaN NaN NaN NaN NaN NaN NaN NaN NaN NaN NaN NaN NaN NaN 
NaN NaN NaN NaN NaN NaN NaN NaN NaN NaN NaN NaN NaN NaN NaN NaN NaN NaN NaN NaN NaN NaN NaN NaN NaN NaN NaN NaN 
