NaN NaN NaN NaN NaN NaN NaN NaN NaN NaN NaN NaN NaN NaN NaN NaN NaN NaN NaN NaN NaN NaN NaN NaN NaN NaN NaN NaN 
NaN NaN NaN NaN NaN NaN NaN NaN NaN NaN NaN NaN NaN NaN NaN NaN NaN NaN NaN NaN NaN NaN NaN NaN NaN NaN NaN NaN 
NaN NaN NaN NaN NaN NaN NaN NaN NaN NaN NaN NaN NaN NaN NaN NaN NaN NaN NaN NaN NaN NaN NaN NaN NaN NaN NaN NaN 
NaN NaN NaN NaN NaN NaN NaN NaN NaN NaN NaN NaN NaN NaN NaN NaN NaN NaN NaN NaN NaN NaN NaN NaN NaN NaN NaN NaN 
NaN NaN NaN NaN NaN NaN NaN NaN NaN NaN NaN NaN NaN NaN NaN NaN NaN NaN NaN NaN NaN NaN NaN NaN NaN NaN NaN NaN 
-8.232088 -4.479255 -13.695526 -11.668413 -5.251430 -5.284368 6.091045 -7.293165 3.807801 0.278325 -7.898117 -12.291879 -10.729691 3.874570 -3.678800 -27.949861 2.379940 -3.639658 -11.729863 -17.469403 -5.666678 -17.071622 -12.488063 5.245297 6.420392 1.102035 -5.126317 -8.724884 
-7.621789 -4.791836 -14.167427 -11.299700 -5.186270 -5.225781 5.782988 -6.723005 3.128244 0.299387 -7.789807 -12.092913 -10.906176 3.330770 -4.469433 -27.240229 2.432962 -3.986570 -11.066886 -16.958347 -5.530676 -15.573776 -11.768932 4.450953 6.332887 0.302660 -5.088810 -8.598330 
-7.044272 -5.069830 -14.584355 -10.935522 -5.119775 -5.163896 5.482932 -6.183301 2.490153 0.318757 -7.681980 -11.886356 -11.049340 2.821887 -5.196443 -26.532578 2.472175 -4.300093 -10.426488 -16.449921 -5.396860 -14.154805 -11.076912 3.705747 6.242212 -0.446022 -5.047035 -8.462457 
-6.498434 -5.314621 -14.948093 -10.575957 -5.051910 -5.098813 5.190883 -5.673071 1.892267 0.336480 -7.574408 -11.672650 -11.160482 2.346719 -5.861928 -25.827243 2.498342 -4.581461 -9.808336 -15.944439 -5.265140 -12.812386 -10.411454 3.008125 6.148456 -1.145399 -5.001101 -8.317853 
-5.983191 -5.527571 -15.260399 -10.221080 -4.982643 -5.030633 4.906843 -5.191348 1.333346 0.352596 -7.466869 -11.452227 -11.240883 1.904085 -6.467956 -25.124552 2.512212 -4.831888 -9.212098 -15.442205 -5.135423 -11.544227 -9.772017 2.356556 6.051708 -1.796842 -4.951113 -8.165096 
-5.497476 -5.710020 -15.523012 -9.870963 -4.911942 -4.959452 4.630814 -4.737177 0.812167 0.367146 -7.359149 -11.225514 -11.291804 1.492819 -7.016568 -24.424827 2.514518 -5.052568 -8.637444 -14.943517 -5.007621 -10.348067 -9.158062 1.749528 5.952057 -2.401704 -4.897176 -8.004752 
-5.040237 -5.863286 -15.737644 -9.525679 -4.839776 -4.885367 4.362792 -4.309618 0.327523 0.380172 -7.251037 -10.992927 -11.314487 1.111775 -7.509773 -23.728380 2.505983 -5.244679 -8.084042 -14.448668 -4.881643 -9.221672 -8.569055 1.185549 5.849594 -2.961321 -4.839393 -7.837373 
-4.610437 -5.988664 -15.905986 -9.185297 -4.766116 -4.808473 4.102773 -3.907745 -0.121772 0.391714 -7.142328 -10.754875 -11.310155 0.759823 -7.949554 -23.035516 2.487312 -5.409375 -7.551565 -13.957944 -4.757402 -8.162838 -8.004465 0.663151 5.744406 -3.477011 -4.777870 -7.663504 
-4.207058 -6.087429 -16.029707 -8.849885 -4.690933 -4.728863 3.850747 -3.530645 -0.536888 0.401812 -7.032824 -10.511759 -11.280010 0.435854 -8.337864 -22.346531 2.459200 -5.547796 -7.039684 -13.471623 -4.634810 -7.169392 -7.463765 0.180884 5.636584 -3.950072 -4.712708 -7.483675 
-3.829096 -6.160833 -16.110453 -8.519507 -4.614199 -4.646628 3.606704 -3.177418 -0.918976 0.410506 -6.922333 -10.263972 -11.225235 0.138776 -8.676626 -21.661715 2.422326 -5.661058 -6.548070 -12.989980 -4.513782 -6.239188 -6.946433 -0.262678 5.526218 -4.381787 -4.644009 -7.298404 
-3.475563 -6.210106 -16.149846 -8.194228 -4.535889 -4.561858 3.370628 -2.847180 -1.269170 0.417836 -6.810666 -10.011898 -11.146996 -0.132487 -8.967736 -20.981348 2.377356 -5.750261 -6.076397 -12.513279 -4.394230 -5.370111 -6.451949 -0.668942 5.413395 -4.773420 -4.571874 -7.108200 
-3.145490 -6.236455 -16.149486 -7.874108 -4.455977 -4.474643 3.142504 -2.539059 -1.588584 0.423839 -6.697644 -9.755915 -11.046435 -0.378991 -9.213060 -20.305704 2.324942 -5.816485 -5.624338 -12.041783 -4.276072 -4.560076 -5.979799 -1.039293 5.298207 -5.126216 -4.496405 -6.913559 
-2.837920 -6.241068 -16.110952 -7.559209 -4.374440 -4.385069 2.922309 -2.252198 -1.878318 0.428555 -6.583090 -9.496389 -10.924679 -0.601773 -9.414435 -19.635049 2.265723 -5.860790 -5.191570 -11.575743 -4.159224 -3.807026 -5.529471 -1.375096 5.180741 -5.441403 -4.417699 -6.714965 
-2.551916 -6.225108 -16.035797 -7.249588 -4.291256 -4.293221 2.710023 -1.985754 -2.139450 0.432021 -6.466834 -9.233682 -10.782833 -0.801853 -9.573669 -18.969639 2.200324 -5.884217 -4.777767 -11.115407 -4.043602 -3.108934 -5.100458 -1.677694 5.061089 -5.720193 -4.335856 -6.512892 
-2.286555 -6.189717 -15.925554 -6.945300 -4.206401 -4.199184 2.505618 -1.738896 -2.373041 0.434275 -6.348712 -8.968146 -10.621983 -0.980235 -9.692543 -18.309724 2.129355 -5.887789 -4.382606 -10.661016 -3.929126 -2.463803 -4.692257 -1.948408 4.939338 -5.963777 -4.250975 -6.307800 
-2.040931 -6.136015 -15.781731 -6.646399 -4.119857 -4.103040 2.309066 -1.510807 -2.580137 0.435355 -6.228566 -8.700125 -10.443196 -1.137901 -9.772806 -17.655545 2.053414 -5.872508 -4.005764 -10.212804 -3.815714 -1.869665 -4.304370 -2.188541 4.815578 -6.173330 -4.163151 -6.100139 
-1.814153 -6.065102 -15.605817 -6.352938 -4.031604 -4.004870 2.120335 -1.300687 -2.761761 0.435297 -6.106244 -8.429954 -10.247520 -1.275818 -9.816181 -17.007337 1.973084 -5.839359 -3.646919 -9.770998 -3.703288 -1.324581 -3.936299 -2.399372 4.689898 -6.350009 -4.072481 -5.890347 
-1.605347 -5.978052 -15.399273 -6.064966 -3.941623 -3.904752 1.939391 -1.107746 -2.918922 0.434138 -5.981597 -8.157961 -10.035981 -1.394933 -9.824360 -16.365324 1.888935 -5.789305 -3.305751 -9.335821 -3.591767 -0.826643 -3.587554 -2.582160 4.562389 -6.494952 -3.979062 -5.678851 
-1.413657 -5.875920 -15.163542 -5.782532 -3.849899 -3.802766 1.766195 -0.931210 -3.052609 0.431913 -5.854486 -7.884466 -9.809588 -1.496177 -9.799007 -15.729726 1.801523 -5.723291 -2.981939 -8.907487 -3.481075 -0.373970 -3.257648 -2.738143 4.433138 -6.609281 -3.882987 -5.466065 
-1.238240 -5.759739 -14.900042 -5.505682 -3.756414 -3.698988 1.600707 -0.770318 -3.163795 0.428659 -5.724775 -7.609780 -9.569331 -1.580460 -9.741757 -15.100752 1.711391 -5.642244 -2.675164 -8.486205 -3.371134 0.035287 -2.946096 -2.868538 4.302236 -6.694099 -3.784351 -5.252394 
-1.078272 -5.630519 -14.610168 -5.234459 -3.661155 -3.593491 1.442884 -0.624322 -3.253433 0.424409 -5.592333 -7.334207 -9.316178 -1.648676 -9.654217 -14.478604 1.619067 -5.547071 -2.385107 -8.072177 -3.261868 0.402949 -2.652418 -2.974541 4.169772 -6.750490 -3.683247 -5.038228 
-0.932942 -5.489248 -14.295293 -4.968907 -3.564107 -3.486350 1.292679 -0.492490 -3.322458 0.419200 -5.457038 -7.058042 -9.051080 -1.701701 -9.537963 -13.863476 1.525066 -5.438658 -2.111451 -7.665598 -3.153203 0.730807 -2.376140 -3.057327 4.035834 -6.779522 -3.579767 -4.823948 
-0.801458 -5.336893 -13.956768 -4.709065 -3.465259 -3.377636 1.150044 -0.374101 -3.371790 0.413066 -5.318771 -6.781571 -8.774967 -1.740392 -9.394544 -13.255555 1.429890 -5.317875 -1.853878 -7.266657 -3.045064 1.020623 -2.116789 -3.118049 3.900513 -6.782245 -3.474003 -4.609922 
-0.683043 -5.174398 -13.595919 -4.454973 -3.364600 -3.267419 1.014925 -0.268451 -3.402327 0.406040 -5.177418 -6.505075 -8.488751 -1.765589 -9.225479 -12.655018 1.334024 -5.185571 -1.612073 -6.875538 -2.937379 1.274129 -1.873897 -3.157840 3.763898 -6.759690 -3.366046 -4.396508 
-0.576936 -5.002685 -13.214052 -4.206665 -3.262119 -3.155769 0.887268 -0.174847 -3.414951 0.398156 -5.032875 -6.228823 -8.193323 -1.778112 -9.032259 -12.062038 1.237944 -5.042575 -1.385721 -6.492416 -2.830074 1.493029 -1.647000 -3.177812 3.626077 -6.712872 -3.255986 -4.184049 
-0.482393 -4.822655 -12.812449 -3.964178 -3.157807 -3.042751 0.767015 -0.092612 -3.410526 0.389447 -4.885039 -5.953079 -7.889555 -1.778764 -8.816346 -11.476775 1.142109 -4.889698 -1.174506 -6.117462 -2.723079 1.678994 -1.435638 -3.179055 3.487141 -6.642785 -3.143911 -3.972882 
-0.398686 -4.635187 -12.392368 -3.727543 -3.051657 -2.928432 0.654105 -0.021080 -3.389900 0.379945 -4.733816 -5.678096 -7.578300 -1.768332 -8.579171 -10.899386 1.046965 -4.727732 -0.978117 -5.750838 -2.616323 1.833670 -1.239354 -3.162639 3.347177 -6.550409 -3.029911 -3.763326 
-0.325103 -4.441136 -11.955046 -3.496791 -2.943663 -2.812875 0.548473 0.040398 -3.353898 0.369684 -4.579116 -5.404122 -7.260391 -1.747581 -8.322139 -10.330016 0.952945 -4.557448 -0.796239 -5.392702 -2.509737 1.958671 -1.057696 -3.129612 3.206277 -6.436702 -2.914073 -3.555693 
-0.260947 -4.241339 -11.501697 -3.271950 -2.833817 -2.696144 0.450054 0.092459 -3.303332 0.358695 -4.420854 -5.131395 -6.936642 -1.717261 -8.046625 -9.768805 0.860467 -4.379601 -0.628561 -5.043205 -2.403253 2.055581 -0.890217 -3.081002 3.064528 -6.302609 -2.796484 -3.350282 
-0.205540 -4.036606 -11.033513 -3.053049 -2.722118 -2.578299 0.358777 0.135726 -3.238993 0.347010 -4.258954 -4.860144 -6.607848 -1.678103 -7.753975 -9.215883 0.769937 -4.194923 -0.474772 -4.702490 -2.296802 2.125957 -0.736470 -3.017815 2.922020 -6.149052 -2.677230 -3.147381 
-0.158216 -3.827729 -10.551661 -2.840111 -2.608560 -2.459400 0.274570 0.170809 -3.161656 0.334659 -4.093343 -4.590593 -6.274783 -1.630818 -7.445506 -8.671374 0.681745 -4.004129 -0.334562 -4.370695 -2.190319 2.171324 -0.596017 -2.941036 2.778842 -5.976939 -2.556396 -2.947264 
-0.118330 -3.615476 -10.057287 -2.633159 -2.493143 -2.339505 0.197358 0.198301 -3.072076 0.321673 -3.923954 -4.322954 -5.938203 -1.576103 -7.122505 -8.135394 0.596270 -3.807916 -0.207621 -4.047952 -2.083739 2.193179 -0.468419 -2.851630 2.635084 -5.787158 -2.434067 -2.750196 
-0.085249 -3.400594 -9.551513 -2.432214 -2.375865 -2.218669 0.127061 0.218786 -2.970992 0.308082 -3.750726 -4.057434 -5.598844 -1.514633 -6.786234 -7.608049 0.513874 -3.606958 -0.093642 -3.734385 -1.976995 2.192989 -0.353245 -2.750540 2.490835 -5.580580 -2.310326 -2.556430 
-0.058359 -3.183808 -9.035441 -2.237295 -2.256727 -2.096949 0.063599 0.232830 -2.859124 0.293917 -3.573605 -3.794230 -5.257422 -1.447067 -6.437921 -7.089439 0.434908 -3.401913 0.007685 -3.430112 -1.870025 2.172192 -0.250065 -2.638688 2.346183 -5.358058 -2.185257 -2.366207 
-0.037061 -2.965820 -8.510147 -2.048420 -2.135730 -1.974397 0.006887 0.240987 -2.737175 0.279207 -3.392541 -3.533533 -4.914635 -1.374045 -6.078768 -6.579655 0.359709 -3.193419 0.096666 -3.135245 -1.762766 2.132196 -0.158455 -2.516976 2.201219 -5.120428 -2.058941 -2.179755 
-0.020773 -2.747311 -7.976687 -1.865603 -2.012877 -1.851065 -0.043162 0.243798 -2.605828 0.263981 -3.207490 -3.275523 -4.571161 -1.296190 -5.709948 -6.078781 0.288599 -2.982094 0.173606 -2.849891 -1.655155 2.074379 -0.077993 -2.386282 2.056030 -4.868506 -1.931460 -1.997293 
-0.008927 -2.528941 -7.436091 -1.688857 -1.888171 -1.727003 -0.086638 0.241788 -2.465749 0.248266 -3.018415 -3.020373 -4.227657 -1.214105 -5.332606 -5.586894 0.221886 -2.768537 0.238811 -2.574147 -1.547133 2.000092 -0.008263 -2.247466 1.910707 -4.603092 -1.802895 -1.819026 
-0.000974 -2.311345 -6.889370 -1.518195 -1.761619 -1.602260 -0.123633 0.235470 -2.317588 0.232093 -2.825284 -2.768249 -3.884762 -1.128378 -4.947854 -5.104060 0.159866 -2.553329 0.292586 -2.308107 -1.438639 1.910653 0.051149 -2.101367 1.765339 -4.324967 -1.673324 -1.645150 
0.003621 -2.095138 -6.337510 -1.353624 -1.633224 -1.476884 -0.154245 0.225343 -2.161974 0.215488 -2.628069 -2.519308 -3.543096 -1.039576 -4.556780 -4.630339 0.102820 -2.337031 0.335234 -2.051856 -1.329614 1.807354 0.100652 -1.948801 1.620015 -4.034895 -1.542827 -1.475848 
0.005375 -1.880914 -5.781474 -1.195153 -1.502995 -1.350920 -0.178571 0.211892 -1.999520 0.198478 -2.426751 -2.273699 -3.203258 -0.948249 -4.160441 -4.165785 0.051017 -2.120183 0.367057 -1.805474 -1.219999 1.691454 0.140651 -1.790563 1.474823 -3.733622 -1.411483 -1.311290 
0.004791 -1.669244 -5.222204 -1.042787 -1.370941 -1.224412 -0.196714 0.195587 -1.830820 0.181091 -2.221315 -2.031562 -2.865829 -0.854930 -3.759864 -3.710440 0.004708 -1.903310 0.388358 -1.569035 -1.109739 1.564187 0.171548 -1.627429 1.329853 -3.421876 -1.279368 -1.151636 
0.002353 -1.460675 -4.660618 -0.896529 -1.237070 -1.097403 -0.208779 0.176886 -1.656451 0.163354 -2.011750 -1.793030 -2.531370 -0.760131 -3.356048 -3.264342 -0.035864 -1.686912 0.399438 -1.342605 -0.998777 1.426753 0.193740 -1.460152 1.185195 -3.100367 -1.146559 -0.997036 
-0.001469 -1.255736 -4.097611 -0.756381 -1.101394 -0.969933 -0.214872 0.156232 -1.476971 0.145292 -1.798055 -1.558228 -2.200422 -0.664349 -2.949965 -2.827518 -0.070474 -1.471476 0.400597 -1.126245 -0.887057 1.280326 0.207621 -1.289466 1.040937 -2.769787 -1.013131 -0.847624 
-0.006221 -1.054931 -3.534057 -0.622342 -0.963923 -0.842044 -0.215104 0.134055 -1.292921 0.126931 -1.580232 -1.327273 -1.873508 -0.568062 -2.542555 -2.399990 -0.098909 -1.257465 0.392134 -0.920009 -0.774525 1.126048 0.213580 -1.116081 0.897168 -2.430810 -0.879161 -0.703527 
-0.011467 -0.858742 -2.970805 -0.494411 -0.824672 -0.713771 -0.209589 0.110771 -1.104822 0.108296 -1.358287 -1.100271 -1.551129 -0.471728 -2.134732 -1.981769 -0.120970 -1.045326 0.374347 -0.723944 -0.661128 0.965033 0.212004 -0.940688 0.753978 -2.084093 -0.744722 -0.564857 
-0.016785 -0.667632 -2.408684 -0.372582 -0.683654 -0.585153 -0.198444 0.086782 -0.913181 0.089413 -1.132236 -0.877324 -1.233770 -0.375790 -1.727377 -1.572860 -0.136472 -0.835484 0.347536 -0.538091 -0.546814 0.798365 0.203274 -0.763957 0.611455 -1.730274 -0.609887 -0.431716 
-0.021772 -0.482040 -1.848496 -0.256850 -0.540885 -0.456224 -0.181786 0.062476 -0.718482 0.070306 -0.902098 -0.658524 -0.921893 -0.280671 -1.321348 -1.173261 -0.145243 -0.628346 0.311996 -0.362484 -0.431531 0.627098 0.187768 -0.586536 0.469690 -1.369975 -0.474729 -0.304195 
-0.026038 -0.302381 -1.291026 -0.147207 -0.396380 -0.327018 -0.159740 0.038227 -0.521196 0.050999 -0.667897 -0.443954 -0.615944 -0.186777 -0.917468 -0.782960 -0.147126 -0.424301 0.268024 -0.197153 -0.315228 0.452259 0.165860 -0.409052 0.328770 -1.003797 -0.339320 -0.182372 
-0.029211 -0.129052 -0.737031 -0.043642 -0.250158 -0.197565 -0.132429 0.014396 -0.321772 0.031515 -0.429666 -0.233690 -0.316346 -0.094494 -0.516535 -0.401937 -0.141976 -0.223718 0.215914 -0.042119 -0.197856 0.274843 0.137920 -0.232113 0.188785 -0.632327 -0.203731 -0.066315 
-0.030936 0.037575 -0.187248 0.053856 -0.102237 -0.067898 -0.099981 -0.008671 -0.120644 0.011879 -0.187440 -0.027799 -0.023506 -0.004192 -0.119318 -0.030167 -0.129664 -0.026945 0.155962 0.102604 -0.079367 0.095816 0.104315 -0.056302 0.049824 -0.256131 -0.068033 0.043922 
-0.030872 0.197148 0.357608 0.145303 0.047362 0.061956 -0.062528 -0.030639 0.081775 -0.007888 0.058738 0.173657 0.262191 0.083778 0.273446 0.332386 -0.110072 0.165687 0.088461 0.237005 0.040288 -0.083884 0.065406 0.117814 -0.088024 0.124242 0.067707 0.148295 
-0.028695 0.349338 0.896848 0.230712 0.198620 0.191969 -0.020204 -0.051190 0.285086 -0.027763 0.308819 0.370630 0.540379 0.169083 0.661045 0.685764 -0.083099 0.353867 0.013703 0.361084 0.161155 -0.263352 0.021552 0.289695 -0.224670 0.508260 0.203418 0.246771 
-0.024099 0.493838 1.429802 0.310103 0.351513 0.322115 0.026856 -0.070019 0.488912 -0.047723 0.562749 0.563074 0.810711 0.251408 1.042798 1.030017 -0.048654 0.537303 -0.068019 0.474843 0.283280 -0.441707 -0.026893 0.458816 -0.360024 0.895410 0.339033 0.339331 
-0.016790 0.630363 1.955825 0.383496 0.506019 0.452370 0.078510 -0.086834 0.692892 -0.067747 0.820469 0.750955 1.072858 0.330457 1.418054 1.365206 -0.006663 0.715722 -0.156415 0.578293 0.406707 -0.618103 -0.079578 0.624677 -0.493998 1.285195 0.474484 0.425963 
-0.006496 0.758649 2.474295 0.450911 0.662113 0.582712 0.134617 -0.101357 0.896683 -0.087814 1.081914 0.934247 1.326514 0.405949 1.786187 1.691395 0.042937 0.888871 -0.251193 0.671451 0.531482 -0.791720 -0.136156 0.786799 -0.626503 1.677139 0.609706 0.506673 
0.007045 0.878455 2.984611 0.512373 0.819769 0.713118 0.195032 -0.113324 1.099959 -0.107903 1.347012 1.112929 1.571388 0.477625 2.146605 2.008659 0.100192 1.056517 -0.352066 0.754341 0.657646 -0.961768 -0.196285 0.944722 -0.757450 2.070781 0.744634 0.581473 
0.024074 0.989562 3.486195 0.567907 0.978960 0.843570 0.259605 -0.122485 1.302414 -0.127994 1.615686 1.286992 1.807213 0.545242 2.498740 2.317080 0.165138 1.218443 -0.458743 0.826991 0.785241 -1.127487 -0.259626 1.098008 -0.886749 2.465679 0.879201 0.650389 
0.044819 1.091772 3.978494 0.617540 1.139659 0.974049 0.328185 -0.128603 1.503760 -0.148066 1.887853 1.456433 2.033739 0.608576 2.842057 2.616749 0.237794 1.374454 -0.570938 0.889440 0.914310 -1.288147 -0.325845 1.246240 -1.014312 2.861409 1.013345 0.713459 
0.069489 1.184911 4.460974 0.661303 1.301837 1.104539 0.400618 -0.131456 1.703724 -0.168100 2.163426 1.621257 2.250734 0.667419 3.176047 2.907762 0.318167 1.524374 -0.688363 0.941728 1.044891 -1.443047 -0.394610 1.389023 -1.140050 3.257564 1.147003 0.770732 
0.098279 1.268824 4.933128 0.699227 1.465463 1.235024 0.476747 -0.130836 1.902055 -0.188078 2.442310 1.781479 2.457989 0.721584 3.500231 3.190227 0.406250 1.668045 -0.810732 0.983906 1.177025 -1.591514 -0.465594 1.525981 -1.263873 3.653757 1.280111 0.822268 
0.131368 1.343380 5.394468 0.731345 1.630506 1.365492 0.556413 -0.126547 2.098516 -0.207979 2.724405 1.937118 2.655312 0.770901 3.814160 3.464257 0.502023 1.805329 -0.937760 1.016028 1.310748 -1.732906 -0.538474 1.656762 -1.385693 4.049616 1.412609 0.868140 
0.168917 1.408470 5.844531 0.757692 1.796933 1.495929 0.639451 -0.118408 2.292892 -0.227786 3.009605 2.088207 2.842531 0.815216 4.117411 3.729973 0.605450 1.936108 -1.069163 1.038157 1.446100 -1.866611 -0.612931 1.781031 -1.505420 4.444788 1.544435 0.908431 
0.211071 1.464006 6.282876 0.778305 1.964711 1.626326 0.725696 -0.106251 2.484982 -0.247481 3.297800 2.234782 3.019494 0.854396 4.409593 3.987506 0.716484 2.060281 -1.204657 1.050361 1.583116 -1.992046 -0.688650 1.898479 -1.622966 4.838940 1.675530 0.943236 
0.257961 1.509923 6.709084 0.793225 2.133805 1.756674 0.814979 -0.089923 2.674606 -0.267046 3.588871 2.376891 3.186067 0.888324 4.690343 4.236992 0.835062 2.177769 -1.343959 1.052715 1.721831 -2.108655 -0.765319 2.008814 -1.738242 5.231753 1.805835 0.972663 
0.309700 1.546177 7.122761 0.802491 2.304179 1.886964 0.907128 -0.069285 2.861600 -0.286464 3.882696 2.514586 3.342138 0.916904 4.959325 4.478576 0.961109 2.288509 -1.486787 1.045300 1.862280 -2.215915 -0.842631 2.111767 -1.851159 5.622929 1.935291 0.996830 
0.366386 1.572746 7.523532 0.806147 2.475796 2.017192 1.001969 -0.044210 3.045820 -0.305719 4.179148 2.647931 3.487611 0.940054 5.216234 4.712413 1.094536 2.392460 -1.632861 1.028205 2.004496 -2.313332 -0.920283 2.207088 -1.961627 6.012186 2.063841 1.015868 
0.428098 1.589632 7.911048 0.804239 2.648617 2.147353 1.099325 -0.014586 3.227138 -0.324794 4.478090 2.776996 3.622413 0.957713 5.460794 4.938663 1.235238 2.489600 -1.781899 1.001523 2.148513 -2.400438 -0.997974 2.294552 -2.069558 6.399261 2.191428 1.029917 
0.494902 1.596856 8.284982 0.796812 2.822604 2.277444 1.199014 0.019685 3.405445 -0.343673 4.779383 2.901860 3.746488 0.969838 5.692756 5.157496 1.383099 2.579924 -1.933622 0.965354 2.294362 -2.476799 -1.075410 2.373951 -2.174863 6.783908 2.317995 1.039132 
0.566848 1.594462 8.645029 0.783916 2.997715 2.407464 1.300853 0.058688 3.580649 -0.362342 5.082882 3.022610 3.859801 0.976402 5.911902 5.369087 1.537989 2.663448 -2.087753 0.919807 2.442073 -2.542008 -1.152298 2.445101 -2.277453 7.165901 2.443489 1.043677 
0.643966 1.582518 8.990906 0.765602 3.173908 2.537413 1.404656 0.102494 3.752678 -0.380783 5.388435 3.139340 3.962334 0.977398 6.118041 5.573623 1.699763 2.740207 -2.244012 0.864994 2.591676 -2.595687 -1.228350 2.507836 -2.377239 7.545027 2.567853 1.043728 
0.726274 1.561110 9.322356 0.741922 3.351142 2.667292 1.510234 0.151159 3.921475 -0.398984 5.695884 3.252154 4.054093 0.972836 6.311013 5.771296 1.868263 2.810256 -2.402123 0.801035 2.743200 -2.637489 -1.303283 2.562015 -2.474131 7.921097 2.691035 1.039475 
0.813772 1.530350 9.639141 0.712932 3.529372 2.797106 1.617394 0.204727 4.087004 -0.416930 6.005067 3.361163 4.135098 0.962746 6.490686 5.962305 2.043317 2.873666 -2.561810 0.728057 2.896674 -2.667095 -1.376816 2.607514 -2.568043 8.293936 2.812982 1.031117 
0.906443 1.490370 9.941048 0.678687 3.708552 2.926859 1.725942 0.263227 4.249245 -0.434607 6.315814 3.466486 4.205392 0.947173 6.656955 6.146861 2.224739 2.930532 -2.722798 0.646192 3.052123 -2.684218 -1.448674 2.644233 -2.658883 8.663387 2.933642 1.018864 
1.004256 1.441324 10.227886 0.639247 3.888637 3.056556 1.835679 0.326674 4.408196 -0.452001 6.627952 3.568250 4.265036 0.926182 6.809748 6.325179 2.412330 2.980964 -2.884812 0.555581 3.209574 -2.688597 -1.518584 2.672091 -2.746564 9.029312 3.052963 1.002941 
1.107161 1.383388 10.499485 0.594671 4.069578 3.186207 1.946405 0.395071 4.563875 -0.469100 6.941299 3.666592 4.314113 0.899857 6.949017 6.497484 2.605877 3.025094 -3.047578 0.456368 3.369053 -2.680002 -1.586279 2.691031 -2.830996 9.391591 3.170895 0.983581 
1.215096 1.316760 10.755702 0.545023 4.251328 3.315820 2.057916 0.468406 4.716315 -0.485890 7.255671 3.761654 4.352721 0.868298 7.074746 6.664007 2.805154 3.063072 -3.210824 0.348706 3.530582 -2.658234 -1.651492 2.701013 -2.912091 9.750121 3.287389 0.961030 
1.327978 1.241661 10.996413 0.490367 4.433836 3.445407 2.170005 0.546651 4.865570 -0.502361 7.570875 3.853589 4.380981 0.831624 7.186949 6.824990 3.009918 3.095066 -3.374278 0.232753 3.694186 -2.623122 -1.713965 2.702020 -2.989759 10.104818 3.402395 0.935547 
1.445711 1.158332 11.221518 0.430769 4.617052 3.574980 2.282462 0.629769 5.011708 -0.518500 7.886713 3.942557 4.399032 0.789972 7.285665 6.980680 3.219917 3.121266 -3.537668 0.108674 3.859886 -2.574523 -1.773440 2.694059 -3.063913 10.455613 3.515866 0.907400 
1.568181 1.067037 11.430940 0.366297 4.800924 3.704553 2.395075 0.717705 5.154820 -0.534295 8.202984 4.028725 4.407034 0.743497 7.370966 7.131332 3.434882 3.141880 -3.700724 -0.023359 4.027704 -2.512326 -1.829666 2.677152 -3.134462 10.802459 3.627754 0.876871 
1.695260 0.968063 11.624623 0.297022 4.985397 3.834141 2.507628 0.810391 5.295011 -0.549735 8.519477 4.112271 4.405163 0.692373 7.442949 7.277211 3.654531 3.157134 -3.863178 -0.163169 4.197660 -2.436448 -1.882393 2.651347 -3.201318 11.145324 3.738013 0.844252 
1.826801 0.861718 11.802537 0.223015 5.170419 3.963762 2.619903 0.907748 5.432406 -0.564811 8.835978 4.193378 4.393619 0.636790 7.501743 7.418588 3.878570 3.167275 -4.024759 -0.310570 4.369773 -2.346837 -1.931376 2.616711 -3.264393 11.484195 3.846596 0.809848 
1.962644 0.748331 11.964671 0.144352 5.355933 4.093434 2.731679 1.009680 5.567146 -0.579512 9.152266 4.272238 4.372618 0.576959 7.547505 7.555744 4.106688 3.172569 -4.185201 -0.465373 4.544063 -2.243468 -1.976375 2.573333 -3.323597 11.819076 3.953460 0.773973 
2.102610 0.628255 12.111041 0.061108 5.541882 4.223178 2.842731 1.116079 5.699393 -0.593828 9.468116 4.349053 4.342396 0.513106 7.580421 7.688965 4.338563 3.173299 -4.344236 -0.627379 4.720546 -2.126348 -2.017153 2.521321 -3.378842 12.149990 4.058560 0.736955 
2.246505 0.501862 12.241680 -0.026640 5.728209 4.353014 2.952833 1.226822 5.829324 -0.607750 9.783296 4.424031 4.303210 0.445477 7.600704 7.818546 4.573857 3.169769 -4.501598 -0.796386 4.899239 -1.995511 -2.053476 2.460807 -3.430039 12.476978 4.161852 0.699133 
2.394120 0.369551 12.356650 -0.118810 5.914856 4.482967 3.061754 1.341772 5.957136 -0.621268 10.097567 4.497389 4.255335 0.374336 7.608599 7.944792 4.812222 3.162304 -4.657022 -0.972183 5.080158 -1.851023 -2.085116 2.391942 -3.477098 12.800096 4.263295 0.660858 
2.545227 0.231737 12.456031 -0.215322 6.101760 4.613060 3.169261 1.460780 6.083042 -0.634376 10.410687 4.569351 4.199067 0.299965 7.604377 8.068013 5.053291 3.151245 -4.810243 -1.154554 5.263317 -1.692977 -2.111848 2.314899 -3.519932 13.119422 4.362845 0.622491 
2.699584 0.088862 12.539929 -0.316092 6.288863 4.743321 3.275118 1.583681 6.207275 -0.647063 10.722406 4.640152 4.134719 0.222662 7.588341 8.188528 5.296688 3.136954 -4.960998 -1.343275 5.448730 -1.521498 -2.133449 2.229871 -3.558451 13.435049 4.460463 0.584407 
2.856933 -0.058614 12.608469 -0.421033 6.476100 4.873776 3.379087 1.710299 6.330085 -0.659324 11.032470 4.710032 4.062626 0.142747 7.560820 8.306665 5.542021 3.119811 -5.109024 -1.538118 5.636410 -1.336738 -2.149704 2.137072 -3.592567 13.747089 4.556109 0.546990 
3.016998 -0.210207 12.661803 -0.530058 6.663409 5.004456 3.480926 1.840441 6.451741 -0.671150 11.340617 4.779241 3.983140 0.060555 7.522174 8.422758 5.788885 3.100216 -5.254059 -1.738846 5.826369 -1.138881 -2.160397 2.036740 -3.622191 14.055671 4.649742 0.510638 
3.179489 -0.365409 12.700102 -0.643077 6.850724 5.135391 3.580390 1.973903 6.572527 -0.682534 11.646583 4.848035 3.896636 -0.023561 7.472789 8.537149 6.036859 3.078589 -5.395842 -1.945217 6.018618 -0.928137 -2.165321 1.929131 -3.647233 14.360943 4.741324 0.475758 
3.344097 -0.523695 12.723563 -0.760000 7.037980 5.266613 3.677231 2.110465 6.692749 -0.693470 11.950094 4.916682 3.803503 -0.109227 7.413084 8.650191 6.285512 3.055369 -5.534112 -2.156982 6.213167 -0.704749 -2.164268 1.814522 -3.667606 14.663071 4.830818 0.442772 
3.510500 -0.684514 12.732403 -0.880731 7.225110 5.398157 3.771200 2.249894 6.812727 -0.703953 12.250872 4.985454 3.704156 -0.196054 7.343504 8.762240 6.534397 3.031012 -5.668610 -2.373887 6.410024 -0.468987 -2.157038 1.693212 -3.683220 14.962237 4.918186 0.412110 
3.678358 -0.847295 12.726864 -1.005177 7.412046 5.530058 3.862042 2.391944 6.932803 -0.713976 12.548635 5.054633 3.599024 -0.283634 7.264524 8.873664 6.783054 3.005995 -5.799077 -2.595669 6.609198 -0.221153 -2.143433 1.565522 -3.693987 15.258643 5.003393 0.384216 
3.847316 -1.011443 12.707208 -1.133239 7.598717 5.662352 3.949502 2.536354 7.053334 -0.723534 12.843092 5.124510 3.488558 -0.371539 7.176647 8.984837 7.031008 2.980815 -5.925255 -2.822061 6.810695 0.038425 -2.123258 1.431793 -3.699818 15.552507 5.086402 0.359546 
4.017000 -1.176344 12.673722 -1.264819 7.785055 5.795078 4.033321 2.682850 7.174695 -0.732623 13.133950 5.195382 3.373228 -0.459327 7.080406 9.096142 7.277772 2.955987 -6.046888 -3.052788 7.014523 0.309387 -2.096325 1.292386 -3.700624 15.844067 5.167180 0.338564 
4.187023 -1.341360 12.626715 -1.399814 7.970986 5.928277 4.113235 2.831143 7.297282 -0.741238 13.420906 5.267556 3.253524 -0.546533 6.976362 9.207967 7.522844 2.932045 -6.163719 -3.287568 7.220687 0.591344 -2.062446 1.147685 -3.696317 16.133577 5.245692 0.321750 
4.356980 -1.505831 12.566519 -1.538122 8.156439 6.061990 4.188981 2.980932 7.421505 -0.749374 13.703655 5.341346 3.129955 -0.632678 6.865106 9.320713 7.765708 2.909544 -6.275493 -3.526115 7.429190 0.883877 -2.021440 0.998094 -3.686807 16.421310 5.321905 0.309592 
4.526452 -1.669075 12.493488 -1.679638 8.341339 6.196260 4.260289 3.131902 7.547794 -0.757030 13.981884 5.417075 3.003049 -0.717263 6.747256 9.434783 8.005837 2.889055 -6.381955 -3.768135 7.640036 1.186540 -1.973128 0.844039 -3.672007 16.707555 5.395787 0.302593 
4.695001 -1.830389 12.408000 -1.824255 8.525611 6.331131 4.326890 3.283722 7.676597 -0.764200 14.255276 5.495073 2.873354 -0.799772 6.623461 9.550593 8.242687 2.871172 -6.482851 -4.013328 7.853228 1.498854 -1.917337 0.685965 -3.651827 16.992622 5.467307 0.301265 
4.862174 -1.989049 12.310455 -1.971862 8.709180 6.466650 4.388509 3.436049 7.808380 -0.770883 14.523506 5.575679 2.741436 -0.879668 6.494397 9.668563 8.475702 2.856505 -6.577930 -4.261386 8.068766 1.820314 -1.853895 0.524340 -3.626178 17.276836 5.536434 0.306133 
5.027502 -2.144305 12.201274 -2.122351 8.891967 6.602865 4.444870 3.588526 7.943627 -0.777077 14.786245 5.659241 2.607884 -0.956401 6.360771 9.789124 8.704311 2.845685 -6.666938 -4.511998 8.286652 2.150382 -1.782637 0.359652 -3.594973 17.560541 5.603138 0.317732 
5.190500 -2.295389 12.080904 -2.275607 9.073894 6.739824 4.495693 3.740783 8.082839 -0.782778 15.043158 5.746112 2.473303 -1.029397 6.223318 9.912713 8.927931 2.839362 -6.749625 -4.764842 8.506886 2.488495 -1.703399 0.192412 -3.558121 17.844100 5.667390 0.336610 
5.350666 -2.441509 11.949813 -2.431516 9.254882 6.877579 4.540696 3.892434 8.226536 -0.787986 15.293904 5.836656 2.338319 -1.098070 6.082800 10.039776 9.145963 2.838205 -6.825740 -5.019593 8.729465 2.834056 -1.616024 0.023149 -3.515535 18.127892 5.729162 0.363327 
5.507483 -2.581853 11.808492 -2.589961 9.434849 7.016181 4.579593 4.043081 8.375255 -0.792700 15.538137 5.931245 2.203576 -1.161810 5.940012 10.170765 9.357798 2.842902 -6.895034 -5.275919 8.954387 3.186441 -1.520356 -0.147586 -3.467127 18.412314 5.788426 0.398453 
5.660418 -2.715584 11.657454 -2.750823 9.613714 7.155685 4.612095 4.192312 8.529552 -0.796919 15.775503 6.030258 2.069740 -1.219994 5.795773 10.306142 9.562808 2.854161 -6.957258 -5.533480 9.181650 3.544996 -1.416245 -0.319218 -3.412806 18.697783 5.845156 0.442570 
5.808919 -2.841845 11.497235 -2.913982 9.791393 7.296145 4.637912 4.339700 8.690001 -0.800643 16.005645 6.134082 1.937495 -1.271977 5.650935 10.446377 9.760356 2.872708 -7.012164 -5.791932 9.411249 3.909038 -1.303544 -0.491155 -3.352485 18.984730 5.899325 0.496274 
5.952421 -2.959758 11.328394 -3.079315 9.967802 7.437620 4.656750 4.484806 8.857193 -0.803871 16.228198 6.243113 1.807543 -1.317099 5.506376 10.591945 9.949789 2.899289 -7.059505 -6.050923 9.643179 4.277854 -1.182110 -0.662782 -3.286075 19.273609 5.950908 0.560169 
6.090341 -3.068420 11.151514 -3.246698 10.142856 7.580166 4.668310 4.627175 9.031737 -0.806605 16.442794 6.357755 1.680608 -1.354680 5.363006 10.743333 10.130440 2.934670 -7.099034 -6.310094 9.877434 4.650702 -1.051804 -0.833463 -3.213487 19.564887 5.999882 0.634872 
6.222081 -3.166909 10.967199 -3.416004 10.316469 7.723844 4.672293 4.766341 9.214261 -0.808844 16.649057 6.478420 1.557432 -1.384022 5.221761 10.901032 10.301630 2.979634 -7.130508 -6.569080 10.114007 5.026809 -0.912490 -1.002541 -3.134633 19.859051 6.046222 0.721013 
6.347026 -3.254280 10.776076 -3.587104 10.488551 7.868716 4.668397 4.901822 9.405411 -0.810592 16.846605 6.605528 1.438778 -1.404410 5.083606 11.065544 10.462665 3.034985 -7.153680 -6.827511 10.352889 5.405376 -0.764038 -1.169339 -3.049424 20.156607 6.089906 0.819231 
6.464546 -3.329564 10.578795 -3.759869 10.659015 8.014844 4.656315 5.033123 9.605850 -0.811848 17.035052 6.739507 1.325426 -1.415110 4.949538 11.237377 10.612836 3.101545 -7.168308 -7.085009 10.594073 5.785570 -0.606320 -1.333157 -2.957771 20.458077 6.130912 0.930179 
6.573992 -3.391774 10.376029 -3.934166 10.827771 8.162294 4.635738 5.159735 9.816258 -0.812616 17.214004 6.880793 1.218176 -1.415370 4.820579 11.417048 10.751423 3.180158 -7.174148 -7.341191 10.837548 6.166531 -0.439213 -1.493275 -2.859586 20.764002 6.169218 1.054521 
6.674703 -3.439898 10.168473 -4.109861 10.994726 8.311130 4.606355 5.281135 10.037336 -0.812898 17.383065 7.029831 1.117850 -1.404420 4.697783 11.605081 10.877691 3.271684 -7.170958 -7.595664 11.083304 6.547371 -0.262597 -1.648952 -2.754780 21.074939 6.204805 1.192931 
6.765998 -3.472902 9.956845 -4.286817 11.159790 8.461421 4.567851 5.396786 10.269801 -0.812698 17.541830 7.187074 1.025287 -1.381473 4.582231 11.802008 10.990891 3.377003 -7.158498 -7.848034 11.331328 6.927171 -0.076357 -1.799427 -2.643265 21.391465 6.237652 1.346097 
6.847181 -3.489733 9.741886 -4.464896 11.322868 8.613236 4.519909 5.506139 10.514388 -0.812017 17.689888 7.352981 0.941346 -1.345723 4.475033 12.008369 11.090261 3.497015 -7.136526 -8.097896 11.581609 7.304980 0.119619 -1.943916 -2.524951 21.714175 6.267742 1.514717 
6.917542 -3.489312 9.524360 -4.643960 11.483866 8.766645 4.462208 5.608628 10.771850 -0.810861 17.826825 7.528023 0.866905 -1.296345 4.377329 12.224713 11.175024 3.632639 -7.104804 -8.344840 11.834132 7.679823 0.325438 -2.081614 -2.399752 22.043680 6.295055 1.699500 
6.976351 -3.470541 9.305053 -4.823864 11.642687 8.921721 4.394425 5.703677 11.042958 -0.809234 17.952219 7.712675 0.802863 -1.232496 4.290287 12.451595 11.244390 3.784812 -7.063092 -8.588451 12.088883 8.050690 0.541204 -2.211697 -2.267577 22.380610 6.319575 1.901169 
7.022865 -3.432298 9.084774 -5.004466 11.799236 9.078537 4.316234 5.790693 11.328502 -0.807139 18.065642 7.907423 0.750136 -1.153318 4.215105 12.689580 11.297556 3.954493 -7.011152 -8.828306 12.345847 8.416546 0.767018 -2.333318 -2.128338 22.725613 6.341285 2.120456 
7.056324 -3.373442 8.864356 -5.185620 11.953414 9.237168 4.227304 5.869071 11.629289 -0.804583 18.166663 8.112760 0.709662 -1.057931 4.153008 12.939239 11.333704 4.142658 -6.948748 -9.063976 12.605006 8.776323 1.002975 -2.445609 -1.981947 23.079354 6.360170 2.358107 
7.075951 -3.292806 8.644651 -5.367178 12.105121 9.397692 4.127305 5.938192 11.946143 -0.801570 18.254843 8.329188 0.682398 -0.945439 4.105251 13.201152 11.352003 4.350302 -6.875644 -9.295025 12.866344 9.128927 1.249167 -2.547683 -1.828315 23.442517 6.376214 2.614877 
7.080953 -3.189205 8.426539 -5.548989 12.254258 9.560186 4.015901 5.997421 12.279909 -0.798107 18.329737 8.557215 0.669318 -0.814928 4.073119 13.475906 11.351608 4.578440 -6.791603 -9.521012 13.129843 9.473231 1.505682 -2.638630 -1.667353 23.815804 6.389405 2.891536 
7.070521 -3.061428 8.210918 -5.730904 12.400722 9.724731 3.892755 6.046113 12.631446 -0.794200 18.390896 8.797360 0.671419 -0.665465 4.057923 13.764097 11.331660 4.828107 -6.696392 -9.741487 13.395483 9.808082 1.772605 -2.717519 -1.498974 24.199932 6.399728 3.188861 
7.043830 -2.908246 7.998711 -5.912767 12.544411 9.891408 3.757525 6.083606 13.001634 -0.789855 18.437863 9.050148 0.689714 -0.496099 4.061007 14.066328 11.291288 5.100355 -6.589776 -9.955996 13.663244 10.132294 2.050016 -2.783399 -1.323088 24.595640 6.407171 3.507645 
7.000039 -2.728406 7.790865 -6.094423 12.685222 10.060299 3.609867 6.109227 13.391370 -0.785079 18.470177 9.316113 0.725239 -0.305861 4.083739 14.383211 11.229605 5.396258 -6.471523 -10.164079 13.933104 10.444655 2.337991 -2.835296 -1.139608 25.003682 6.411722 3.848690 
6.938291 -2.520632 7.588346 -6.275715 12.823048 10.231489 3.449436 6.122285 13.801569 -0.779881 18.487372 9.595798 0.779046 -0.093765 4.127521 14.715364 11.145711 5.716907 -6.341400 -10.365266 14.205042 10.743920 2.636602 -2.872218 -0.948443 25.424831 6.413371 4.212811 
6.857711 -2.283628 7.392146 -6.456483 12.957785 10.405065 3.275881 6.122081 14.233163 -0.774267 18.488973 9.889751 0.852209 0.141194 4.193779 15.063415 11.038692 6.063413 -6.199177 -10.559085 14.479035 11.028818 2.945919 -2.893150 -0.749507 25.859878 6.412107 4.600834 
6.757411 -2.016076 7.203279 -6.636566 13.089324 10.581113 3.088849 6.107896 14.687104 -0.768247 18.474503 10.198532 0.945820 0.400039 4.283972 15.427999 10.907622 6.436907 -6.044623 -10.745054 14.755059 11.298046 3.266006 -2.897055 -0.542710 26.309631 6.407921 5.013595 
6.636483 -1.716634 7.022781 -6.815800 13.217558 10.759722 2.887986 6.079002 15.164361 -0.761829 18.443477 10.522707 1.060992 0.683811 4.399586 15.809758 10.751559 6.838537 -5.877509 -10.922686 15.033088 11.550274 3.596924 -2.882877 -0.327964 26.774917 6.400805 5.451945 
6.494007 -1.383940 6.851710 -6.994021 13.342376 10.940984 2.672933 6.034655 15.665920 -0.755022 18.395405 10.862849 1.198855 0.993571 4.542135 16.209343 10.569548 7.269472 -5.697605 -11.091488 15.313097 11.784139 3.938728 -2.849537 -0.105181 27.256579 6.390750 5.916744 
6.329043 -1.016609 6.691149 -7.171061 13.463668 11.124990 2.443329 5.974098 16.192786 -0.747836 18.329790 11.219543 1.360561 1.330393 4.713165 16.627412 10.360622 7.730902 -5.504684 -11.250961 15.595059 11.998252 4.291474 -2.795938 0.125728 27.755480 6.377751 6.408864 
6.140637 -0.613234 6.542203 -7.346750 13.581323 11.311833 2.198809 5.896559 16.745981 -0.740280 18.246132 11.593378 1.547279 1.695375 4.914246 17.064633 10.123797 8.224031 -5.298518 -11.400597 15.878947 12.191192 4.655208 -2.720959 0.364852 28.272500 6.361800 6.929190 
5.927819 -0.172388 6.405998 -7.520919 13.695226 11.501610 1.939007 5.801253 17.326547 -0.732365 18.143922 11.984953 1.760200 2.089629 5.146982 17.521680 9.858077 8.750087 -5.078882 -11.539883 16.164732 12.361511 5.029977 -2.623458 0.612279 28.808537 6.342893 7.478616 
5.689601 0.307381 6.283685 -7.693393 13.805264 11.694416 1.663552 5.687382 17.935543 -0.724102 18.022648 12.394876 2.000533 2.514287 5.413004 17.999235 9.562454 9.310316 -4.845550 -11.668302 16.452383 12.507730 5.415821 -2.502274 0.868097 29.364506 6.321025 8.058051 
5.424981 0.827544 6.176436 -7.863998 13.911321 11.890350 1.372072 5.554133 18.574044 -0.715503 17.881791 12.823762 2.269506 2.970499 5.713969 18.497988 9.235903 9.905981 -4.598297 -11.785326 16.741871 12.628339 5.812778 -2.356224 1.132395 29.941341 6.296192 8.668412 
5.132938 1.389598 6.085447 -8.032557 14.013281 12.089511 1.064191 5.400680 19.243146 -0.706578 17.720826 13.272233 2.568369 3.459432 6.051568 19.018638 8.877388 10.538367 -4.336900 -11.890425 17.033164 12.721803 6.220880 -2.184103 1.405261 30.539993 6.268391 9.310631 
4.812438 1.995057 6.011935 -8.198892 14.111027 12.292001 0.739529 5.226182 19.943961 -0.697339 17.539223 13.740922 2.898387 3.982271 6.427518 19.561890 8.485857 11.208778 -4.061136 -11.983058 17.326229 12.786552 6.640159 -1.984685 1.686784 31.161432 6.237620 9.985648 
4.462430 2.645461 5.957143 -8.362820 14.204439 12.497923 0.397706 5.029785 20.677619 -0.687800 17.336446 14.230467 3.260849 4.540221 6.843564 20.128458 8.060245 11.918535 -3.770783 -12.062682 17.621034 12.820992 7.070638 -1.756726 1.977052 31.806644 6.203877 10.694418 
4.081844 3.342370 5.922332 -8.524160 14.293397 12.707380 0.038336 4.810622 21.445270 -0.677972 17.111952 14.741517 3.657060 5.134504 7.301482 20.719064 7.599475 12.668980 -3.465618 -12.128745 17.917543 12.823495 7.512339 -1.498956 2.276154 32.476636 6.167163 11.437906 
3.669599 4.087366 5.908791 -8.682727 14.377781 12.920480 -0.338967 4.567811 22.248079 -0.667870 16.865195 15.274726 4.088348 5.766359 7.803076 21.334439 7.102454 13.461474 -3.145423 -12.180689 18.215722 12.792406 7.965280 -1.210088 2.584177 33.172429 6.127477 12.217088 
3.224592 4.882054 5.917828 -8.838335 14.457468 13.137328 -0.734595 4.300457 23.087231 -0.657506 16.595621 15.830760 4.556056 6.437044 8.350179 21.975318 6.568077 14.297398 -2.809977 -12.217950 18.515534 12.726040 8.429476 -0.888813 2.901211 33.895064 6.084820 13.032953 
2.745708 5.728060 5.950774 -8.990794 14.532335 13.358035 -1.148941 4.007649 23.963929 -0.646896 16.302671 16.410290 5.061550 7.147836 8.944654 22.642449 5.995223 15.178149 -2.459062 -12.239956 18.816942 12.622683 8.904934 -0.533799 3.227344 34.645601 6.039194 13.886500 
NaN NaN NaN NaN NaN NaN NaN NaN NaN NaN NaN NaN NaN NaN NaN NaN NaN NaN NaN NaN NaN NaN NaN NaN NaN NaN NaN NaN 
NaN NaN NaN NaN NaN NaN NaN NaN NaN NaN NaN NaN NaN NaN NaN NaN NaN NaN NaN NaN NaN NaN NaN NaN NaN NaN NaN NaN 
NaN NaN NaN NaN NaN NaN NaN NaN NaN NaN NaN NaN NaN NaN NaN NaN NaN NaN NaN NaN NaN NaN NaN NaN NaN NaN NaN NaN 
NaN NaN NaN NaN NaN NaN NaN NaN NaN NaN NaN NaN NaN NaN NaN NaN NaN NaN NaN NaN NaN NaN NaN NaN NaN NaN NaN NaN 
