NaN NaN NaN NaN NaN NaN NaN 
NaN NaN NaN NaN NaN NaN NaN 
NaN NaN NaN NaN NaN NaN NaN 
NaN NaN NaN NaN NaN NaN NaN 
NaN NaN NaN NaN NaN NaN NaN 
2.098127 0.720318 1.476824 -2.935415 -4.077623 2.183081 -0.302626 
1.445276 1.587235 0.765004 -2.209873 -0.811655 1.387019 -0.600567 
0.717188 0.996006 0.561228 -2.079218 -0.383153 0.204329 -0.578949 
0.840792 0.212785 0.359931 -1.538972 0.974805 -0.442151 -0.254239 
0.905265 0.130293 0.310995 -1.426516 0.051694 -1.781769 -0.771393 
0.522265 -0.518683 0.767255 -2.396717 0.090172 -2.436952 -0.954840 
0.851496 -0.929584 1.175865 -3.257262 -0.480886 -2.487881 -1.565201 
-0.149726 -1.244893 0.058336 -3.019662 -0.943919 -2.011497 -1.258364 
-0.627753 -0.178534 0.384383 -3.682899 -0.968970 -1.465454 -1.077353 
-0.046815 -0.126002 1.044977 -3.583823 -0.575826 -2.164743 -0.994557 
-0.501835 -0.779340 1.076572 -2.997264 -0.535570 -2.397266 -1.259161 
-0.688236 -1.453489 -0.335405 -2.741340 -2.213675 -2.584465 -1.345541 
-0.058675 -1.099687 -0.899494 -2.260781 -2.304780 -1.951539 -1.502662 
0.319048 -0.774239 -1.673448 -2.401246 -2.577936 -1.079637 -1.504355 
1.008722 -0.812394 -1.719326 -2.720055 -1.326761 -0.448232 -1.385247 
1.782658 -0.574173 -2.073021 -2.935512 -1.639507 0.288653 -1.602360 
2.546588 -0.737349 -1.813389 -3.161654 -1.310833 1.691240 -1.278264 
3.546945 -0.436832 -2.452666 -4.054393 -0.932079 1.869647 -2.039315 
3.388544 -1.179178 -2.316370 -5.009415 -1.501719 1.901486 -2.422423 
2.794003 -1.348125 -1.505412 -5.467034 -1.825828 2.072693 -2.774429 
2.290744 -1.302948 -2.721658 -5.889645 -1.894961 2.813286 -2.525602 
1.766428 -0.702657 -1.351839 -6.000222 -1.451898 2.902819 -2.158431 
1.245076 -1.759461 -0.615386 -6.184547 -0.993939 2.274495 -2.197866 
1.047640 -1.541760 0.283356 -6.460654 -1.692370 1.245900 -2.095681 
0.403794 -1.916623 0.267107 -6.702374 -1.812894 1.720648 -2.138644 
-0.136886 -2.447556 0.744962 -6.090209 -1.758276 1.500006 -2.272228 
-0.717689 -2.204487 0.269679 -5.029703 -1.778593 0.648404 -2.076113 
-1.155190 -2.462148 1.773054 -3.930880 -0.884506 -0.147551 -1.910419 
-1.143468 -2.367423 1.898647 -3.601437 0.032760 -0.193440 -1.845881 
-0.788525 -2.178744 0.868982 -3.799573 -0.198123 0.118170 -1.536121 
0.047671 -2.547637 2.140449 -3.902370 -0.264861 -0.642920 -1.398946 
1.029427 -2.196341 2.972907 -3.689613 0.291479 -0.736659 -1.212072 
1.623847 -1.494945 2.853547 -3.805062 0.619164 -0.119375 -1.068595 
1.228795 -2.124223 1.738105 -3.037241 1.556366 1.436769 -0.589899 
0.630206 -1.689523 1.132092 -2.517719 0.752541 1.396443 -0.778887 
0.396234 -1.179239 1.798326 -1.694130 1.015178 1.270972 -0.393013 
0.915206 -1.619217 1.364931 -2.422402 0.481103 1.672309 -0.034254 
1.041969 -1.730945 0.012146 -2.365439 -0.588554 1.424935 0.085229 
0.561080 -0.998519 -0.595156 -1.407416 -0.959308 1.663493 0.317562 
0.776278 -1.086719 0.027115 -1.122398 -1.419204 0.408244 0.600122 
0.968936 -0.601011 -0.521773 -1.051036 -1.637677 0.138806 0.611359 
0.924094 -1.263813 -1.601027 -0.952776 -0.635727 0.204251 0.324064 
0.419978 -1.284443 -2.277003 -0.895222 -0.742420 -0.335848 0.278104 
0.310077 -0.073387 -1.380456 -2.312136 -1.159662 -0.530515 -0.220950 
1.088621 0.187196 -0.701722 -1.752742 -0.904022 -0.854571 0.119043 
0.789726 0.118262 -0.562603 -2.246484 -0.589373 -0.935467 0.702269 
-0.040469 0.742445 -0.239424 -0.962298 -0.823921 -1.448716 0.212347 
0.313839 0.917174 0.855537 -0.030303 -0.380604 -1.791960 0.110771 
0.867050 0.997515 1.290167 -0.160084 -0.453793 -1.076975 -0.119694 
-0.129559 -0.178683 0.602112 -0.143312 0.116175 0.105205 -0.743129 
-0.117826 0.403770 0.571731 0.431817 0.696014 -0.087414 -0.957348 
-0.730585 0.588494 1.503165 0.737363 -0.680858 0.612500 -0.734451 
0.021898 0.468339 1.332048 0.583831 0.083388 1.064028 -0.631593 
-0.150514 0.105566 0.911955 1.679520 0.445126 0.588275 -0.316797 
-0.164309 0.080196 1.227986 1.418817 0.291125 0.381583 -0.041080 
0.116801 -0.221289 0.042589 2.089409 0.211643 0.711562 -0.145674 
-0.508945 -0.215872 0.355151 1.751791 1.132340 0.583532 0.066559 
-1.612734 -0.263662 -0.657375 0.781115 1.388731 1.673074 0.297849 
-1.501671 -0.815732 -0.682727 0.441655 1.497085 1.170980 0.338983 
-0.864409 0.308933 -0.068333 0.591074 2.146431 -0.172330 0.849370 
-1.248590 0.024627 0.497043 -0.058681 2.137130 0.366857 1.125457 
-0.992127 0.505769 -0.092177 0.410874 2.616896 1.101945 1.134556 
-0.554494 -0.130292 0.374445 0.655259 1.823051 0.502080 1.368983 
-0.788494 -0.246794 1.685942 1.432295 1.787535 0.826633 1.185444 
-0.743613 -0.158465 1.702520 1.948960 2.188534 2.423512 0.584615 
-0.778120 0.544767 1.647119 1.792160 1.857038 2.663235 0.205453 
0.491472 0.825204 2.253687 2.058997 1.568726 2.726053 0.432426 
1.289491 1.432421 3.373333 2.541051 1.101322 2.232092 0.878046 
1.078819 2.023620 3.154183 2.888188 0.177083 2.449183 1.558721 
1.178702 2.392583 2.712179 3.435201 0.408535 4.715396 1.573810 
1.148994 2.562578 2.743795 4.247753 0.419336 5.160543 1.811553 
1.528531 2.425829 2.714181 3.374450 -0.130827 3.569902 1.604353 
0.271768 4.050806 3.778379 4.163408 -0.136715 4.210576 1.544593 
0.245392 5.284047 3.449844 3.208952 -0.014158 4.147983 1.603266 
0.368781 4.846598 3.419432 3.095599 0.009203 3.786677 2.278999 
1.807932 5.084461 3.590519 3.158090 0.130529 3.506554 2.532593 
2.411358 4.770857 3.329890 3.438374 0.301349 5.126832 2.777058 
2.162436 4.449891 4.007875 3.653243 0.414389 6.274900 2.190619 
2.470963 3.973223 5.478737 4.444466 1.608612 5.211720 1.861245 
2.206677 3.750364 6.244115 4.157087 0.550869 3.552589 1.999949 
2.692862 3.283433 6.424393 4.380025 -0.016457 3.837962 2.052699 
3.418985 3.383574 7.401316 4.485716 0.513392 3.234619 2.583197 
4.377434 2.535341 6.565594 4.412279 0.591430 3.555014 2.624405 
5.112700 1.686799 5.978613 4.622824 -0.370759 3.306591 2.705556 
5.210504 2.309051 6.427351 4.644937 0.036986 3.067937 2.935246 
4.481672 2.501176 7.552196 4.067762 -0.315304 3.303847 3.053386 
4.082779 2.529753 7.500404 3.969822 0.061899 2.264468 2.630004 
5.783116 2.326985 6.030468 4.179064 0.678837 1.951240 3.232095 
5.639239 2.733597 6.242945 3.696449 0.212639 2.251825 3.347856 
6.763455 3.232508 7.452749 3.916174 1.379518 3.280316 3.077390 
6.692838 3.330094 7.326279 3.414978 2.020123 3.034419 3.395896 
5.944670 3.376814 6.760770 3.618733 2.221526 3.768090 2.871116 
5.548109 3.240866 7.403682 3.610654 2.470343 4.192545 2.759065 
5.933317 3.014306 7.927423 4.634638 3.795089 5.111407 2.627875 
5.649471 2.793261 7.507996 5.863559 4.037175 4.524365 1.989179 
6.411674 2.961996 7.196329 6.517337 4.359768 3.544431 2.353284 
6.623819 3.141190 7.700336 6.557427 3.927316 2.583065 2.836109 
5.873586 3.590767 8.907957 7.024195 4.059837 2.357444 3.026797 
5.726511 3.366522 9.126270 7.109697 5.460766 2.794448 3.468959 
5.259599 2.814286 7.539304 7.896004 4.843208 2.549242 3.783709 
4.700976 3.347486 8.043127 9.478689 4.762989 2.016527 3.047657 
4.629944 3.907126 8.402908 10.244667 5.617429 2.856243 3.443813 
4.886082 4.316623 9.237502 10.335443 5.726137 3.261010 3.364856 
4.853666 5.353865 9.795948 9.901854 5.057272 2.925961 3.783380 
5.053686 6.361746 10.543721 9.386806 5.453412 4.176050 4.276454 
4.332062 6.312175 10.633355 9.393235 5.837242 5.601487 4.177377 
4.189033 6.828210 10.047450 10.266803 5.584011 6.072588 4.155005 
4.483039 7.000761 10.513221 11.831980 5.847163 6.382562 4.271370 
5.169269 7.442195 9.635635 12.411542 4.755603 6.670177 4.296836 
5.577412 8.061888 11.402364 12.565775 5.338478 6.663131 4.131327 
6.205196 7.527205 11.669553 12.056245 6.146322 7.668187 4.886909 
6.884486 6.973770 12.719560 11.797180 5.506475 8.397629 5.292764 
7.295544 6.926979 12.044598 12.324862 5.106369 7.212790 5.440655 
6.848361 6.633505 12.812219 12.288773 5.550766 7.052388 5.319070 
7.451315 6.267635 12.702313 12.864515 5.678394 7.468427 5.675983 
7.591230 6.140883 13.824959 13.203284 5.422370 7.476617 5.482518 
7.789048 6.299277 15.487593 13.239407 6.221893 8.613550 5.715760 
7.462396 6.517528 15.053297 11.618270 6.260469 9.321781 5.834818 
7.160040 6.541875 15.825731 11.728791 6.447501 8.887076 5.572878 
7.027024 6.204889 15.942602 11.479655 6.122994 9.401353 5.982972 
7.839759 6.303732 16.156553 11.650860 5.917044 9.046896 6.076517 
8.796330 6.391620 16.253860 12.764552 6.406866 7.792902 6.084132 
9.254600 6.592688 16.805841 12.861031 7.155309 8.595713 6.914694 
9.165206 6.463028 16.679733 13.720087 6.975565 8.309252 7.323807 
9.063319 5.419514 17.607103 12.616743 6.789428 6.529262 7.659117 
10.090298 5.762832 17.616332 13.281017 7.779694 5.675050 7.902066 
10.370070 5.451134 17.524537 13.281600 8.737801 6.356113 7.347643 
10.545608 6.626954 18.042858 13.929800 8.591152 6.283316 7.425603 
11.248789 6.555871 18.501721 13.190832 8.672955 7.692410 7.626212 
11.502029 7.220612 19.950327 13.838428 9.010124 6.994457 7.532208 
11.256668 7.316283 18.581437 13.731686 9.757828 6.989019 7.682282 
9.788791 8.150404 18.158575 13.269994 9.918056 7.416694 7.465345 
10.102008 7.738512 17.364571 13.239446 9.504840 7.586499 6.859756 
10.535609 7.758888 17.292416 13.029284 10.045127 6.926395 6.729835 
11.002538 8.056049 18.002205 13.094888 9.894794 8.531258 6.626283 
8.947204 7.554921 18.064140 13.960736 9.361845 8.727793 6.757853 
8.855636 7.449089 17.624181 13.604380 9.124006 7.302995 7.245288 
9.133090 6.072311 17.166089 13.386147 8.922570 6.977615 7.165818 
8.606523 6.566719 17.102262 14.410725 9.204603 6.472776 7.073624 
8.642311 5.912182 15.545845 14.840402 9.303970 6.905939 7.623824 
7.960447 6.007275 18.207779 15.141219 8.355104 6.433046 7.473160 
NaN NaN NaN NaN NaN NaN NaN 
NaN NaN NaN NaN NaN NaN NaN 
NaN NaN NaN NaN NaN NaN NaN 
NaN NaN NaN NaN NaN NaN NaN 
