NaN NaN NaN NaN NaN NaN NaN NaN NaN NaN NaN NaN NaN NaN NaN NaN NaN NaN NaN NaN NaN 
NaN NaN NaN NaN NaN NaN NaN NaN NaN NaN NaN NaN NaN NaN NaN NaN NaN NaN NaN NaN NaN 
NaN NaN NaN NaN NaN NaN NaN NaN NaN NaN NaN NaN NaN NaN NaN NaN NaN NaN NaN NaN NaN 
NaN NaN NaN NaN NaN NaN NaN NaN NaN NaN NaN NaN NaN NaN NaN NaN NaN NaN NaN NaN NaN 
NaN NaN NaN NaN NaN NaN NaN NaN NaN NaN NaN NaN NaN NaN NaN NaN NaN NaN NaN NaN NaN 
-12.158820 -6.143683 -2.681895 -11.745932 -5.987917 -11.283537 1.242887 -3.145398 -1.175134 -8.360041 -4.810724 -3.960856 -1.418462 -5.412293 -4.177032 -1.320658 -3.040922 -2.386680 -8.895604 -13.275610 -11.106822 
-11.472835 -5.481077 -2.554378 -10.896436 -5.608152 -11.600299 1.260731 -2.721514 -0.797299 -8.406708 -5.353244 -3.913584 -1.705041 -5.380309 -4.020099 -1.101588 -3.313750 -1.946787 -8.358602 -12.561210 -10.528876 
-10.818233 -4.860769 -2.438944 -10.091438 -5.244643 -11.871189 1.264779 -2.329976 -0.449914 -8.443103 -5.845907 -3.864868 -1.969906 -5.344322 -3.869595 -0.902205 -3.560716 -1.542052 -7.847428 -11.874731 -9.974783 
-10.194012 -4.281201 -2.334901 -9.329515 -4.897014 -12.098019 1.255999 -1.969449 -0.131778 -8.469313 -6.290499 -3.814719 -2.213705 -5.304379 -3.725270 -0.721587 -3.782726 -1.171006 -7.361242 -11.215492 -9.443875 
-9.599181 -3.740839 -2.241565 -8.609264 -4.564891 -12.282573 1.235343 -1.638618 0.158293 -8.485422 -6.688781 -3.763149 -2.437075 -5.260526 -3.586875 -0.558830 -3.980671 -0.832209 -6.899214 -10.582821 -8.935487 
-9.032767 -3.238176 -2.158267 -7.929296 -4.247902 -12.426603 1.203741 -1.336189 0.421465 -8.491519 -7.042487 -3.710168 -2.640648 -5.212813 -3.454162 -0.413044 -4.155430 -0.524239 -6.460529 -9.976052 -8.448965 
-8.493811 -2.771728 -2.084345 -7.288244 -3.945676 -12.531835 1.162107 -1.060888 0.658887 -8.487690 -7.353324 -3.655787 -2.825046 -5.161286 -3.326891 -0.283355 -4.307871 -0.245701 -6.044382 -9.394524 -7.983660 
-7.981367 -2.340040 -2.019151 -6.684757 -3.657845 -12.599963 1.111333 -0.811464 0.871690 -8.474023 -7.622972 -3.600017 -2.990883 -5.105995 -3.204821 -0.168906 -4.438846 0.004778 -5.649982 -8.837586 -7.538930 
-7.494504 -1.941678 -1.962048 -6.117502 -3.384042 -12.632653 1.052296 -0.586682 1.060985 -8.450607 -7.853086 -3.542867 -3.138765 -5.046990 -3.087717 -0.068855 -4.549200 0.228545 -5.276548 -8.304588 -7.114142 
-7.032306 -1.575236 -1.912408 -5.585166 -3.123903 -12.631541 0.985851 -0.385331 1.227868 -8.417530 -8.045293 -3.484346 -3.269288 -4.984319 -2.975345 0.017623 -4.639761 0.426927 -4.923313 -7.794893 -6.708670 
-6.593872 -1.239331 -1.869616 -5.086451 -2.877067 -12.598235 0.912835 -0.206219 1.373417 -8.374882 -8.201194 -3.424465 -3.383043 -4.918034 -2.867475 0.091339 -4.711346 0.601225 -4.589521 -7.307865 -6.321894 
-6.178314 -0.932607 -1.833067 -4.620080 -2.643172 -12.534312 0.834066 -0.048176 1.498689 -8.322753 -8.322363 -3.363230 -3.480609 -4.848184 -2.763881 0.153086 -4.764760 0.752717 -4.274427 -6.842878 -5.953202 
-5.784759 -0.653733 -1.802167 -4.184792 -2.421861 -12.441320 0.750343 0.089950 1.604727 -8.261233 -8.410347 -3.300651 -3.562559 -4.774821 -2.664339 0.203644 -4.800796 0.882657 -3.977302 -6.399310 -5.601990 
-5.412349 -0.401403 -1.776335 -3.779345 -2.212776 -12.320778 0.662447 0.209289 1.692555 -8.190415 -8.466668 -3.236735 -3.629456 -4.697997 -2.568628 0.243773 -4.820233 0.992278 -3.697424 -5.976549 -5.267660 
-5.060240 -0.174334 -1.754998 -3.402516 -2.015565 -12.174177 0.571139 0.310949 1.763177 -8.110389 -8.492818 -3.171490 -3.681857 -4.617764 -2.476532 0.274221 -4.823839 1.082785 -3.434088 -5.573986 -4.949622 
-4.727603 0.028728 -1.737596 -3.053097 -1.829874 -12.002977 0.477162 0.396021 1.817583 -8.021248 -8.490267 -3.104922 -3.720308 -4.534174 -2.387836 0.295718 -4.812368 1.155364 -3.186596 -5.191020 -4.647294 
-4.413622 0.209015 -1.723580 -2.729902 -1.655354 -11.808608 0.381238 0.465573 1.856741 -7.923085 -8.460455 -3.037039 -3.745349 -4.447281 -2.302330 0.308979 -4.786563 1.211174 -2.954267 -4.827057 -4.360099 
-4.117499 0.367732 -1.712411 -2.431760 -1.491656 -11.592473 0.284074 0.520653 1.881606 -7.815994 -8.404796 -2.967846 -3.757509 -4.357137 -2.219805 0.314703 -4.747154 1.251352 -2.736429 -4.481509 -4.087469 
-3.838446 0.506059 -1.703563 -2.157519 -1.338434 -11.355943 0.186354 0.562288 1.893110 -7.700067 -8.324677 -2.897349 -3.757312 -4.263797 -2.140056 0.313572 -4.694859 1.277011 -2.532423 -4.153795 -3.828845 
-3.575693 0.625151 -1.696520 -1.906046 -1.195344 -11.100363 0.088745 0.591486 1.892171 -7.575401 -8.221461 -2.825554 -3.745271 -4.167316 -2.062884 0.306254 -4.630383 1.289241 -2.341602 -3.843338 -3.583671 
-3.328482 0.726139 -1.690776 -1.676225 -1.062043 -10.827046 -0.008104 0.609234 1.879688 -7.442089 -8.096481 -2.752464 -3.721892 -4.067748 -1.988088 0.293399 -4.554419 1.289109 -2.163331 -3.549572 -3.351401 
-3.096071 0.810126 -1.685837 -1.466958 -0.938192 -10.537276 -0.103565 0.616497 1.856542 -7.300228 -7.951046 -2.678086 -3.687672 -3.965149 -1.915474 0.275644 -4.467647 1.277656 -1.996988 -3.271935 -3.131498 
-2.877732 0.878194 -1.681221 -1.277166 -0.823452 -10.232309 -0.197028 0.614221 1.823595 -7.149913 -7.786436 -2.602423 -3.643099 -3.859575 -1.844850 0.253606 -4.370735 1.255901 -1.841962 -3.009870 -2.923427 
-2.672752 0.931395 -1.676455 -1.105787 -0.717487 -9.913370 -0.287901 0.603331 1.781693 -6.991243 -7.603906 -2.525479 -3.588655 -3.751081 -1.776027 0.227891 -4.264338 1.224840 -1.697654 -2.762830 -2.726666 
-2.480431 0.970760 -1.671080 -0.951777 -0.619964 -9.581656 -0.375612 0.584733 1.731665 -6.824313 -7.404683 -2.447257 -3.524811 -3.639726 -1.708820 0.199086 -4.149099 1.185445 -1.563478 -2.530272 -2.540697 
-2.300086 0.997292 -1.664645 -0.814112 -0.530549 -9.238334 -0.459607 0.559309 1.674319 -6.649222 -7.189970 -2.367761 -3.452032 -3.525566 -1.643046 0.167761 -4.025650 1.138664 -1.438859 -2.311660 -2.365010 
-2.131046 1.011970 -1.656711 -0.691783 -0.448912 -8.884542 -0.539353 0.527925 1.610448 -6.466069 -6.960940 -2.286992 -3.370772 -3.408659 -1.578525 0.134474 -3.894607 1.085422 -1.323236 -2.106466 -2.199103 
-1.972656 1.015748 -1.646852 -0.583803 -0.374727 -8.521388 -0.614333 0.491422 1.540825 -6.274952 -6.718743 -2.204952 -3.281480 -3.289063 -1.515082 0.099764 -3.756577 1.026620 -1.216057 -1.914166 -2.042479 
-1.824274 1.009554 -1.634650 -0.489198 -0.307666 -8.149952 -0.684051 0.450625 1.466208 -6.075971 -6.464498 -2.121644 -3.184593 -3.166837 -1.452543 0.064155 -3.612153 0.963135 -1.116785 -1.734244 -1.894652 
-1.685275 0.994291 -1.619701 -0.407017 -0.247405 -7.771284 -0.748029 0.406334 1.387334 -5.869226 -6.199301 -2.037069 -3.080543 -3.042040 -1.390739 0.028156 -3.461915 0.895822 -1.024894 -1.566192 -1.755139 
-1.555046 0.970838 -1.601610 -0.336324 -0.193622 -7.386403 -0.805808 0.359331 1.304924 -5.654818 -5.924220 -1.951228 -2.969752 -2.914733 -1.329502 -0.007741 -3.306433 0.825511 -0.939870 -1.409505 -1.623468 
-1.432989 0.940047 -1.579993 -0.276202 -0.145998 -6.996303 -0.856949 0.310379 1.219681 -5.432849 -5.640297 -1.864121 -2.852633 -2.784974 -1.268670 -0.043060 -3.146261 0.753008 -0.861211 -1.263689 -1.499173 
-1.318522 0.902747 -1.554480 -0.225752 -0.104214 -6.601943 -0.901030 0.260217 1.132291 -5.203419 -5.348546 -1.775748 -2.729592 -2.652825 -1.208082 -0.077339 -2.981944 0.679099 -0.788428 -1.128251 -1.381794 
-1.211076 0.859739 -1.524707 -0.184094 -0.067954 -6.204257 -0.937649 0.209565 1.043419 -4.966632 -5.049956 -1.686109 -2.601026 -2.518347 -1.147580 -0.110135 -2.814013 0.604541 -0.721042 -1.002710 -1.270880 
-1.110097 0.811800 -1.490326 -0.150363 -0.036904 -5.804149 -0.966423 0.159124 0.953716 -4.722590 -4.745488 -1.595204 -2.467324 -2.381601 -1.087011 -0.141019 -2.642985 0.530072 -0.658588 -0.886588 -1.165987 
-1.015046 0.759684 -1.450997 -0.123717 -0.010752 -5.402491 -0.986988 0.109572 0.863813 -4.471396 -4.436077 -1.503031 -2.328867 -2.242650 -1.026224 -0.169576 -2.469368 0.456404 -0.600613 -0.779415 -1.066677 
-0.925396 0.704117 -1.406393 -0.103327 0.010812 -5.000130 -0.998998 0.061569 0.774324 -4.213156 -4.122632 -1.409588 -2.186026 -2.101555 -0.965070 -0.195412 -2.293655 0.384226 -0.546675 -0.680727 -0.972521 
-0.840638 0.645800 -1.356197 -0.088385 0.028096 -4.597879 -1.002127 0.015752 0.685845 -3.947973 -3.806033 -1.314874 -2.039165 -1.958381 -0.903406 -0.218143 -2.116326 0.314204 -0.496346 -0.590067 -0.883097 
-0.760275 0.585410 -1.300102 -0.078101 0.041406 -4.196525 -0.996067 -0.027260 0.598953 -3.675953 -3.487137 -1.218886 -1.888640 -1.813190 -0.841089 -0.237405 -1.937852 0.246980 -0.449207 -0.506983 -0.797988 
-0.683827 0.523600 -1.237815 -0.071702 0.051046 -3.796825 -0.980529 -0.066871 0.514210 -3.397202 -3.166772 -1.121622 -1.734797 -1.666046 -0.777983 -0.252849 -1.758688 0.183173 -0.404854 -0.431033 -0.716788 
-0.610824 0.460993 -1.169051 -0.068433 0.057318 -3.399506 -0.955245 -0.102504 0.432158 -3.111825 -2.845739 -1.023079 -1.577977 -1.517014 -0.713951 -0.264140 -1.579279 0.123376 -0.362894 -0.361778 -0.639095 
-0.540816 0.398193 -1.093538 -0.067559 0.060522 -3.005266 -0.919962 -0.133602 0.353320 -2.819931 -2.524814 -0.923253 -1.418508 -1.366159 -0.648861 -0.270961 -1.400055 0.068162 -0.322946 -0.298787 -0.564516 
-0.473363 0.335774 -1.011015 -0.068360 0.060956 -2.614774 -0.874449 -0.159630 0.278205 -2.521625 -2.204745 -0.822139 -1.256714 -1.213546 -0.582585 -0.273011 -1.221437 0.018078 -0.284641 -0.241636 -0.492666 
-0.408042 0.274288 -0.921231 -0.070137 0.058916 -2.228669 -0.818493 -0.180073 0.207301 -2.217016 -1.886255 -0.719734 -1.092908 -1.059241 -0.514997 -0.270003 -1.043830 -0.026351 -0.247622 -0.189906 -0.423165 
-0.344444 0.214259 -0.823947 -0.072207 0.054696 -1.847561 -0.751900 -0.194435 0.141078 -1.906213 -1.570038 -0.616033 -0.927395 -0.903310 -0.445975 -0.261668 -0.867628 -0.064625 -0.211545 -0.143185 -0.355642 
-0.282173 0.156188 -0.718934 -0.073906 0.048587 -1.472031 -0.674495 -0.202242 0.079992 -1.589325 -1.256763 -0.511031 -0.760473 -0.745819 -0.375400 -0.247750 -0.693215 -0.096266 -0.176077 -0.101070 -0.289732 
-0.220851 0.100549 -0.605975 -0.074589 0.040880 -1.102630 -0.586121 -0.203042 0.024476 -1.266461 -0.947072 -0.404722 -0.592429 -0.586837 -0.303154 -0.228013 -0.520958 -0.120822 -0.140898 -0.063161 -0.225080 
-0.160110 0.047794 -0.484865 -0.073626 0.031863 -0.739880 -0.486641 -0.196400 -0.025051 -0.937732 -0.641581 -0.297100 -0.423546 -0.426431 -0.229126 -0.202233 -0.351214 -0.137862 -0.105699 -0.029066 -0.161335 
-0.099600 -0.001654 -0.355407 -0.070407 0.021821 -0.384274 -0.375937 -0.181903 -0.068189 -0.603249 -0.340878 -0.188159 -0.254094 -0.264669 -0.153205 -0.170203 -0.184329 -0.146980 -0.070184 0.001600 -0.098155 
-0.038984 -0.047395 -0.217419 -0.064342 0.011039 -0.036276 -0.253908 -0.159160 -0.104556 -0.263122 -0.045525 -0.077892 -0.084337 -0.101620 -0.075285 -0.131734 -0.020634 -0.147793 -0.034070 0.029215 -0.035204 
0.022060 -0.089055 -0.070727 -0.054856 -0.000202 0.303681 -0.120474 -0.127798 -0.133789 0.082536 0.243941 0.033708 0.085469 0.062647 0.004738 -0.086651 0.139551 -0.139941 0.002917 0.054153 0.027844 
0.083841 -0.126285 0.084831 -0.041394 -0.011621 0.635191 0.024426 -0.087467 -0.155540 0.433612 0.527013 0.146649 0.255077 0.228063 0.086964 -0.034794 0.295919 -0.123089 0.041035 0.076778 0.091310 
0.146652 -0.158760 0.249406 -0.023417 -0.022942 0.957880 0.180835 -0.037835 -0.169482 0.789995 0.803207 0.260939 0.424248 0.394557 0.171490 0.023979 0.448176 -0.096925 0.080534 0.097451 0.155508 
0.210771 -0.186182 0.423137 -0.000405 -0.033888 1.271401 0.348778 0.021408 -0.175302 1.151569 1.072069 0.376586 0.592752 0.562059 0.258411 0.089796 0.596040 -0.061160 0.121649 0.116524 0.220743 
0.276463 -0.208278 0.606153 0.028141 -0.044185 1.575437 0.528259 0.090551 -0.172709 1.518222 1.333169 0.493599 0.760368 0.730498 0.347817 0.162768 0.739239 -0.015528 0.164602 0.134343 0.287314 
0.343977 -0.224799 0.798571 0.062708 -0.053562 1.869701 0.719265 0.169864 -0.161427 1.889838 1.586105 0.611987 0.926881 0.899802 0.439796 0.242989 0.877518 0.040211 0.209607 0.151248 0.355512 
0.413550 -0.235522 1.000498 0.103759 -0.061748 2.153934 0.921762 0.259596 -0.141199 2.266301 1.830501 0.731760 1.092086 1.069899 0.534432 0.330541 1.010632 0.106275 0.256863 0.167571 0.425621 
0.485401 -0.240249 1.212030 0.151742 -0.068476 2.427909 1.135700 0.359976 -0.111786 2.647497 2.066008 0.852928 1.255785 1.240717 0.631808 0.425486 1.138346 0.182859 0.306556 0.183641 0.497918 
0.559738 -0.238807 1.433251 0.207087 -0.073480 2.691424 1.361007 0.471210 -0.072965 3.033309 2.292305 0.975501 1.417791 1.412182 0.732000 0.527872 1.260443 0.270134 0.358863 0.199775 0.572673 
0.636753 -0.231049 1.664233 0.270204 -0.076496 2.944311 1.597593 0.593486 -0.024533 3.423620 2.509093 1.099490 1.577923 1.584223 0.835085 0.637731 1.376714 0.368247 0.413947 0.216289 0.650147 
0.716622 -0.216852 1.905041 0.341488 -0.077262 3.186428 1.845351 0.726972 0.033696 3.818311 2.716106 1.224906 1.736009 1.756763 0.941133 0.755078 1.486964 0.477322 0.471958 0.233489 0.730596 
0.799509 -0.196119 2.155723 0.421313 -0.075520 3.417664 2.104153 0.871813 0.101890 4.217266 2.913100 1.351762 1.891886 1.929731 1.050215 0.879915 1.591010 0.597458 0.533036 0.251676 0.814267 
0.885563 -0.168778 2.416322 0.510037 -0.071010 3.637936 2.373854 1.028136 0.180200 4.620366 3.099858 1.480069 2.045397 2.103049 1.162395 1.012225 1.688682 0.728733 0.597308 0.271143 0.901400 
0.974916 -0.134782 2.686865 0.607998 -0.063477 3.847192 2.654286 1.196045 0.268759 5.027491 3.276193 1.609839 2.196396 2.276644 1.277736 1.151976 1.779822 0.871200 0.664888 0.292178 0.992228 
1.067690 -0.094110 2.967371 0.715517 -0.052667 4.045408 2.945268 1.375626 0.367680 5.438522 3.441941 1.741085 2.344745 2.450439 1.396297 1.299122 1.864285 1.024887 0.735880 0.315061 1.086977 
1.163988 -0.046764 3.257846 0.832898 -0.038330 4.232590 3.246595 1.566942 0.477062 5.853338 3.596965 1.873822 2.490312 2.624358 1.518135 1.453598 1.941938 1.189801 0.810374 0.340068 1.185866 
1.263902 0.007226 3.558287 0.960425 -0.020214 4.408773 3.558046 1.770039 0.596983 6.271818 3.741158 2.008061 2.632977 2.798324 1.643301 1.615325 2.012661 1.365925 0.888449 0.367465 1.289105 
1.367506 0.067806 3.868678 1.098366 0.001928 4.574021 3.879380 1.984939 0.727503 6.693842 3.874435 2.143818 2.772625 2.972261 1.771847 1.784209 2.076344 1.553216 0.970170 0.397515 1.396899 
1.474864 0.134897 4.188992 1.246968 0.028341 4.728428 4.210337 2.211644 0.868668 7.119286 3.996741 2.281106 2.909151 3.146090 1.903818 1.960138 2.132893 1.751611 1.055594 0.430471 1.509444 
1.586022 0.208396 4.519193 1.406463 0.059269 4.872117 4.550639 2.450139 1.020502 7.548030 4.108047 2.419942 3.042458 3.319734 2.039259 2.142984 2.182225 1.961021 1.144761 0.466582 1.626929 
1.701012 0.288172 4.859232 1.577063 0.094954 5.005241 4.899988 2.700383 1.183014 7.979948 4.208348 2.560339 3.172458 3.493113 2.178209 2.332606 2.224268 2.181334 1.237703 0.506090 1.749536 
1.819853 0.374071 5.209050 1.758963 0.135635 5.127980 5.258068 2.962320 1.356193 8.414918 4.297670 2.702314 3.299071 3.666149 2.320705 2.528845 2.258964 2.412414 1.334436 0.549230 1.877440 
1.942549 0.465912 5.568575 1.952340 0.181551 5.240547 5.624544 3.235869 1.540011 8.852816 4.376062 2.845883 3.422223 3.838762 2.466782 2.731526 2.286268 2.654103 1.434969 0.596230 2.010809 
2.069087 0.563492 5.937727 2.157351 0.232936 5.343181 5.999060 3.520931 1.734423 9.293516 4.443602 2.991063 3.541853 4.010873 2.616471 2.940458 2.306146 2.906219 1.539293 0.647312 2.149802 
2.199444 0.666580 6.316411 2.374137 0.290025 5.436153 6.381245 3.817386 1.939365 9.736894 4.500393 3.137869 3.657904 4.182400 2.769798 3.155436 2.318577 3.168554 1.647392 0.702692 2.294573 
2.333579 0.774920 6.704526 2.602821 0.353049 5.519760 6.770706 4.125093 2.154756 10.182823 4.546565 3.286320 3.770330 4.353263 2.926790 3.376236 2.323553 3.440879 1.759234 0.762579 2.445266 
2.471438 0.888231 7.101955 2.843506 0.422238 5.594332 7.167031 4.443892 2.380497 10.631177 4.582275 3.436433 3.879091 4.523380 3.087466 3.602622 2.321077 3.722942 1.874778 0.827175 2.602021 
2.612952 1.006209 7.508573 3.096279 0.497819 5.660226 7.569792 4.773601 2.616472 11.081829 4.607707 3.588227 3.984159 4.692669 3.251845 3.834339 2.311166 4.014465 1.993969 0.896677 2.764968 
2.758038 1.128521 7.924243 3.361209 0.580018 5.717829 7.978539 5.114017 2.862544 11.534651 4.623071 3.741720 4.085510 4.861048 3.419943 4.071116 2.293848 4.315147 2.116741 0.971273 2.934231 
2.906597 1.254813 8.348817 3.638344 0.669059 5.767558 8.392804 5.464918 3.118562 11.989515 4.628603 3.896930 4.183132 5.028434 3.591770 4.312669 2.269165 4.624666 2.243015 1.051146 3.109925 
3.058519 1.384701 8.782135 3.927718 0.765163 5.809857 8.812102 5.826062 3.384356 12.446293 4.624568 4.053878 4.277018 5.194744 3.767337 4.558696 2.237170 4.942673 2.372700 1.136473 3.292162 
3.213675 1.517781 9.224027 4.229343 0.868549 5.845202 9.235926 6.197184 3.659736 12.904855 4.611255 4.212582 4.367173 5.359894 3.946647 4.808880 2.197929 5.268798 2.505694 1.227424 3.481041 
3.371925 1.653619 9.674313 4.543217 0.979435 5.874098 9.663753 6.578001 3.944498 13.365071 4.588980 4.373064 4.453608 5.523799 4.129705 5.062886 2.151522 5.602646 2.641881 1.324161 3.676659 
3.533113 1.791760 10.132799 4.869316 1.098038 5.897077 10.095037 6.968207 4.238416 13.826812 4.558088 4.535343 4.536342 5.686376 4.316508 5.320366 2.098038 5.943798 2.781136 1.426842 3.879101 
3.697069 1.931721 10.599282 5.207602 1.224569 5.914703 10.529219 7.367479 4.541251 14.289945 4.518947 4.699441 4.615404 5.847538 4.507054 5.580954 2.037582 6.291814 2.923317 1.535617 4.088448 
3.863607 2.072994 11.073549 5.558014 1.359242 5.927567 10.965716 7.775469 4.852741 14.754340 4.471956 4.865378 4.690830 6.007199 4.701334 5.844271 1.970269 6.646227 3.068276 1.650628 4.304773 
4.032530 2.215048 11.555372 5.920477 1.502264 5.936292 11.403928 8.191814 5.172610 15.219864 4.417536 5.033178 4.762665 6.165275 4.899339 6.109917 1.896228 7.006549 3.215847 1.772014 4.528141 
4.203622 2.357325 12.044516 6.294897 1.653845 5.941528 11.843236 8.616125 5.500562 15.686385 4.356138 5.202861 4.830962 6.321678 5.101056 6.377482 1.815598 7.372268 3.365856 1.899905 4.758610 
4.376657 2.499241 12.540733 6.681161 1.814189 5.943955 12.283003 9.047996 5.836285 16.153770 4.288238 5.374451 4.895782 6.476320 5.306467 6.646536 1.728534 7.742847 3.518116 2.034424 4.996231 
4.551391 2.640189 13.043763 7.079139 1.983500 5.944284 12.722571 9.486999 6.179448 16.621885 4.214339 5.547970 4.957196 6.629115 5.515553 6.916635 1.635201 8.117728 3.672427 2.175691 5.241048 
4.727567 2.779535 13.553338 7.488681 2.161979 5.943252 13.161266 9.932686 6.529702 17.090595 4.134971 5.723442 5.015281 6.779974 5.728292 7.187318 1.535777 8.496326 3.828577 2.323814 5.493096 
4.904913 2.916621 14.069177 7.909621 2.349826 5.941628 13.598391 10.384590 6.886681 17.559765 4.050690 5.900890 5.070124 6.928809 5.944656 7.458109 1.430453 8.878036 3.986342 2.478899 5.752405 
5.083144 3.050764 14.590986 8.341776 2.547238 5.940210 14.033235 10.842220 7.250000 18.029261 3.962080 6.080340 5.121820 7.075531 6.164618 7.728516 1.319430 9.262227 4.145488 2.641044 6.018996 
5.261959 3.181254 15.118464 8.784940 2.754411 5.939824 14.465063 11.305068 7.619258 18.498947 3.869749 6.261814 5.170473 7.220050 6.388144 7.998031 1.202926 9.648246 4.305765 2.810341 6.292884 
5.441043 3.307358 15.651296 9.238895 2.971538 5.941326 14.893126 11.772603 7.994034 18.968684 3.774334 6.445339 5.216192 7.362276 6.615199 8.266130 1.081167 10.035415 4.466914 2.986873 6.574076 
5.620066 3.428316 16.189157 9.703401 3.198810 5.945602 15.316653 12.244274 8.373891 19.438338 3.676499 6.630940 5.259100 7.502120 6.845744 8.532273 0.954394 10.423034 4.628663 3.170719 6.862572 
5.798684 3.543344 16.731710 10.178200 3.436418 5.953567 15.734854 12.719512 8.758373 19.907769 3.576932 6.818643 5.299323 7.639489 7.079738 8.795904 0.822860 10.810377 4.790727 3.361951 7.158363 
5.976538 3.651632 17.278609 10.663019 3.684547 5.966164 16.146922 13.197724 9.147008 20.376841 3.476349 7.008473 5.336998 7.774292 7.317135 9.056453 0.686829 11.196697 4.952811 3.560634 7.461436 
6.153256 3.752346 17.829495 11.157564 3.943385 5.984368 16.552029 13.678299 9.539303 20.845413 3.375494 7.200458 5.372270 7.906439 7.557887 9.313331 0.546580 11.581223 5.114606 3.766827 7.771769 
6.328450 3.844626 18.383998 11.661523 4.213114 6.009180 16.949331 14.160604 9.934750 21.313346 3.275136 7.394625 5.405292 8.035835 7.801944 9.565935 0.402401 11.963159 5.275792 3.980583 8.089331 
6.501718 3.927586 18.941738 12.174567 4.493915 6.041634 17.337961 14.643986 10.332822 21.780501 3.176071 7.591000 5.436226 8.162390 8.049250 9.813645 0.254597 12.341686 5.436035 4.201945 8.414086 
6.672644 4.000317 19.502324 12.696350 4.785969 6.082789 17.717036 15.127771 10.732975 22.246738 3.079121 7.789612 5.465242 8.286008 8.299748 10.055828 0.103481 12.715963 5.594992 4.430955 8.745991 
6.840796 4.061882 20.065352 13.226506 5.089451 6.133738 18.085654 15.611266 11.134645 22.711914 2.985135 7.990489 5.492518 8.406597 8.553377 10.291832 -0.050620 13.085124 5.752306 4.667644 9.084994 
7.005730 4.111322 20.630409 13.764651 5.404538 6.195600 18.442893 16.093757 11.537253 23.175889 2.894991 8.193660 5.518241 8.524063 8.810073 10.520990 -0.207364 13.448279 5.907607 4.912038 9.431037 
7.166984 4.147650 21.197069 14.310385 5.731403 6.269525 18.787812 16.574507 11.940200 23.638520 2.809590 8.399154 5.542605 8.638310 9.069769 10.742619 -0.366401 13.804516 6.060515 5.164157 9.784054 
7.324085 4.169854 21.764898 14.863286 6.070218 6.356691 19.119453 17.052763 12.342871 24.099665 2.729861 8.607000 5.565814 8.749244 9.332395 10.956021 -0.527365 14.152897 6.210637 5.424013 10.143971 
7.476544 4.176900 22.333449 15.422919 6.421151 6.458306 19.436837 17.527748 12.744632 24.559181 2.656760 8.817227 5.588078 8.856768 9.597877 11.160481 -0.689880 14.492464 6.357568 5.691614 10.510709 
7.623858 4.167725 22.902262 15.988827 6.784369 6.575607 19.738967 17.998665 13.144831 25.016923 2.591270 9.029867 5.609620 8.960788 9.866138 11.355269 -0.853555 14.822232 6.500891 5.966959 10.884180 
7.765508 4.141242 23.470869 16.560536 7.160039 6.709862 20.024827 18.464698 13.542800 25.472747 2.534400 9.244951 5.630665 9.061205 10.137100 11.539639 -1.017989 15.141194 6.640176 6.250041 11.264289 
7.900962 4.096341 24.038790 17.137555 7.548324 6.862366 20.293381 18.925009 13.937850 25.926509 2.487185 9.462508 5.651452 9.157923 10.410679 11.712828 -1.182768 15.448320 6.774982 6.540848 11.650933 
8.029673 4.031884 24.605534 17.719375 7.949384 7.034445 20.543577 19.378740 14.329276 26.378062 2.450688 9.682570 5.672225 9.250845 10.686788 11.874059 -1.347465 15.742555 6.904855 6.839358 12.044004 
8.151080 3.946708 25.170598 18.305466 8.363379 7.227453 20.774341 19.825014 14.716356 26.827261 2.425997 9.905171 5.693237 9.339873 10.965339 12.022538 -1.511640 16.022822 7.029330 7.145547 12.443384 
8.264607 3.839626 25.733470 18.895283 8.790467 7.442773 20.984581 20.262930 15.098350 27.273959 2.414229 10.130341 5.714750 9.424908 11.246239 12.157455 -1.674841 16.288019 7.147930 7.459382 12.848949 
8.369664 3.709426 26.293623 19.488262 9.230801 7.681821 21.173187 20.691570 15.474498 27.718009 2.416526 10.358113 5.737034 9.505850 11.529393 12.277984 -1.836606 16.537021 7.260164 7.780823 13.260568 
8.465646 3.554870 26.850524 20.083821 9.684537 7.946037 21.339030 21.109994 15.844025 28.159262 2.434056 10.588521 5.760367 9.582602 11.814702 12.383284 -1.996455 16.768680 7.365531 8.109823 13.678103 
8.551933 3.374695 27.403625 20.681360 10.151825 8.236894 21.480960 21.517241 16.206136 28.597572 2.468015 10.821598 5.785036 9.655062 12.102064 12.472497 -2.153902 16.981824 7.463517 8.446332 14.101406 
8.627893 3.167613 27.952369 21.280261 10.632814 8.555893 21.597811 21.912331 16.560019 29.032788 2.519625 11.057378 5.811336 9.723131 12.391374 12.544751 -2.308444 17.175257 7.553595 8.790290 14.530326 
8.692876 2.932311 28.496186 21.879887 11.127651 8.904565 21.688397 22.294262 16.904845 29.464762 2.590135 11.295895 5.839570 9.786707 12.682524 12.599155 -2.459568 17.347760 7.635228 9.141631 14.964701 
8.746219 2.667449 29.034498 22.479584 11.636482 9.284470 21.751511 22.662013 17.239766 29.893344 2.680819 11.537184 5.870049 9.845689 12.975403 12.634806 -2.606747 17.498090 7.707866 9.500283 15.404364 
8.787247 2.371665 29.566714 23.078679 12.159449 9.697197 21.785931 23.014540 17.563916 30.318382 2.792982 11.781280 5.903095 9.899976 13.269895 12.650781 -2.749441 17.624981 7.770945 9.866169 15.849140 
8.815266 2.043569 30.092230 23.676483 12.696695 10.144364 21.790413 23.350782 17.876412 30.739727 2.927949 12.028219 5.939034 9.949466 13.565883 12.646145 -2.887101 17.727143 7.823892 10.239202 16.298845 
8.829571 1.681747 30.610436 24.272286 13.248357 10.627619 21.763695 23.669654 18.176354 31.157225 3.087078 12.278036 5.978205 9.994054 13.863248 12.619945 -3.019162 17.803263 7.866121 10.619292 16.753292 
8.829440 1.284760 31.120705 24.865363 13.814574 11.148640 21.704497 23.970053 18.462822 31.570726 3.271750 12.530769 6.020951 10.033639 14.161863 12.571212 -3.145049 17.852004 7.897032 11.006340 17.212282 
8.814140 0.851144 31.622404 25.454968 14.395480 11.709132 21.611518 24.250855 18.734880 31.980075 3.483374 12.786453 6.067626 10.068117 14.461603 12.498961 -3.264172 17.872005 7.916016 11.400241 17.675611 
8.782919 0.379408 32.114886 26.040339 14.991209 12.310833 21.483440 24.510914 18.991573 32.385120 3.723384 13.045126 6.118593 10.097383 14.762336 12.402193 -3.375930 17.861882 7.922448 11.800885 18.143069 
8.735015 -0.131961 32.597493 26.620694 15.601891 12.955506 21.318927 24.749066 19.231929 32.785708 3.993242 13.306825 6.174220 10.121332 15.063931 12.279891 -3.479711 17.820227 7.915695 12.208153 18.614435 
8.669648 -0.684504 33.069558 27.195236 16.227656 13.644947 21.116620 24.964125 19.454957 33.181682 4.294438 13.571589 6.234886 10.139861 15.366249 12.131023 -3.574888 17.745610 7.895110 12.621921 19.089484 
8.586024 -1.279787 33.530400 27.763147 16.868631 14.380979 20.875145 25.154884 19.659650 33.572889 4.628485 13.839455 6.300978 10.152863 15.669151 11.954541 -3.660823 17.636576 7.860033 13.042059 19.567982 
8.483338 -1.919400 33.979330 28.323593 17.524941 15.165456 20.593108 25.320117 19.844982 33.959173 4.996926 14.110463 6.372892 10.160231 15.972494 11.749381 -3.736865 17.491646 7.809793 13.468430 20.049690 
8.360765 -2.604957 34.415646 28.875720 18.196709 16.000260 20.269095 25.458575 20.009909 34.340377 5.401330 14.384652 6.451029 10.161860 16.276132 11.514464 -3.802351 17.309318 7.743707 13.900888 20.534358 
8.217471 -3.338101 34.838635 29.418657 18.884056 16.887302 19.901675 25.568992 20.153370 34.716346 5.843290 14.662061 6.535803 10.157643 16.579916 11.248695 -3.856606 17.088068 7.661080 14.339284 21.021732 
8.052603 -4.120497 35.247574 29.951515 19.587101 17.828524 19.489396 25.650080 20.274285 35.086921 6.324428 14.942730 6.627633 10.147472 16.883693 10.950961 -3.898941 16.826345 7.561205 14.783461 21.511549 
7.865297 -4.953835 35.641728 30.473387 20.305961 18.825896 19.030789 25.700528 20.371558 35.451945 6.846393 15.226699 6.726948 10.131239 17.187308 10.620135 -3.928655 16.522578 7.443361 15.233256 22.003539 
7.654671 -5.839834 36.020350 30.983348 21.040752 19.881418 18.524364 25.719009 20.444073 35.811259 7.410860 15.514010 6.834183 10.108836 17.490601 10.255074 -3.945036 16.175170 7.306818 15.688498 22.497425 
7.419832 -6.780233 36.382685 31.480454 21.791586 20.997119 17.968615 25.704172 20.490698 36.164705 8.019530 15.804704 6.949786 10.080154 17.793412 9.854619 -3.947359 15.782501 7.150831 16.149011 22.992922 
7.159871 -7.776801 36.727963 31.963744 22.558574 22.175057 17.362013 25.654646 20.510282 36.512123 8.674131 16.098822 7.074208 10.045083 18.095574 9.417595 -3.934885 15.342929 6.974645 16.614612 23.489740 
6.873864 -8.831328 37.055407 32.432239 23.341825 23.417321 16.703015 25.569043 20.501658 36.853353 9.376417 16.396406 7.207911 10.003514 18.396920 8.942811 -3.906864 14.854787 6.777492 17.085111 23.987579 
6.560872 -9.945632 37.364225 32.884941 24.141447 24.726026 15.990055 25.445949 20.463637 37.188234 10.128171 16.697499 7.351366 9.955336 18.697278 8.429061 -3.862534 14.316384 6.558592 17.560312 24.486132 
6.219945 -11.121555 37.653617 33.320834 24.957544 26.103321 15.221551 25.283933 20.395018 37.516605 10.931200 17.002143 7.505052 9.900439 18.996474 7.875121 -3.801119 13.726007 6.317152 18.040013 24.985087 
5.850114 -12.360965 37.922771 33.738886 25.790220 27.551379 14.395899 25.081543 20.294577 37.838304 11.787339 17.310382 7.669454 9.838711 19.294330 7.279754 -3.721832 13.081917 6.052370 18.524004 25.484121 
5.450398 -13.665754 38.170863 34.138043 26.639574 29.072407 13.511479 24.837307 20.161076 38.153170 12.698449 17.622259 7.845068 9.770041 19.590665 6.641705 -3.623873 12.382354 5.763428 19.012069 25.982908 
NaN NaN NaN NaN NaN NaN NaN NaN NaN NaN NaN NaN NaN NaN NaN NaN NaN NaN NaN NaN NaN 
NaN NaN NaN NaN NaN NaN NaN NaN NaN NaN NaN NaN NaN NaN NaN NaN NaN NaN NaN NaN NaN 
NaN NaN NaN NaN NaN NaN NaN NaN NaN NaN NaN NaN NaN NaN NaN NaN NaN NaN NaN NaN NaN 
NaN NaN NaN NaN NaN NaN NaN NaN NaN NaN NaN NaN NaN NaN NaN NaN NaN NaN NaN NaN NaN 
