NaN NaN NaN NaN NaN NaN NaN 
NaN NaN NaN NaN NaN NaN NaN 
NaN NaN NaN NaN NaN NaN NaN 
NaN NaN NaN NaN NaN NaN NaN 
NaN NaN NaN NaN NaN NaN NaN 
-2.017943 -0.509659 3.123454 0.217244 2.574829 0.825880 3.373790 
-2.153372 -0.647175 3.765209 1.747972 1.775038 1.320122 3.421295 
-2.124216 -0.015297 3.975701 1.725283 1.896053 1.360253 3.663626 
-2.776639 -0.206826 3.036184 1.007008 1.313703 1.054858 3.455131 
-2.478369 -0.597611 1.391958 1.828782 1.500216 1.055540 3.744712 
-1.789218 0.312833 1.775927 2.460633 1.472326 1.691142 3.901741 
-1.173609 -0.435048 1.130296 2.227038 1.426496 1.418422 4.314747 
-1.648652 -1.161944 1.364101 2.958483 1.306590 1.745125 4.470093 
-1.079542 -2.398657 0.763654 2.931005 0.468967 0.256629 4.382808 
-1.280894 -1.988925 0.402987 2.594390 -1.316217 1.456904 4.391927 
-0.324733 -1.961924 1.341651 2.044940 -0.897567 1.718393 4.531956 
0.498591 -2.116470 2.570606 0.935066 -0.125424 2.380227 4.500275 
0.953226 -2.619103 3.082058 -0.296599 -0.880310 2.374815 4.017161 
1.859143 -2.717699 4.154329 0.595004 -1.083745 2.363993 3.994203 
1.215959 -2.249917 5.212202 0.745067 -1.653779 3.057842 3.967136 
0.851859 -2.173282 4.568390 0.476059 -1.380313 2.899258 4.128896 
-0.390600 -1.190334 5.755306 0.626561 -1.644183 2.400730 3.894896 
0.181676 -0.580859 7.045814 1.007384 -2.106449 1.447194 4.062586 
0.924425 0.535940 7.058367 2.089056 -1.759835 1.547268 4.153668 
1.496633 0.635545 6.848636 3.120595 -1.367423 1.776247 4.264218 
1.152875 1.104688 7.343892 4.111425 -1.697527 1.453534 3.718988 
0.926355 1.349893 5.968166 5.043083 -1.755355 0.738063 3.310403 
1.028334 1.688889 5.870025 6.052576 -0.546948 0.654170 3.590870 
1.608596 2.024320 5.114506 5.392261 -0.170940 0.523955 3.096897 
3.232176 3.224971 5.520398 4.915269 0.176893 0.225321 3.337567 
3.010958 3.021080 6.159406 5.354581 0.154242 0.642757 3.746083 
3.317024 1.806408 5.863071 4.791093 0.881337 1.843421 4.068480 
2.737480 1.984660 5.000300 4.408619 0.764840 2.418758 4.006448 
1.943344 1.492747 6.229224 3.840240 0.529912 3.208679 3.925024 
2.146288 1.501419 6.012288 3.002179 0.927104 3.291963 3.452065 
1.637835 1.207177 5.768411 2.535132 1.237181 3.539707 3.288925 
1.237660 1.387533 5.877702 1.618210 1.448737 3.898748 3.198637 
0.603572 1.498179 5.706939 2.130574 1.353312 4.031453 2.645204 
0.485284 1.889298 6.694367 2.258501 0.623468 4.122524 3.183662 
0.181647 0.134458 5.927626 1.816226 1.161727 4.205793 3.132278 
0.103109 -1.056355 5.678589 1.294577 0.533579 3.568103 2.485390 
-0.111251 -0.705573 4.656673 2.126724 -0.212831 3.176752 1.897588 
-0.014019 -0.823143 4.852965 0.949625 -0.175153 3.422244 1.552532 
0.943363 -0.460359 3.374304 0.619645 0.118508 3.390026 1.438735 
0.567882 -0.660217 3.018677 0.738676 1.279570 2.833587 1.596982 
0.749276 -0.869043 2.287900 0.061729 1.506525 2.956756 1.708409 
0.403200 -0.629119 2.570449 -0.486639 1.361386 2.038813 1.828759 
0.720198 -1.345837 2.285923 -0.571722 0.073233 2.171138 2.194430 
0.007573 -2.281239 1.702855 -0.962577 0.407076 0.878073 1.625752 
-0.547221 -1.240345 1.527671 -1.334599 -0.883518 0.943973 0.998768 
-0.368659 0.292473 1.977685 -1.420969 -0.772373 1.364144 0.726516 
-0.043908 0.704518 3.181127 -1.701746 0.183240 0.622224 0.608220 
-0.126285 0.643798 2.611613 -0.916205 0.212186 0.179985 0.488853 
-0.948029 0.003464 3.071447 -1.448953 0.273646 -0.264319 0.323762 
-0.690640 0.035188 2.604937 -0.913501 0.054622 -0.636557 -0.206113 
-0.757459 0.205871 1.459429 -0.053078 -0.217298 -0.532263 -0.425935 
0.245269 -0.387063 0.159177 0.198059 -0.362903 -0.670719 -0.759091 
-0.349220 0.272455 -0.026625 -0.029226 -0.033004 -1.222637 -1.165195 
-0.311712 0.851472 -1.029047 0.522738 -0.619895 -0.532854 -0.918031 
-0.778512 0.599773 -1.775604 0.856500 0.202807 -0.596016 -0.563868 
0.201306 0.165737 -3.694501 0.604464 0.615111 -1.044589 -0.847826 
0.657092 0.315491 -4.322138 1.169943 -0.107128 -1.204054 -1.165174 
0.630169 0.735297 -4.152350 1.791367 -0.051029 -1.710971 -1.332167 
0.334112 1.163383 -5.371560 2.516390 -0.315138 -1.530888 -1.629493 
0.973449 0.763723 -5.068389 2.118024 -1.527544 -1.209240 -1.490577 
1.671197 0.494115 -5.402264 1.641107 -1.042596 -2.078278 -1.443022 
0.486242 0.841108 -4.439049 1.373602 -0.993002 -1.870251 -1.380799 
1.165205 1.110216 -3.505835 1.111367 -0.509834 -2.278099 -1.079189 
1.664845 0.729255 -3.090884 0.773490 -0.432442 -2.553306 -1.446208 
1.313608 0.195846 -2.826996 0.915242 -1.246802 -3.012778 -1.840115 
0.089331 0.050841 -2.130540 1.572537 -1.371253 -2.984300 -1.526453 
-0.688604 0.033820 -2.570823 0.594692 -0.833792 -3.218102 -1.415901 
-0.083776 0.130590 -2.532985 0.212966 -0.583604 -3.009189 -1.426152 
0.756428 -0.015717 -1.575180 -0.715558 0.429538 -3.746876 -1.072468 
-0.159134 0.822737 -1.678533 -0.713755 0.852796 -4.122274 -0.885919 
-0.893049 2.053073 -1.107489 -0.846799 0.319361 -3.664940 -1.209304 
-1.088964 2.093837 -2.372652 -0.781636 0.232145 -3.305508 -1.441060 
-1.364764 1.109390 -3.791526 -1.360267 0.000462 -3.166531 -2.246276 
-0.684143 1.632621 -4.230480 -0.645513 0.141761 -2.984277 -2.179063 
0.589212 2.700957 -4.297708 -0.509020 0.835967 -3.999711 -2.212388 
0.516294 3.152584 -4.366866 -0.560182 0.104972 -4.609238 -2.762467 
-0.224926 3.481917 -4.543979 0.546910 -0.209382 -4.575603 -2.761159 
-0.291166 2.755619 -4.082297 0.241770 -0.217711 -4.747232 -2.610787 
-0.559727 3.283633 -4.363399 0.719110 -1.090219 -4.149832 -2.978361 
0.203958 3.793368 -4.845165 0.709152 -0.773035 -3.711790 -3.333751 
-0.046907 3.517597 -4.811591 0.825749 -0.601665 -4.207070 -3.335292 
0.626746 4.379855 -4.049453 1.444874 -0.272900 -4.411581 -3.466198 
0.763544 5.399437 -3.655967 2.096246 0.023656 -4.466931 -3.704610 
-0.289712 5.266239 -2.974115 1.658600 0.698828 -4.402847 -3.881383 
-1.358805 5.926445 -3.225028 1.431171 0.251916 -3.820780 -4.010743 
-1.089015 6.401580 -3.682697 1.448897 0.073422 -3.348731 -4.036496 
0.019890 6.284956 -3.812961 0.288608 0.043066 -3.531923 -4.158265 
0.161601 6.605402 -4.190807 0.328671 -0.244655 -3.593646 -4.703445 
0.306021 6.442875 -4.347194 0.514198 0.347408 -3.831797 -4.907260 
-0.532380 6.693746 -4.138748 0.307138 0.135129 -4.766374 -5.390917 
0.314183 7.222310 -4.321853 -0.593538 0.123767 -4.053573 -5.954730 
0.599734 7.176014 -4.816796 -0.389770 -0.315833 -3.861921 -6.392838 
1.052428 7.889455 -5.116354 -0.037624 -1.434563 -3.784839 -6.197984 
1.873200 9.544203 -6.601834 0.150872 -1.447190 -4.629779 -6.544860 
1.862496 9.904712 -6.150293 -0.260059 -1.515785 -4.883183 -6.842712 
1.532702 9.963592 -5.913230 -0.175719 -0.518069 -5.395507 -7.206518 
1.757020 10.566990 -6.791193 0.009951 -0.022474 -4.734508 -7.631435 
1.575165 11.727183 -7.381582 0.083198 0.219574 -4.415000 -7.996939 
1.211467 12.944841 -8.274124 -0.381446 -0.361946 -5.064164 -8.367996 
0.909891 12.845614 -7.833899 -0.964826 0.216726 -5.543170 -8.231951 
1.533085 13.307068 -7.585306 0.107420 0.279654 -6.563207 -8.346052 
1.954166 13.654662 -7.958215 -0.636675 -1.177514 -7.442640 -8.790319 
2.333634 14.406254 -8.588303 -1.279203 -1.062291 -8.669283 -9.330616 
2.867350 14.319105 -7.816661 -1.681340 -1.704710 -8.435417 -9.780025 
3.204884 13.761738 -8.978315 -2.583890 -1.712432 -8.626483 -10.340002 
3.261220 14.530346 -9.113497 -2.223538 -2.546347 -8.851924 -10.559032 
2.375327 14.955408 -8.743408 -2.136229 -2.826080 -9.825186 -10.940415 
2.086838 15.396090 -8.712107 -3.108744 -3.072379 -10.563640 -11.071258 
2.967264 15.843983 -8.004680 -2.967898 -3.530676 -9.606218 -11.706409 
4.003135 17.594309 -8.951935 -3.705675 -4.203874 -8.805534 -12.239987 
3.419142 18.802395 -9.331272 -3.761356 -4.446220 -9.008885 -12.681043 
2.757972 20.523260 -8.796681 -4.010916 -3.195023 -9.168481 -12.984043 
3.094503 20.256443 -8.014501 -3.900397 -2.790327 -8.955673 -13.451832 
2.564107 20.917726 -7.914716 -4.918254 -2.991144 -9.402597 -13.639165 
2.026571 22.301835 -6.322883 -3.733490 -3.842657 -10.003227 -14.049543 
1.488943 23.205234 -5.451163 -4.468799 -3.358509 -10.517389 -14.435109 
2.047079 23.472908 -4.664340 -4.902078 -4.051310 -10.603210 -15.276051 
3.006107 23.786829 -4.875785 -4.455480 -4.439686 -11.100441 -15.957596 
2.650930 24.603717 -5.165383 -4.662897 -4.079528 -11.933297 -16.173823 
1.715370 24.362962 -4.915646 -4.214115 -4.412219 -11.791233 -16.813490 
1.069006 24.074284 -4.901740 -5.148705 -5.266822 -11.779385 -16.750510 
0.428541 23.814475 -4.906474 -5.151307 -6.170227 -11.592130 -16.713697 
-0.286474 24.545486 -5.389312 -5.221577 -6.157053 -11.323824 -16.915031 
0.013158 25.529377 -5.876319 -4.127327 -6.329827 -10.898093 -17.436300 
0.332298 25.586154 -6.681797 -4.283731 -6.029259 -9.427114 -17.417654 
0.505238 26.192133 -6.564955 -4.311779 -6.627226 -8.678657 -17.739904 
0.887530 28.297393 -6.788715 -4.624650 -6.102304 -9.222981 -17.528384 
0.480171 29.330183 -6.052229 -4.397616 -5.513294 -8.847510 -17.368408 
-0.118280 29.505617 -5.802107 -3.308786 -5.702395 -9.264750 -17.896141 
-0.081245 30.497503 -5.956718 -3.687301 -6.198130 -9.989934 -17.901498 
0.514332 30.687180 -6.122921 -3.235748 -5.975840 -9.127673 -18.901392 
1.641226 30.785184 -6.406349 -2.696569 -5.319488 -8.642013 -19.501788 
1.530683 32.127728 -5.287818 -3.442043 -5.215834 -8.362154 -19.754033 
-0.292695 33.203596 -4.823107 -4.604686 -5.084884 -8.810109 -20.335639 
-0.093970 33.820090 -4.688482 -4.666397 -5.674594 -10.499495 -20.924718 
1.398836 34.854465 -5.503730 -4.762068 -5.405351 -10.708956 -21.374800 
0.866126 34.560947 -5.643246 -5.267064 -7.402289 -9.527750 -21.479729 
0.019169 36.131581 -6.105671 -5.847041 -8.783159 -9.235723 -21.667635 
0.238796 37.393937 -5.574761 -6.617883 -9.640388 -9.406085 -21.571653 
0.901622 38.261174 -4.681856 -6.420189 -9.899783 -8.933967 -22.469325 
0.560393 39.435327 -4.690239 -6.053811 -10.082569 -9.221277 -22.624877 
NaN NaN NaN NaN NaN NaN NaN 
NaN NaN NaN NaN NaN NaN NaN 
NaN NaN NaN NaN NaN NaN NaN 
NaN NaN NaN NaN NaN NaN NaN 
