NaN NaN NaN NaN NaN NaN NaN NaN NaN NaN NaN NaN NaN NaN NaN NaN NaN NaN NaN NaN NaN 
NaN NaN NaN NaN NaN NaN NaN NaN NaN NaN NaN NaN NaN NaN NaN NaN NaN NaN NaN NaN NaN 
NaN NaN NaN NaN NaN NaN NaN NaN NaN NaN NaN NaN NaN NaN NaN NaN NaN NaN NaN NaN NaN 
NaN NaN NaN NaN NaN NaN NaN NaN NaN NaN NaN NaN NaN NaN NaN NaN NaN NaN NaN NaN NaN 
NaN NaN NaN NaN NaN NaN NaN NaN NaN NaN NaN NaN NaN NaN NaN NaN NaN NaN NaN NaN NaN 
-5.391980 -6.982506 2.526860 1.473549 6.685750 -2.201167 7.063360 -3.507662 -7.823406 3.556709 2.463660 1.921006 10.849624 -1.186399 -5.223984 -11.421921 7.450329 -5.151793 -13.031868 -4.542183 5.904628 
-5.155821 -6.711402 2.704514 1.507598 6.312046 -2.011439 7.318907 -3.274858 -7.349770 3.019754 2.707609 2.516459 9.926761 -1.057204 -5.344134 -10.125248 6.661111 -4.822232 -12.838282 -4.410136 5.149987 
-4.930167 -6.442682 2.857491 1.534230 5.958774 -1.827142 7.536819 -3.056143 -6.892958 2.511844 2.920170 3.064513 9.053063 -0.932382 -5.442515 -8.904691 5.917976 -4.504764 -12.632316 -4.280607 4.426141 
-4.714606 -6.176617 2.986987 1.553807 5.625116 -1.648328 7.718730 -2.850918 -6.452712 2.032276 3.102846 3.566760 8.227030 -0.811954 -5.520093 -7.757861 5.219444 -4.199201 -12.414694 -4.153516 3.732797 
-4.508737 -5.913469 3.094181 1.566685 5.310271 -1.475045 7.866246 -2.658597 -6.028773 1.580353 3.257117 4.024770 7.447180 -0.695939 -5.577818 -6.682396 4.564057 -3.905355 -12.186130 -4.028787 3.069663 
-4.312165 -5.653495 3.180229 1.573213 5.013446 -1.307339 7.980948 -2.478605 -5.620887 1.155385 3.384437 4.440090 6.712053 -0.584356 -5.616625 -5.675970 3.950377 -3.623040 -11.947326 -3.906344 2.436444 
-4.124500 -5.396942 3.246264 1.573737 4.733865 -1.145258 8.064393 -2.310377 -5.228796 0.756690 3.486233 4.814248 6.020208 -0.477218 -5.637432 -4.736284 3.376984 -3.352068 -11.698972 -3.786116 1.832845 
-3.945359 -5.144051 3.293402 1.568596 4.470763 -0.988843 8.118109 -2.153362 -4.852249 0.383592 3.563908 5.148747 5.370222 -0.374539 -5.641141 -3.861072 2.842480 -3.092256 -11.441747 -3.668030 1.258569 
-3.774368 -4.895054 3.322736 1.558124 4.223389 -0.838138 8.143599 -2.007017 -4.490990 0.035419 3.618839 5.445070 4.760695 -0.276329 -5.628639 -3.048100 2.345487 -2.843416 -11.176319 -3.552017 0.713318 
-3.611158 -4.650177 3.335339 1.542650 3.991003 -0.693181 8.142340 -1.870813 -4.144770 -0.288490 3.652376 5.704677 4.190242 -0.182597 -5.600796 -2.295165 1.884646 -2.605367 -10.903344 -3.438013 0.196795 
-3.455367 -4.409637 3.332261 1.522497 3.772882 -0.554012 8.115783 -1.744232 -3.813336 -0.588792 3.665846 5.929008 3.657503 -0.093347 -5.558467 -1.600093 1.458621 -2.377924 -10.623467 -3.325950 -0.291300 
-3.306639 -4.173644 3.314534 1.497983 3.568311 -0.420666 8.065351 -1.626765 -3.496440 -0.866137 3.660547 6.119479 3.161133 -0.008585 -5.502492 -0.960743 1.066092 -2.160905 -10.337322 -3.215768 -0.751267 
-3.164627 -3.942399 3.283167 1.469423 3.376593 -0.293179 7.992444 -1.517916 -3.193832 -1.121168 3.637755 6.277486 2.699810 0.071690 -5.433692 -0.375006 0.705762 -1.954129 -10.045529 -3.107406 -1.183407 
-3.028988 -3.716099 3.239149 1.437121 3.197039 -0.171584 7.898434 -1.417202 -2.905267 -1.354520 3.598717 6.404401 2.272229 0.147477 -5.352876 0.159196 0.376353 -1.757413 -9.748701 -3.000805 -1.588023 
-2.899388 -3.494929 3.183448 1.401382 3.028978 -0.055912 7.784666 -1.324148 -2.630496 -1.566823 3.544658 6.501576 1.877107 0.218779 -5.260833 0.643913 0.076608 -1.570579 -9.447436 -2.895908 -1.965418 
-2.775499 -3.279070 3.117011 1.362502 2.871748 0.053807 7.652462 -1.238292 -2.369276 -1.758701 3.476773 6.570341 1.513180 0.285603 -5.158340 1.081159 -0.194711 -1.393445 -9.142321 -2.792662 -2.315895 
-2.656998 -3.068692 3.040765 1.320771 2.724702 0.157547 7.503114 -1.159183 -2.121362 -1.930770 3.396236 6.612003 1.179202 0.347956 -5.046157 1.472920 -0.438820 -1.225834 -8.833934 -2.691015 -2.639760 
-2.543572 -2.863961 2.955613 1.276476 2.587206 0.255280 7.337891 -1.086382 -1.886512 -2.083639 3.304192 6.627848 0.873949 0.405848 -4.925025 1.821149 -0.656918 -1.067567 -8.522840 -2.590915 -2.937320 
-2.434913 -2.665032 2.862442 1.229899 2.458639 0.346983 7.158035 -1.019461 -1.664483 -2.217910 3.201762 6.619141 0.596216 0.459291 -4.795673 2.127770 -0.850180 -0.918467 -8.209590 -2.492316 -3.208880 
-2.330719 -2.472055 2.762113 1.181313 2.338391 0.432632 6.964760 -0.958002 -1.455036 -2.334181 3.090040 6.587123 0.344816 0.508299 -4.658813 2.394673 -1.019765 -0.778357 -7.894729 -2.395172 -3.454749 
-2.230696 -2.285171 2.655470 1.130990 2.225868 0.512209 6.759256 -0.901600 -1.257930 -2.433041 2.970097 6.533014 0.118584 0.552890 -4.515141 2.623719 -1.166808 -0.647062 -7.578786 -2.299437 -3.675236 
-2.134557 -2.104514 2.543335 1.079194 2.120487 0.585693 6.542687 -0.849860 -1.072927 -2.515072 2.842975 6.458013 -0.083627 0.593081 -4.365336 2.816737 -1.292426 -0.524406 -7.262282 -2.205071 -3.870651 
-2.042020 -1.930209 2.426507 1.026184 2.021679 0.653067 6.316189 -0.802400 -0.899790 -2.580850 2.709694 6.363298 -0.262942 0.628895 -4.210062 2.975524 -1.397716 -0.410215 -6.945723 -2.112034 -4.041305 
-1.952812 -1.762376 2.305767 0.972214 1.928887 0.714316 6.080874 -0.758848 -0.738283 -2.630945 2.571245 6.250022 -0.420470 0.660355 -4.049968 3.101847 -1.483754 -0.304315 -6.629606 -2.020289 -4.187509 
-1.866666 -1.601125 2.181873 0.917533 1.841569 0.769426 5.837827 -0.718843 -0.588171 -2.665921 2.428595 6.119318 -0.557298 0.687487 -3.885685 3.197441 -1.551596 -0.206533 -6.314417 -1.929798 -4.309578 
-1.783320 -1.446559 2.055565 0.862384 1.759194 0.818386 5.588106 -0.682036 -0.449220 -2.686331 2.282686 5.972297 -0.674492 0.710318 -3.717830 3.264010 -1.602279 -0.116697 -6.000628 -1.840530 -4.407823 
-1.702520 -1.298775 1.927558 0.807006 1.681244 0.861185 5.332743 -0.648089 -0.321197 -2.692728 2.134433 5.810050 -0.773102 0.728879 -3.547004 3.303228 -1.636817 -0.034635 -5.688703 -1.752452 -4.482561 
-1.624021 -1.157859 1.798549 0.751630 1.607216 0.897815 5.072746 -0.616676 -0.203871 -2.685652 1.984726 5.633642 -0.854155 0.743203 -3.373791 3.316735 -1.656208 0.039822 -5.379092 -1.665536 -4.534106 
-1.547581 -1.023893 1.669213 0.696485 1.536617 0.928269 4.809095 -0.587482 -0.097010 -2.665640 1.834430 5.444120 -0.918660 0.753325 -3.198759 3.306141 -1.661427 0.106846 -5.072234 -1.579753 -4.562776 
-1.472967 -0.896949 1.540205 0.641791 1.468971 0.952543 4.542743 -0.560203 -0.000387 -2.633221 1.684383 5.242508 -0.967607 0.759281 -3.022462 3.273027 -1.653429 0.166605 -4.768558 -1.495080 -4.568888 
-1.399952 -0.777093 1.412158 0.587766 1.403810 0.970633 4.274620 -0.534546 0.086229 -2.588918 1.535400 5.029806 -1.001964 0.761111 -2.845435 3.218941 -1.633150 0.219268 -4.468480 -1.411492 -4.552761 
-1.328316 -0.664381 1.285685 0.534621 1.340684 0.982539 4.005627 -0.510229 0.163063 -2.533247 1.388266 4.806996 -1.022681 0.758856 -2.668201 3.145398 -1.601505 0.265003 -4.172405 -1.328968 -4.514715 
-1.257847 -0.558865 1.161378 0.482561 1.279153 0.988260 3.736639 -0.486984 0.230342 -2.466717 1.243745 4.575034 -1.030688 0.752561 -2.491265 3.053884 -1.559390 0.303977 -3.880727 -1.247490 -4.455070 
-1.188336 -0.460586 1.039806 0.431788 1.218791 0.987798 3.468508 -0.464550 0.288291 -2.389831 1.102572 4.334858 -1.026895 0.742272 -2.315114 2.945854 -1.507678 0.336355 -3.593829 -1.167040 -4.374147 
-1.119585 -0.369578 0.921521 0.382496 1.159184 0.981159 3.202055 -0.442681 0.337134 -2.303084 0.965459 4.087383 -1.012194 0.728036 -2.140223 2.822730 -1.447226 0.362304 -3.312081 -1.087604 -4.272270 
-1.051401 -0.285870 0.807051 0.334875 1.099932 0.968347 2.938079 -0.421142 0.377093 -2.206967 0.833091 3.833499 -0.987454 0.709905 -1.967049 2.685905 -1.378868 0.381989 -3.035843 -1.009170 -4.149762 
-0.983597 -0.209480 0.696904 0.289111 1.040649 0.949370 2.677352 -0.399706 0.408389 -2.101960 0.706126 3.574079 -0.953528 0.687932 -1.796034 2.536739 -1.303419 0.395573 -2.765463 -0.931725 -4.006946 
-0.915995 -0.140421 0.591568 0.245381 0.980959 0.924237 2.420617 -0.378160 0.431244 -1.988541 0.585199 3.309971 -0.911247 0.662171 -1.627603 2.376561 -1.221673 0.403220 -2.501278 -0.855262 -3.844149 
-0.848420 -0.078696 0.491508 0.203860 0.920502 0.892960 2.168595 -0.356303 0.445877 -1.867179 0.470919 3.042002 -0.861423 0.632681 -1.462165 2.206670 -1.134404 0.405092 -2.243613 -0.779774 -3.661697 
-0.780707 -0.024302 0.397171 0.164717 0.858929 0.855550 1.921979 -0.333943 0.452505 -1.738335 0.363868 2.770978 -0.804848 0.599520 -1.300115 2.028332 -1.042367 0.401352 -1.992782 -0.705257 -3.459918 
-0.712698 0.022771 0.308980 0.128114 0.795905 0.812023 1.681435 -0.310901 0.451346 -1.602466 0.264602 2.497681 -0.742295 0.562752 -1.141830 1.842784 -0.946296 0.392160 -1.749088 -0.631709 -3.239139 
-0.644239 0.062543 0.227339 0.094209 0.731109 0.762396 1.447603 -0.287009 0.442616 -1.460021 0.173654 2.222873 -0.674517 0.522440 -0.987673 1.651230 -0.846906 0.377677 -1.512821 -0.559128 -2.999690 
-0.575185 0.095039 0.152631 0.063155 0.664230 0.706685 1.221099 -0.262110 0.426530 -1.311443 0.091529 1.947294 -0.602246 0.478650 -0.837989 1.454842 -0.744889 0.358063 -1.284261 -0.487517 -2.741901 
-0.505397 0.120293 0.085217 0.035099 0.594973 0.644911 1.002511 -0.236058 0.403301 -1.157166 0.018708 1.671662 -0.526198 0.431452 -0.693109 1.254764 -0.640919 0.333476 -1.063677 -0.416879 -2.466104 
-0.434743 0.138348 0.025439 0.010182 0.523055 0.577095 0.792401 -0.208719 0.373141 -0.997621 -0.044355 1.396673 -0.447066 0.380917 -0.553348 1.052106 -0.535651 0.304074 -0.851324 -0.347221 -2.172631 
-0.363097 0.149251 -0.026383 -0.011459 0.448205 0.503261 0.591306 -0.179969 0.336264 -0.833229 -0.097231 1.123000 -0.365523 0.327117 -0.419002 0.847947 -0.429717 0.270015 -0.647450 -0.278550 -1.861814 
-0.290341 0.153060 -0.069951 -0.029693 0.370166 0.423435 0.399735 -0.149698 0.292878 -0.664406 -0.139517 0.851296 -0.282226 0.270129 -0.290356 0.643336 -0.323732 0.231457 -0.452288 -0.210877 -1.533988 
-0.216362 0.149838 -0.104986 -0.044394 0.288695 0.337642 0.218173 -0.117804 0.243193 -0.491562 -0.170834 0.582191 -0.197808 0.210031 -0.167675 0.439291 -0.218287 0.188553 -0.266059 -0.144213 -1.189489 
-0.141057 0.139659 -0.131232 -0.055442 0.203560 0.245911 0.047076 -0.084199 0.187417 -0.315098 -0.190831 0.316294 -0.112885 0.146901 -0.051211 0.236796 -0.113957 0.141461 -0.088977 -0.078573 -0.828651 
-0.064325 0.122601 -0.148451 -0.062721 0.114543 0.148274 -0.113122 -0.048804 0.125757 -0.135411 -0.199181 0.054192 -0.028053 0.080824 0.058802 0.036807 -0.011295 0.090334 0.078761 -0.013974 -0.451813 
0.013923 0.098751 -0.156428 -0.066123 0.021439 0.044761 -0.262016 -0.011554 0.058419 0.047112 -0.195584 -0.203551 0.056113 0.011883 0.162145 -0.159752 0.089168 0.035326 0.236964 0.049568 -0.059312 
0.093774 0.068204 -0.154969 -0.065543 -0.075944 -0.064593 -0.399228 0.027607 -0.014392 0.232087 -0.179763 -0.456392 0.139056 -0.059835 0.258615 -0.351990 0.186918 -0.023409 0.385457 0.112030 0.348513 
0.175306 0.031063 -0.143900 -0.060881 -0.177786 -0.179752 -0.524403 0.068723 -0.092473 0.419138 -0.151469 -0.703809 0.220240 -0.134240 0.348025 -0.539045 0.281463 -0.085720 0.524074 0.173391 0.771321 
0.258588 -0.012562 -0.123068 -0.052045 -0.284252 -0.300678 -0.637215 0.111826 -0.175622 0.607898 -0.110478 -0.945303 0.299146 -0.211242 0.430202 -0.720088 0.372329 -0.151456 0.652660 0.233626 1.208773 
0.343688 -0.062554 -0.092341 -0.038945 -0.395495 -0.427334 -0.737363 0.156938 -0.263636 0.798003 -0.056592 -1.180396 0.375280 -0.290746 0.504993 -0.894319 0.459066 -0.220464 0.771073 0.292709 1.660526 
0.430661 -0.118788 -0.051609 -0.021499 -0.511655 -0.559677 -0.824571 0.204068 -0.356315 0.989099 0.010363 -1.408634 0.448161 -0.372657 0.572257 -1.060972 0.541241 -0.292596 0.879182 0.350610 2.126236 
0.519559 -0.181131 -0.000781 0.000370 -0.632860 -0.697665 -0.898591 0.253216 -0.453461 1.180836 0.090533 -1.629582 0.517334 -0.456875 0.631872 -1.219310 0.618441 -0.367701 0.976867 0.407299 2.605561 
0.610427 -0.249442 0.060211 0.026736 -0.759224 -0.841253 -0.959200 0.304368 -0.554876 1.372872 0.184040 -1.842828 0.582359 -0.543302 0.683728 -1.368629 0.690275 -0.445632 1.064019 0.462744 3.098156 
0.703302 -0.323573 0.131417 0.057664 -0.890846 -0.990396 -1.006202 0.357501 -0.660362 1.564872 0.290981 -2.047983 0.642817 -0.631834 0.727735 -1.508254 0.756371 -0.526240 1.140541 0.516908 3.603675 
0.798215 -0.403369 0.212863 0.093217 -1.027817 -1.145045 -1.039426 0.412579 -0.769723 1.756507 0.411425 -2.244678 0.698310 -0.722365 0.763817 -1.637543 0.816377 -0.609379 1.206347 0.569755 4.121770 
0.895190 -0.488666 0.304556 0.133451 -1.170209 -1.305150 -1.058728 0.469556 -0.882766 1.947454 0.545418 -2.432566 0.748459 -0.814790 0.791913 -1.755885 0.869962 -0.694902 1.261364 0.621246 4.652095 
0.994244 -0.579293 0.406481 0.178417 -1.318086 -1.470660 -1.063989 0.528374 -0.999296 2.137398 0.692978 -2.611324 0.792904 -0.908998 0.811980 -1.862700 0.916815 -0.782662 1.305527 0.671340 5.194301 
1.095388 -0.675072 0.518603 0.228160 -1.471497 -1.641521 -1.055119 0.588964 -1.119122 2.326032 0.854099 -2.780648 0.831304 -1.004877 0.823989 -1.957438 0.956644 -0.872517 1.338787 0.719993 5.748038 
1.198625 -0.775817 0.640866 0.282720 -1.630477 -1.817678 -1.032050 0.651245 -1.242051 2.513051 1.028749 -2.940258 0.863341 -1.102314 0.827928 -2.039583 0.989177 -0.964321 1.361103 0.767161 6.312956 
1.303953 -0.881334 0.773193 0.342133 -1.795049 -1.999076 -0.994743 0.715126 -1.367894 2.698162 1.216871 -3.089894 0.888712 -1.201192 0.823800 -2.108647 1.014165 -1.057930 1.372446 0.812795 6.888702 
1.411361 -0.991421 0.915485 0.406427 -1.965224 -2.185654 -0.943185 0.780503 -1.496462 2.881075 1.418381 -3.229321 0.907137 -1.301393 0.811626 -2.164176 1.031376 -1.153203 1.372799 0.856847 7.474925 
1.520834 -1.105870 1.067624 0.475627 -2.140997 -2.377352 -0.877388 0.847262 -1.627566 3.061508 1.633170 -3.358321 0.918355 -1.402795 0.791440 -2.205746 1.040600 -1.249997 1.362157 0.899264 8.071271 
1.632348 -1.224463 1.229470 0.549753 -2.322354 -2.574109 -0.797390 0.915277 -1.761020 3.239186 1.861104 -3.476703 0.922125 -1.505276 0.763294 -2.232964 1.041645 -1.348171 1.340524 0.939993 8.677385 
1.745872 -1.346978 1.400861 0.628816 -2.509265 -2.775861 -0.703257 0.984412 -1.896639 3.413841 2.102022 -3.584293 0.918223 -1.608710 0.727255 -2.245468 1.034342 -1.447585 1.307918 0.978979 9.292912 
1.861371 -1.473181 1.581617 0.712827 -2.701689 -2.982541 -0.595078 1.054518 -2.034237 3.585209 2.355739 -3.680944 0.906449 -1.712970 0.683405 -2.242928 1.018540 -1.548098 1.264368 1.016164 9.917496 
1.978801 -1.602833 1.771535 0.801786 -2.899569 -3.194083 -0.472972 1.125435 -2.173631 3.753037 2.622044 -3.766526 0.886619 -1.817925 0.631845 -2.225045 0.994108 -1.649573 1.209913 1.051487 10.550779 
2.098111 -1.735688 1.970391 0.895692 -3.102837 -3.410418 -0.337082 1.196993 -2.314639 3.917075 2.900700 -3.840933 0.858570 -1.923444 0.572688 -2.191551 0.960938 -1.751870 1.144604 1.084887 11.192403 
2.219244 -1.871491 2.177940 0.994537 -3.311414 -3.631473 -0.187575 1.269009 -2.457080 4.077082 3.191443 -3.904083 0.822159 -2.029392 0.506065 -2.142210 0.918938 -1.854852 1.068505 1.116300 11.842008 
2.342137 -2.009979 2.393919 1.098308 -3.525204 -3.857177 -0.024649 1.341289 -2.600774 4.232822 3.493987 -3.955911 0.777263 -2.135632 0.432124 -2.076816 0.868039 -1.958383 0.981689 1.145660 12.499235 
2.466719 -2.150882 2.618039 1.206985 -3.744100 -4.087456 0.151476 1.413630 -2.745541 4.384067 3.808016 -3.996378 0.723778 -2.242026 0.351026 -1.995195 0.808191 -2.062326 0.884242 1.172898 13.163722 
2.592912 -2.293923 2.849996 1.320546 -3.967983 -4.322232 0.340552 1.485814 -2.891203 4.530595 4.133192 -4.025465 0.661618 -2.348432 0.262951 -1.897203 0.739365 -2.166546 0.776260 1.197945 13.835107 
2.720634 -2.438817 3.089459 1.438960 -4.196719 -4.561429 0.542305 1.557614 -3.037585 4.672190 4.469150 -4.043176 0.590721 -2.454707 0.168092 -1.782730 0.661551 -2.270909 0.657853 1.220728 14.513026 
2.849791 -2.585271 3.336081 1.562194 -4.430162 -4.804965 0.756435 1.628792 -3.184511 4.808645 4.815498 -4.049534 0.511040 -2.560705 0.066659 -1.651695 0.574760 -2.375280 0.529139 1.241173 15.197116 
2.980288 -2.732984 3.589492 1.690207 -4.668153 -5.052761 0.982617 1.699098 -3.331805 4.939757 5.171821 -4.044588 0.422551 -2.666278 -0.041121 -1.504047 0.479023 -2.479526 0.390250 1.259203 15.887011 
3.112020 -2.881649 3.849301 1.822954 -4.910519 -5.304731 1.220497 1.768269 -3.479295 5.065331 5.537677 -4.028406 0.325247 -2.771275 -0.155006 -1.339771 0.374390 -2.583516 0.241329 1.274740 16.582346 
3.244875 -3.030950 4.115096 1.960384 -5.157076 -5.560792 1.469699 1.836034 -3.626809 5.185178 5.912599 -4.001078 0.219144 -2.875545 -0.274738 -1.158877 0.260934 -2.687118 0.082529 1.287703 17.282753 
3.378737 -3.180563 4.386445 2.102441 -5.407625 -5.820857 1.729817 1.902109 -3.774175 5.299118 6.296092 -3.962718 0.104274 -2.978932 -0.400044 -0.961411 0.138744 -2.790200 -0.085984 1.298009 17.987864 
3.513479 -3.330159 4.662895 2.249065 -5.661955 -6.084837 2.000420 1.966197 -3.921223 5.406975 6.687639 -3.913458 -0.019309 -3.081279 -0.530634 -0.747449 0.007933 -2.892633 -0.264034 1.305574 18.697310 
3.648971 -3.479398 4.943971 2.400187 -5.919842 -6.352642 2.281053 2.027994 -4.067784 5.508580 7.086696 -3.853456 -0.151531 -3.182428 -0.666202 -0.517097 -0.131369 -2.994288 -0.451431 1.310312 19.410722 
3.785075 -3.627934 5.229178 2.555737 -6.181049 -6.624179 2.571233 2.087179 -4.213692 5.603772 7.492691 -3.782890 -0.292301 -3.282216 -0.806427 -0.270492 -0.279008 -3.095034 -0.647978 1.312132 20.127728 
3.921645 -3.775414 5.518000 2.715636 -6.445325 -6.899355 2.870450 2.143426 -4.358778 5.692396 7.905030 -3.701959 -0.441505 -3.380479 -0.950971 -0.007806 -0.434815 -3.194746 -0.853461 1.310944 20.847956 
4.058531 -3.921476 5.809900 2.879803 -6.712407 -7.178074 3.178169 2.196392 -4.502878 5.774304 8.323092 -3.610885 -0.599012 -3.477052 -1.099481 0.270763 -0.598597 -3.293295 -1.067660 1.306656 21.571034 
4.195573 -4.065751 6.104320 3.048149 -6.982019 -7.460239 3.493830 2.245727 -4.645827 5.849353 8.746230 -3.509912 -0.764670 -3.571766 -1.251589 0.564983 -0.770141 -3.390555 -1.290340 1.299171 22.296588 
4.332607 -4.207864 6.400681 3.220580 -7.253872 -7.745750 3.816845 2.291066 -4.787462 5.917409 9.173771 -3.399304 -0.938307 -3.664450 -1.406908 0.874590 -0.949217 -3.486400 -1.521256 1.288393 23.024243 
4.469460 -4.347429 6.698385 3.396999 -7.527663 -8.034508 4.146600 2.332037 -4.927620 5.978343 9.605017 -3.279350 -1.119733 -3.754932 -1.565038 1.199290 -1.135571 -3.580706 -1.760152 1.274223 23.753623 
4.605954 -4.484055 6.996809 3.577300 -7.803077 -8.326408 4.482457 2.368252 -5.066142 6.032034 10.039246 -3.150358 -1.308736 -3.843036 -1.725562 1.538759 -1.328931 -3.673348 -2.006758 1.256558 24.484351 
4.741904 -4.617343 7.295312 3.761375 -8.079786 -8.621348 4.823748 2.399315 -5.202866 6.078368 10.475706 -3.012659 -1.505087 -3.928586 -1.888048 1.892639 -1.529005 -3.764202 -2.260797 1.235296 25.216051 
4.877116 -4.746885 7.593233 3.949108 -8.357448 -8.919219 5.169784 2.424818 -5.337634 6.117235 10.913625 -2.866606 -1.708534 -4.011400 -2.052046 2.260542 -1.735479 -3.853147 -2.521976 1.210332 25.948342 
5.011393 -4.872267 7.889887 4.140379 -8.635710 -9.219916 5.519844 2.444340 -5.470289 6.148534 11.352200 -2.712574 -1.918810 -4.091298 -2.217092 2.642051 -1.948022 -3.940059 -2.789993 1.181557 26.680846 
5.144529 -4.993067 8.184571 4.335064 -8.914203 -9.523327 5.873187 2.457452 -5.600673 6.172170 11.790607 -2.550959 -2.135623 -4.168094 -2.382706 3.036714 -2.166280 -4.024818 -3.064536 1.148862 27.413181 
5.276310 -5.108854 8.476560 4.533031 -9.192548 -9.829341 6.229041 2.463710 -5.728632 6.188056 12.227993 -2.382179 -2.358665 -4.241603 -2.548391 3.444050 -2.389881 -4.107304 -3.345278 1.112135 28.144967 
5.406518 -5.219192 8.765106 4.734143 -9.470351 -10.137846 6.586610 2.462661 -5.854011 6.196109 12.663481 -2.206675 -2.587607 -4.311636 -2.713636 3.863546 -2.618430 -4.187395 -3.631883 1.071263 28.875821 
5.534927 -5.323636 9.049445 4.938260 -9.747206 -10.448726 6.945071 2.453841 -5.976657 6.196255 13.096169 -2.024909 -2.822101 -4.378002 -2.877911 4.294659 -2.851515 -4.264974 -3.924003 1.026129 29.605359 
5.661304 -5.421732 9.328787 5.145235 -10.022694 -10.761865 7.303576 2.436773 -6.096417 6.188425 13.525127 -1.837365 -3.061779 -4.440507 -3.040674 4.736813 -3.088703 -4.339921 -4.221279 0.976616 30.333197 
5.785410 -5.513020 9.602324 5.354915 -10.296382 -11.077143 7.661251 2.410969 -6.213142 6.172559 13.949402 -1.644547 -3.306253 -4.498956 -3.201363 5.189402 -3.329539 -4.412121 -4.523340 0.922604 31.058948 
5.906998 -5.597032 9.869226 5.567143 -10.567824 -11.394441 8.017194 2.375932 -6.326681 6.148601 14.368014 -1.446985 -3.555115 -4.553152 -3.359404 5.651788 -3.573550 -4.481454 -4.829804 0.863970 31.782228 
6.025815 -5.673294 10.128644 5.781756 -10.836563 -11.713636 8.370479 2.331150 -6.436885 6.116504 14.779957 -1.245226 -3.807939 -4.602893 -3.514205 6.123304 -3.820243 -4.547806 -5.140276 0.800590 32.502649 
6.141602 -5.741321 10.379705 5.998586 -11.102127 -12.034606 8.720152 2.276102 -6.543607 6.076225 15.184200 -1.039844 -4.064277 -4.647978 -3.665157 6.603247 -4.069103 -4.611061 -5.454353 0.732339 33.219821 
6.254091 -5.800623 10.621516 6.217459 -11.364032 -12.357223 9.065234 2.210257 -6.646701 6.027731 15.579688 -0.831430 -4.323664 -4.688202 -3.811638 7.090888 -4.319596 -4.671105 -5.771618 0.659087 33.933356 
6.363010 -5.850701 10.853166 6.438196 -11.621780 -12.681361 9.404720 2.133069 -6.746021 5.970992 15.965337 -0.620599 -4.585613 -4.723359 -3.953008 7.585464 -4.571168 -4.727822 -6.091642 0.580705 34.642864 
6.468079 -5.891050 11.073720 6.660613 -11.874860 -13.006892 9.737579 2.043983 -6.841422 5.905989 16.340040 -0.407989 -4.849618 -4.753238 -4.088612 8.086182 -4.823245 -4.781102 -6.413987 0.497060 35.347953 
6.569010 -5.921155 11.282222 6.884521 -12.122750 -13.333683 10.062752 1.942433 -6.932762 5.832706 16.702663 -0.194259 -5.115154 -4.777630 -4.217779 8.592216 -5.075231 -4.830830 -6.738202 0.408017 36.048231 
6.665510 -5.940497 11.477697 7.109724 -12.364913 -13.661602 10.379156 1.827841 -7.019899 5.751135 17.052048 0.019912 -5.381676 -4.796319 -4.339821 9.102710 -5.326514 -4.876896 -7.063825 0.313440 36.743305 
6.757279 -5.948545 11.659148 7.336022 -12.600800 -13.990515 10.685682 1.699618 -7.102693 5.661274 17.387009 0.233821 -5.648619 -4.809091 -4.454035 9.616777 -5.576457 -4.919187 -7.390382 0.213190 37.432781 
6.844010 -5.944763 11.825557 7.563210 -12.829847 -14.320287 10.981193 1.557163 -7.181002 5.563130 17.706337 0.446744 -5.915399 -4.815727 -4.559704 10.133498 -5.824406 -4.957595 -7.717389 0.107127 38.116263 
6.925389 -5.928607 11.975885 7.791076 -13.051480 -14.650778 11.264526 1.399864 -7.254689 5.456715 18.008795 0.657935 -6.181412 -4.816006 -4.656091 10.651924 -6.069686 -4.992010 -8.044348 -0.004893 38.793356 
7.001095 -5.899526 12.109074 8.019404 -13.265110 -14.981849 11.534495 1.227098 -7.323616 5.342046 18.293122 0.866625 -6.446033 -4.809706 -4.742447 11.171073 -6.311602 -5.022323 -8.370753 -0.123015 39.463663 
7.070801 -5.856960 12.224043 8.247972 -13.470136 -15.313359 11.789884 1.038231 -7.387647 5.219150 18.558031 1.072025 -6.708620 -4.796603 -4.818005 11.689934 -6.549438 -5.048425 -8.696085 -0.247385 40.126784 
7.134173 -5.800343 12.319689 8.476554 -13.665943 -15.645165 12.029454 0.832617 -7.446646 5.088059 18.802210 1.273324 -6.968509 -4.776467 -4.881982 12.207463 -6.782459 -5.070210 -9.019812 -0.378152 40.782322 
7.190869 -5.729099 12.394892 8.704917 -13.851903 -15.977122 12.251936 0.609599 -7.500480 4.948811 19.024319 1.469688 -7.225017 -4.749071 -4.933580 12.722585 -7.009910 -5.087572 -9.341392 -0.515468 41.429877 
7.240543 -5.642646 12.448507 8.932824 -14.027377 -16.309082 12.456040 0.368509 -7.549015 4.801452 19.222994 1.660261 -7.477443 -4.714183 -4.971984 13.234195 -7.231015 -5.100404 -9.660274 -0.659486 42.069046 
7.282840 -5.540396 12.479372 9.160030 -14.191710 -16.640898 12.640445 0.108666 -7.592120 4.646034 19.396848 1.844167 -7.725064 -4.671567 -4.996366 13.741155 -7.444979 -5.108601 -9.975890 -0.810361 42.699430 
7.317398 -5.421749 12.486300 9.386289 -14.344237 -16.972419 12.803806 -0.170620 -7.629663 4.482616 19.544463 2.020506 -7.967137 -4.620989 -5.005878 14.242296 -7.650984 -5.112059 -10.287667 -0.968251 43.320624 
7.343850 -5.286102 12.468086 9.611346 -14.484276 -17.303494 12.944754 -0.470051 -7.661516 4.311264 19.664399 2.188358 -8.202903 -4.562210 -4.999658 14.736421 -7.848196 -5.110675 -10.595015 -1.133314 43.932225 
7.361821 -5.132842 12.423504 9.834941 -14.611137 -17.633968 13.061890 -0.790341 -7.687549 4.132049 19.755191 2.346780 -8.431580 -4.494988 -4.976830 15.222296 -8.035758 -5.104346 -10.897336 -1.305713 44.533828 
7.370930 -4.961348 12.351305 10.056812 -14.724114 -17.963686 13.153790 -1.132215 -7.707636 3.945051 19.815345 2.494807 -8.652366 -4.419081 -4.936499 15.698662 -8.212793 -5.092969 -11.194019 -1.485611 45.125028 
7.370788 -4.770993 12.250221 10.276687 -14.822487 -18.292491 13.219007 -1.496409 -7.721650 3.750355 19.843344 2.631454 -8.864442 -4.334243 -4.877755 16.164224 -8.378406 -5.076444 -11.484443 -1.673174 45.705417 
7.361001 -4.561141 12.118963 10.494291 -14.905525 -18.620223 13.256063 -1.883670 -7.729465 3.548054 19.837645 2.755711 -9.066967 -4.240227 -4.799674 16.617658 -8.531680 -5.054669 -11.767974 -1.868569 46.274587 
7.341167 -4.331149 11.956220 10.709345 -14.972485 -18.946722 13.263457 -2.294758 -7.730958 3.338246 19.796680 2.866549 -9.259082 -4.136782 -4.701313 17.057608 -8.671678 -5.027545 -12.043967 -2.071966 46.832131 
7.310877 -4.080366 11.760661 10.921563 -15.022607 -19.271826 13.239661 -2.730442 -7.726006 3.121038 19.718852 2.962915 -9.439906 -4.023658 -4.581716 17.482688 -8.797443 -4.994973 -12.311767 -2.283537 47.377639 
7.269716 -3.808134 11.530934 11.130652 -15.055122 -19.595369 13.183121 -3.191504 -7.714487 2.896540 19.602544 3.043736 -9.608542 -3.900599 -4.439909 17.891479 -8.907998 -4.956854 -12.570707 -2.503457 47.910699 
7.217263 -3.513787 11.265666 11.336318 -15.069246 -19.917186 13.092258 -3.678737 -7.696280 2.664874 19.446108 3.107917 -9.764071 -3.767348 -4.274903 18.282532 -9.002346 -4.913091 -12.820106 -2.731901 48.430900 
7.153088 -3.196652 10.963462 11.538257 -15.064182 -20.237110 12.965464 -4.192944 -7.671267 2.426163 19.247873 3.154340 -9.905553 -3.623647 -4.085693 18.654367 -9.079471 -4.863586 -13.059275 -2.969047 48.937831 
7.076756 -2.856047 10.622909 11.736163 -15.039121 -20.554969 12.801107 -4.734941 -7.639327 2.180541 19.006144 3.181865 -10.032030 -3.469235 -3.871259 19.005471 -9.138334 -4.808244 -13.287513 -3.215075 49.431076 
6.987824 -2.491284 10.242569 11.929723 -14.993239 -20.870594 12.597529 -5.305554 -7.600345 1.928146 18.719196 3.189331 -10.142526 -3.303848 -3.630563 19.334302 -9.177878 -4.746969 -13.504105 -3.470168 49.910222 
6.885844 -2.101666 9.820987 12.118619 -14.925703 -21.183810 12.353045 -5.905622 -7.554204 1.669125 18.385281 3.175555 -10.236042 -3.127220 -3.362553 19.639286 -9.197026 -4.679667 -13.708328 -3.734510 50.374854 
6.770361 -1.686489 9.356685 12.302529 -14.835662 -21.494444 12.065944 -6.535994 -7.500789 1.403630 18.002627 3.139333 -10.311562 -2.939083 -3.066160 19.918817 -9.194680 -4.606242 -13.899446 -4.008288 50.824554 
6.640910 -1.245041 8.848165 12.481122 -14.722255 -21.802317 11.734490 -7.197530 -7.439985 1.131820 17.569434 3.079437 -10.368048 -2.739168 -2.740301 20.171258 -9.169721 -4.526604 -14.076710 -4.291689 51.258906 
6.497024 -0.776604 8.293906 12.654067 -14.584607 -22.107253 11.356919 -7.891103 -7.371681 0.853860 17.083876 2.994620 -10.404444 -2.527202 -2.383873 20.394942 -9.121013 -4.440657 -14.239363 -4.584905 51.677491 
6.338226 -0.280450 7.692369 12.821022 -14.421831 -22.409070 10.931442 -8.617594 -7.295764 0.569924 16.544103 2.883610 -10.419674 -2.302909 -1.995763 20.588169 -9.047396 -4.348312 -14.386634 -4.888129 52.079890 
6.164033 0.244155 7.041993 12.981645 -14.233026 -22.707587 10.456244 -9.377900 -7.212124 0.280189 15.948238 2.745115 -10.412643 -2.066013 -1.574836 20.749209 -8.947693 -4.249477 -14.517742 -5.201554 52.465682 
5.973956 0.797953 6.341196 13.135584 -14.017279 -23.002619 9.929483 -10.172925 -7.120651 -0.015156 15.294381 2.577822 -10.382234 -1.816235 -1.119946 20.876302 -8.820705 -4.144062 -14.631893 -5.525377 52.834446 
5.767498 1.381694 5.588374 13.282484 -13.773662 -23.293983 9.349292 -11.003586 -7.021237 -0.315922 14.580603 2.380394 -10.327312 -1.553293 -0.629927 20.967653 -8.665213 -4.031976 -14.728284 -5.859798 53.185760 
5.544156 1.996136 4.781903 13.421985 -13.501236 -23.581489 8.713777 -11.870813 -6.913775 -0.621907 13.804951 2.151473 -10.246724 -1.276903 -0.103601 21.021439 -8.479980 -3.913133 -14.806098 -6.205018 53.519201 
5.303421 2.642042 3.920140 13.553721 -13.199048 -23.864950 8.021019 -12.775544 -6.798159 -0.932906 12.965447 1.889680 -10.139294 -0.986779 0.460228 21.035805 -8.263746 -3.787442 -14.864508 -6.561239 53.834345 
5.044776 3.320186 3.001418 13.677320 -12.866133 -24.144174 7.269071 -13.718731 -6.674283 -1.248707 12.060087 1.593613 -10.003828 -0.682633 1.062772 21.008864 -8.015232 -3.654817 -14.902675 -6.928666 54.130766 
NaN NaN NaN NaN NaN NaN NaN NaN NaN NaN NaN NaN NaN NaN NaN NaN NaN NaN NaN NaN NaN 
NaN NaN NaN NaN NaN NaN NaN NaN NaN NaN NaN NaN NaN NaN NaN NaN NaN NaN NaN NaN NaN 
NaN NaN NaN NaN NaN NaN NaN NaN NaN NaN NaN NaN NaN NaN NaN NaN NaN NaN NaN NaN NaN 
NaN NaN NaN NaN NaN NaN NaN NaN NaN NaN NaN NaN NaN NaN NaN NaN NaN NaN NaN NaN NaN 
