-1.593807 0.414321 -1.896642 -1.793952 -4.066367 -5.064479 -6.039581 2.342364 -6.087181 -4.358640 -2.485515 -7.117717 4.201560 -8.490533 1.493381 1.896009 -5.632582 -10.057263 2.687739 -1.278398 -1.361424 14.719887 4.458097 -5.731753 -16.791648 -4.971775 2.010345 -2.366364 
-1.021540 0.429331 -1.953842 -2.278606 -4.060790 -5.196856 -6.008552 2.244565 -5.151821 -3.601719 -2.376357 -6.708063 4.101351 -7.888790 1.667247 1.673437 -5.880758 -9.897013 2.158112 -1.519333 -1.908809 12.652647 3.142277 -5.240670 -15.497862 -4.562510 1.345108 -2.665592 
-0.488563 0.443247 -2.008582 -2.731218 -4.050814 -5.313589 -5.970822 2.153427 -4.267315 -2.895299 -2.267802 -6.316780 4.000634 -7.309509 1.829106 1.463901 -6.103865 -9.733715 1.659324 -1.742036 -2.422006 10.693208 1.896339 -4.778483 -14.266165 -4.178660 0.722314 -2.939613 
0.006429 0.456084 -2.060805 -3.152645 -4.036559 -5.415172 -5.926647 2.068622 -3.432317 -2.237674 -2.159993 -5.943328 3.899536 -6.752312 1.979263 1.266995 -6.302734 -9.567516 1.190506 -1.947076 -2.901882 8.838840 0.718730 -4.344157 -13.094842 -3.819253 0.140648 -3.189307 
0.464724 0.467861 -2.110452 -3.543735 -4.018147 -5.502091 -5.876286 1.989824 -2.645496 -1.627157 -2.053074 -5.587173 3.798176 -6.216823 2.118018 1.082319 -6.478184 -9.398560 0.750797 -2.135016 -3.349290 7.086843 -0.392091 -3.936677 -11.982201 -3.483333 -0.401186 -3.415539 
0.887592 0.478594 -2.157466 -3.905321 -3.995697 -5.574829 -5.819988 1.916713 -1.905537 -1.062085 -1.947183 -5.247790 3.696675 -5.702669 2.245669 0.909475 -6.631024 -9.226989 0.339349 -2.306409 -3.765074 5.434549 -1.437646 -3.555041 -10.926567 -3.169959 -0.904469 -3.619165 
1.276287 0.488298 -2.201791 -4.238232 -3.969326 -5.633859 -5.758002 1.848977 -1.211140 -0.540814 -1.842454 -4.924657 3.595145 -5.209481 2.362509 0.748073 -6.762049 -9.052944 -0.044677 -2.461803 -4.150069 3.879323 -2.419447 -3.198266 -9.926290 -2.878207 -1.370461 -3.801022 
1.632044 0.496992 -2.243369 -4.543282 -3.939152 -5.679650 -5.690574 1.786306 -0.561021 -0.061723 -1.739019 -4.617263 3.493699 -4.736894 2.468828 0.597727 -6.872044 -8.876564 -0.402107 -2.601739 -4.505097 2.418559 -3.338987 -2.865384 -8.979739 -2.607167 -1.800404 -3.961936 
1.956081 0.504690 -2.282145 -4.821277 -3.905289 -5.712662 -5.617942 1.728396 0.046089 0.376788 -1.637005 -4.325102 3.392442 -4.284545 2.564913 0.458054 -6.961781 -8.697984 -0.733761 -2.726750 -4.830972 1.049685 -4.197746 -2.555441 -8.085305 -2.355947 -2.195524 -4.102722 
2.249599 0.511408 -2.318064 -5.073013 -3.867851 -5.733353 -5.540345 1.674950 0.611444 0.776300 -1.536536 -4.047672 3.291479 -3.852075 2.651045 0.328678 -7.032020 -8.517339 -1.040444 -2.837361 -5.128496 -0.229841 -4.997189 -2.267503 -7.241400 -2.123667 -2.557026 -4.224176 
2.513782 0.517163 -2.351070 -5.299275 -3.826950 -5.742170 -5.458016 1.625674 1.136281 1.138368 -1.437732 -3.784483 3.190908 -3.439129 2.727504 0.209229 -7.083511 -8.334762 -1.322955 -2.934090 -5.398463 -1.422530 -5.738766 -2.000649 -6.446457 -1.909468 -2.886099 -4.327086 
2.749796 0.521969 -2.381108 -5.500838 -3.782696 -5.739556 -5.371183 1.580282 1.621823 1.464530 -1.340711 -3.535048 3.090825 -3.045356 2.794564 0.099338 -7.116990 -8.150384 -1.582078 -3.017450 -5.641655 -2.530859 -6.423911 -1.753977 -5.698931 -1.712501 -3.183913 -4.412223 
2.958789 0.525843 -2.408124 -5.678467 -3.735199 -5.725948 -5.280073 1.538492 2.069276 1.756302 -1.245585 -3.298887 2.991323 -2.670405 2.852497 -0.001355 -7.133184 -7.964332 -1.818590 -3.087943 -5.858844 -3.557277 -7.054044 -1.526599 -4.997296 -1.531936 -3.451620 -4.480347 
3.141892 0.528798 -2.432065 -5.832917 -3.684568 -5.701775 -5.184909 1.500026 2.479833 2.015176 -1.152464 -3.075529 2.892491 -2.313932 2.901570 -0.093208 -7.132805 -7.776735 -2.033257 -3.146067 -6.050792 -4.504198 -7.630571 -1.317644 -4.340051 -1.366959 -3.690353 -4.532202 
3.300220 0.530851 -2.452876 -5.964933 -3.630908 -5.667461 -5.085907 1.464614 2.854668 2.242626 -1.061454 -2.864507 2.794412 -1.975596 2.942047 -0.176571 -7.116555 -7.587715 -2.226833 -3.192310 -6.218251 -5.374007 -8.154882 -1.126257 -3.725711 -1.216770 -3.901229 -4.568520 
3.434869 0.532015 -2.470504 -6.075249 -3.574324 -5.623422 -4.983283 1.431989 3.194943 2.440102 -0.972657 -2.665363 2.697168 -1.655057 2.974188 -0.251794 -7.085125 -7.397397 -2.400063 -3.227156 -6.361961 -6.169057 -8.628352 -0.951599 -3.152818 -1.080585 -4.085344 -4.590019 
3.546918 0.532306 -2.484898 -6.164590 -3.514921 -5.570071 -4.877247 1.401890 3.501803 2.609036 -0.886172 -2.477645 2.600836 -1.351980 2.998248 -0.319216 -7.039192 -7.205901 -2.553681 -3.251078 -6.482655 -6.891668 -9.052341 -0.792849 -2.619929 -0.957636 -4.243778 -4.597405 
3.637428 0.531738 -2.496004 -6.233669 -3.452801 -5.507810 -4.768007 1.374064 3.776376 2.750835 -0.802095 -2.300906 2.505490 -1.066034 3.014482 -0.379176 -6.979423 -7.013344 -2.688411 -3.264544 -6.581052 -7.544130 -9.428196 -0.649200 -2.125628 -0.847171 -4.377591 -4.591369 
3.707444 0.530324 -2.503770 -6.283192 -3.388063 -5.437037 -4.655766 1.348258 4.019777 2.866887 -0.720516 -2.134710 2.411199 -0.796891 3.023138 -0.432006 -6.906474 -6.819846 -2.804967 -3.268016 -6.657865 -8.128701 -9.757245 -0.519862 -1.668516 -0.748453 -4.487828 -4.572589 
3.757992 0.528079 -2.508147 -6.313852 -3.320809 -5.358146 -4.540724 1.324230 4.233104 2.958558 -0.641523 -1.978623 2.318030 -0.544226 3.024460 -0.478032 -6.820986 -6.625519 -2.904052 -3.261944 -6.713792 -8.647608 -10.040806 -0.404060 -1.247217 -0.660762 -4.575513 -4.541729 
3.790083 0.525017 -2.509081 -6.326332 -3.251136 -5.271519 -4.423077 1.301738 4.417441 3.027193 -0.565202 -1.832220 2.226045 -0.307717 3.018691 -0.517578 -6.723592 -6.430477 -2.986357 -3.246777 -6.749524 -9.103045 -10.280179 -0.301038 -0.860377 -0.583392 -4.641651 -4.499440 
3.804708 0.521150 -2.506524 -6.321306 -3.179140 -5.177537 -4.303016 1.280551 4.573855 3.074115 -0.491633 -1.695083 2.135303 -0.087046 3.006068 -0.550960 -6.614910 -6.234832 -3.052566 -3.222951 -6.765741 -9.497176 -10.476649 -0.210054 -0.506660 -0.515653 -4.687233 -4.446360 
3.802842 0.516493 -2.500423 -6.299438 -3.104917 -5.076572 -4.180731 1.260438 4.703397 3.100627 -0.420892 -1.566801 2.045859 0.118102 2.986826 -0.578491 -6.495549 -6.038691 -3.103349 -3.190899 -6.763112 -9.832134 -10.631488 -0.130382 -0.184754 -0.456872 -4.713228 -4.383113 
3.785442 0.511059 -2.490731 -6.261381 -3.028561 -4.968989 -4.056406 1.241178 4.807105 3.108009 -0.353054 -1.446969 1.957764 0.308037 2.961193 -0.600479 -6.366104 -5.842161 -3.139369 -3.151044 -6.742297 -10.110018 -10.745952 -0.061315 0.106633 -0.406389 -4.720588 -4.310309 
3.753447 0.504860 -2.477397 -6.207777 -2.950164 -4.855149 -3.930222 1.222550 4.885999 3.097521 -0.288188 -1.335188 1.871066 0.483068 2.929398 -0.617227 -6.227159 -5.645348 -3.161275 -3.103803 -6.703944 -10.332898 -10.821281 -0.002157 0.368770 -0.363564 -4.710248 -4.228547 
3.707782 0.497909 -2.460373 -6.139261 -2.869816 -4.735405 -3.802356 1.204345 4.941085 3.070402 -0.226362 -1.231068 1.785809 0.643500 2.891662 -0.629031 -6.079287 -5.448355 -3.169709 -3.049586 -6.648693 -10.502810 -10.858702 0.047766 0.602908 -0.327768 -4.683122 -4.138408 
3.649350 0.490220 -2.439610 -6.056454 -2.787608 -4.610103 -3.672982 1.186353 4.973353 3.027869 -0.167637 -1.134223 1.702033 0.789632 2.848205 -0.636186 -5.923048 -5.251282 -3.165301 -2.988794 -6.577171 -10.621762 -10.859426 0.089115 0.810275 -0.298391 -4.640110 -4.040465 
3.579039 0.481803 -2.415060 -5.959970 -2.703628 -4.479584 -3.542270 1.168373 4.983777 2.971116 -0.112072 -1.044276 1.619774 0.921763 2.799242 -0.638978 -5.758992 -5.054229 -3.148670 -2.921823 -6.489998 -10.691728 -10.824650 0.122536 0.992077 -0.274836 -4.582090 -3.935273 
3.497720 0.472673 -2.386675 -5.850410 -2.617962 -4.344182 -3.410386 1.150209 4.973317 2.901320 -0.059724 -0.960856 1.539065 1.040187 2.744986 -0.637691 -5.587655 -4.857293 -3.120426 -2.849060 -6.387781 -10.714649 -10.755555 0.148655 1.149501 -0.256525 -4.509924 -3.823376 
3.406245 0.462839 -2.354408 -5.728368 -2.530696 -4.204225 -3.277492 1.131669 4.942917 2.819632 -0.010645 -0.883598 1.459936 1.145195 2.685643 -0.632602 -5.409562 -4.660568 -3.081167 -2.770885 -6.271117 -10.692439 -10.653308 0.168084 1.283710 -0.242892 -4.424455 -3.705303 
3.305449 0.452315 -2.318212 -5.594425 -2.441913 -4.060035 -3.143747 1.112567 4.893504 2.727185 0.035119 -0.812146 1.382411 1.237075 2.621418 -0.623986 -5.225228 -4.464148 -3.031481 -2.687673 -6.140594 -10.626976 -10.519060 0.181420 1.395850 -0.233389 -4.326508 -3.581572 
3.196152 0.441112 -2.278041 -5.449153 -2.351696 -3.911925 -3.009306 1.092724 4.825990 2.625089 0.077520 -0.746147 1.306512 1.316110 2.552512 -0.612109 -5.035154 -4.268125 -2.971947 -2.599788 -5.996790 -10.520110 -10.353948 0.189242 1.487041 -0.227484 -4.216889 -3.452684 
3.079154 0.429241 -2.233849 -5.293114 -2.260126 -3.760206 -2.874320 1.071963 4.741274 2.514433 0.116519 -0.685259 1.232257 1.382581 2.479121 -0.597236 -4.839830 -4.072586 -2.903133 -2.507590 -5.840271 -10.373656 -10.159093 0.192113 1.558385 -0.224660 -4.096389 -3.319130 
2.955237 0.416714 -2.185590 -5.126860 -2.167283 -3.605178 -2.738936 1.050115 4.640237 2.396286 0.152079 -0.629144 1.159660 1.436766 2.401439 -0.579624 -4.639734 -3.877621 -2.825595 -2.411429 -5.671594 -10.189401 -9.935604 0.190580 1.610963 -0.224413 -3.965777 -3.181385 
2.825168 0.403542 -2.133219 -4.950933 -2.073245 -3.447139 -2.603299 1.027016 4.523744 2.271694 0.184163 -0.577471 1.088732 1.478938 2.319654 -0.559527 -4.435333 -3.683312 -2.739880 -2.311650 -5.491305 -9.969098 -9.684571 0.185175 1.645832 -0.226260 -3.825806 -3.039912 
2.689696 0.389734 -2.076691 -4.765863 -1.978089 -3.286376 -2.467547 1.002506 4.392647 2.141683 0.212744 -0.529916 1.019479 1.509367 2.233953 -0.537194 -4.227081 -3.489745 -2.646524 -2.208590 -5.299941 -9.714469 -9.407073 0.176411 1.664032 -0.229729 -3.677209 -2.895160 
2.549550 0.375303 -2.015963 -4.572172 -1.881890 -3.123174 -2.331818 0.976431 4.247780 2.007256 0.237793 -0.486164 0.951905 1.528322 2.144517 -0.512868 -4.015422 -3.297000 -2.546054 -2.102578 -5.098027 -9.427206 -9.104170 0.164787 1.666577 -0.234367 -3.520704 -2.747565 
2.405446 0.360258 -1.950989 -4.370370 -1.784722 -2.957809 -2.196244 0.948644 4.089964 1.869396 0.259288 -0.445903 0.886009 1.536065 2.051524 -0.486787 -3.800787 -3.105157 -2.438984 -1.993936 -4.886078 -9.108968 -8.776911 0.150786 1.654464 -0.239734 -3.356988 -2.597548 
2.258080 0.344610 -1.881726 -4.160960 -1.686659 -2.790552 -2.060954 0.919000 3.920003 1.729065 0.277209 -0.408830 0.821787 1.532856 1.955149 -0.459186 -3.583594 -2.914293 -2.325821 -1.882979 -4.664601 -8.761383 -8.426328 0.134874 1.628666 -0.245408 -3.186741 -2.445519 
2.108129 0.328369 -1.808132 -3.944431 -1.587770 -2.621666 -1.926073 0.887363 3.738684 1.587203 0.291540 -0.374648 0.759230 1.518953 1.855563 -0.430293 -3.364252 -2.724483 -2.207058 -1.770016 -4.434090 -8.386046 -8.053438 0.117500 1.590137 -0.250980 -3.010624 -2.291873 
1.956257 0.311544 -1.730163 -3.721264 -1.488126 -2.451408 -1.791722 0.853599 3.546782 1.444729 0.302269 -0.343068 0.698326 1.494610 1.752932 -0.400332 -3.143157 -2.535801 -2.083180 -1.655346 -4.195030 -7.984523 -7.659245 0.099099 1.539808 -0.256059 -2.829281 -2.136991 
1.803106 0.294145 -1.647778 -3.491929 -1.387794 -2.280031 -1.658019 0.817582 3.345055 1.302540 0.309387 -0.313805 0.639061 1.460075 1.647419 -0.369522 -2.920693 -2.348318 -1.954660 -1.539264 -3.947895 -7.558346 -7.244734 0.080088 1.478591 -0.260269 -2.643338 -1.981241 
1.649304 0.276183 -1.560935 -3.256887 -1.286843 -2.107778 -1.525077 0.779190 3.134244 1.161513 0.312889 -0.286585 0.581415 1.415596 1.539186 -0.338077 -2.697231 -2.162103 -1.821963 -1.422054 -3.693151 -7.109019 -6.810880 0.060868 1.407374 -0.263250 -2.453401 -1.824979 
1.495459 0.257665 -1.469591 -3.016588 -1.185338 -1.934889 -1.393008 0.738306 2.915075 1.022503 0.312773 -0.261136 0.525364 1.361416 1.428386 -0.306206 -2.473134 -1.977225 -1.685540 -1.303996 -3.431250 -6.638010 -6.358641 0.041824 1.327026 -0.264656 -2.260059 -1.668546 
1.342165 0.238601 -1.373707 -2.771471 -1.083342 -1.761595 -1.261917 0.694820 2.688262 0.886343 0.309041 -0.237197 0.470884 1.297774 1.315172 -0.274114 -2.248748 -1.793749 -1.545835 -1.185360 -3.162637 -6.146759 -5.888958 0.023326 1.238394 -0.264159 -2.063884 -1.512270 
1.189995 0.219001 -1.273241 -2.521967 -0.980918 -1.588122 -1.131907 0.648626 2.454498 0.753845 0.301699 -0.214511 0.417942 1.224908 1.199693 -0.241999 -2.024413 -1.611738 -1.403280 -1.066412 -2.887744 -5.636673 -5.402761 0.005725 1.142305 -0.261445 -1.865428 -1.356465 
1.039506 0.198871 -1.168154 -2.268495 -0.878128 -1.414688 -1.003077 0.599623 2.214465 0.625802 0.290756 -0.192828 0.366505 1.143051 1.082094 -0.210056 -1.800452 -1.431253 -1.258296 -0.947408 -2.606996 -5.109128 -4.900962 -0.010641 1.039562 -0.256217 -1.665225 -1.201432 
0.891238 0.178223 -1.058405 -2.011465 -0.775032 -1.241508 -0.875523 0.547716 1.968828 0.502982 0.276226 -0.171907 0.316535 1.052431 0.962514 -0.178474 -1.577179 -1.252355 -1.111295 -0.828598 -2.320806 -4.565468 -4.384459 -0.025452 0.930950 -0.248193 -1.463792 -1.047459 
0.745714 0.157062 -0.943955 -1.751275 -0.671687 -1.068787 -0.749335 0.492816 1.718234 0.386135 0.258123 -0.151510 0.267992 0.953276 0.841092 -0.147437 -1.354897 -1.075102 -0.962678 -0.710224 -2.029575 -4.007005 -3.854137 -0.038404 0.817231 -0.237105 -1.261627 -0.894819 
0.603438 0.135398 -0.824766 -1.488315 -0.568151 -0.896726 -0.624602 0.434838 1.463319 0.275987 0.236470 -0.131409 0.220829 0.845807 0.717961 -0.117126 -1.133895 -0.899548 -0.812835 -0.592521 -1.733697 -3.435020 -3.310863 -0.049209 0.699146 -0.222704 -1.059211 -0.743773 
0.464898 0.113238 -0.700798 -1.222964 -0.464480 -0.725518 -0.501408 0.373703 1.204701 0.173244 0.211288 -0.111382 0.174997 0.730246 0.593251 -0.087715 -0.914451 -0.725747 -0.662146 -0.475717 -1.433553 -2.850764 -2.755490 -0.057595 0.577416 -0.204755 -0.857004 -0.594569 
0.330564 0.090591 -0.572014 -0.955591 -0.360727 -0.555351 -0.379833 0.309338 0.942983 0.078591 0.182606 -0.091214 0.130445 0.606807 0.467087 -0.059373 -0.696832 -0.553752 -0.510981 -0.360033 -1.129516 -2.255455 -2.188858 -0.063307 0.452740 -0.183037 -0.655451 -0.447440 
0.200889 0.067463 -0.438376 -0.686554 -0.256946 -0.386405 -0.259953 0.241674 0.678751 -0.007308 0.150454 -0.070694 0.087115 0.475703 0.339592 -0.032266 -0.481292 -0.383611 -0.359700 -0.245681 -0.821947 -1.650279 -1.611790 -0.066106 0.325795 -0.157348 -0.454978 -0.302607 
0.076308 0.043862 -0.299847 -0.416202 -0.153188 -0.218855 -0.141843 0.170649 0.412578 -0.083813 0.114866 -0.049621 0.044948 0.337143 0.210885 -0.006553 -0.268075 -0.215374 -0.208650 -0.132869 -0.511197 -1.036391 -1.025094 -0.065768 0.197238 -0.127499 -0.255991 -0.160275 
-0.042761 0.019796 -0.156390 -0.144873 -0.049502 -0.052870 -0.025569 0.096204 0.145020 -0.150301 0.075881 -0.027800 0.003880 0.191334 0.081080 0.017611 -0.057411 -0.049085 -0.058171 -0.021794 -0.197608 -0.414915 -0.429566 -0.062085 0.067705 -0.093318 -0.058880 -0.020638 
-0.155918 -0.004730 -0.007968 0.127105 0.054062 0.111389 0.088801 0.018287 -0.123382 -0.206174 0.033541 -0.005043 -0.036157 0.038478 -0.049711 0.040075 0.150480 0.115212 0.091410 0.087351 0.118490 0.213057 0.174017 -0.054869 -0.062190 -0.054649 0.135983 0.116124 
-0.262779 -0.029708 0.145454 0.399413 0.157457 0.273766 0.201206 -0.063148 -0.392103 -0.250853 -0.012110 0.018834 -0.075233 -0.121226 -0.181382 0.060696 0.355390 0.277475 0.239774 0.194383 0.436775 0.846464 0.784891 -0.043943 -0.191855 -0.011350 0.328247 0.249844 
-0.362978 -0.055132 0.303913 0.671744 0.260638 0.434113 0.311588 -0.148143 -0.660632 -0.283782 -0.061023 0.044003 -0.113424 -0.287583 -0.313827 0.079332 0.557124 0.437663 0.386616 0.299124 0.756939 1.484278 1.402305 -0.029150 -0.320716 0.036704 0.517575 0.380371 
-0.456168 -0.080994 0.467443 0.943800 0.363561 0.592286 0.419893 -0.236734 -0.928476 -0.304425 -0.113145 0.070635 -0.150808 -0.460401 -0.446948 0.095848 0.755497 0.595739 0.531637 0.401405 1.078679 2.125500 2.025526 -0.010347 -0.448223 0.089623 0.703652 0.507563 
-0.542017 -0.107291 0.636078 1.215294 0.466182 0.748150 0.526071 -0.328953 -1.195155 -0.312268 -0.168420 0.098890 -0.187467 -0.639489 -0.580648 0.110115 0.950338 0.751667 0.674553 0.501063 1.401708 2.769165 2.653835 0.012592 -0.573847 0.147499 0.886179 0.631296 
-0.620212 -0.134014 0.809855 1.485948 0.568461 0.901574 0.630075 -0.424825 -1.460206 -0.306818 -0.226789 0.128924 -0.223488 -0.824664 -0.714834 0.122006 1.141485 0.905413 0.815086 0.597943 1.725745 3.414338 3.286528 0.039775 -0.697079 0.210413 1.064876 0.751458 
-0.690457 -0.161159 0.988806 1.755495 0.670356 1.052435 0.731861 -0.524370 -1.723181 -0.287603 -0.288188 0.160884 -0.258960 -1.015742 -0.849418 0.131401 1.328790 1.056945 0.952971 0.691897 2.050521 4.060116 3.922914 0.071298 -0.817431 0.278425 1.239481 0.867948 
-0.752473 -0.188720 1.172964 2.023678 0.771830 1.200615 0.831390 -0.627602 -1.983648 -0.254172 -0.352550 0.194911 -0.293977 -1.212546 -0.984315 0.138185 1.512115 1.206233 1.087954 0.782785 2.375776 4.705627 4.562319 0.107238 -0.934438 0.351584 1.409749 0.980682 
-0.805998 -0.216691 1.362364 2.290250 0.872845 1.346005 0.928627 -0.734533 -2.241190 -0.206098 -0.419805 0.231140 -0.328636 -1.414900 -1.119443 0.142248 1.691336 1.353249 1.219789 0.870473 2.701263 5.350032 5.204083 0.147654 -1.047654 0.429921 1.575454 1.089587 
-0.850788 -0.245067 1.557038 2.554974 0.973365 1.488499 1.023540 -0.845165 -2.495404 -0.142972 -0.489880 0.269698 -0.363037 -1.622632 -1.254724 0.143482 1.866340 1.497966 1.348242 0.954835 3.026743 5.992522 5.847562 0.192594 -1.156656 0.513450 1.736390 1.194604 
-0.886618 -0.273844 1.757017 2.817624 1.073357 1.628000 1.116100 -0.959498 -2.745906 -0.064407 -0.562696 0.310708 -0.397286 -1.835574 -1.390085 0.141788 2.037023 1.640362 1.473090 1.035752 3.351987 6.632320 6.492126 0.242085 -1.261041 0.602172 1.892366 1.295690 
-0.913278 -0.303017 1.962334 3.077984 1.172786 1.764416 1.206284 -1.077525 -2.992324 0.029962 -0.638172 0.354282 -0.431490 -2.053560 -1.525456 0.137070 2.203297 1.780412 1.594119 1.113112 3.676778 7.268681 7.137159 0.296139 -1.360428 0.696071 2.043212 1.392811 
-0.930576 -0.332581 2.173021 3.335846 1.271621 1.897661 1.294070 -1.199234 -3.234304 0.140478 -0.716223 0.400529 -0.465762 -2.276430 -1.660770 0.129236 2.365083 1.918098 1.711126 1.186811 4.000907 7.900890 7.782062 0.354755 -1.454456 0.795116 2.188773 1.485950 
-0.938338 -0.362531 2.389108 3.591015 1.369833 2.027657 1.379442 -1.324609 -3.471507 0.267464 -0.796761 0.449549 -0.500216 -2.504025 -1.795964 0.118202 2.522315 2.053401 1.823918 1.256753 4.324178 8.528265 8.426250 0.417910 -1.542785 0.899260 2.328916 1.575102 
-0.936406 -0.392863 2.610625 3.843306 1.467392 2.154332 1.462386 -1.453626 -3.703607 0.411221 -0.879694 0.501435 -0.534974 -2.736189 -1.930979 0.103885 2.674937 2.186304 1.932314 1.322846 4.646403 9.150155 9.069152 0.485571 -1.625099 1.008439 2.463522 1.660276 
-0.924642 -0.423574 2.837604 4.092541 1.564272 2.277619 1.542894 -1.586258 -3.930297 0.572029 -0.964927 0.556276 -0.570158 -2.972772 -2.065760 0.086210 2.822908 2.316794 2.036141 1.385010 4.967406 9.765941 9.710213 0.557683 -1.701100 1.122575 2.592494 1.741493 
-0.902923 -0.454660 3.070074 4.338556 1.660446 2.397458 1.620958 -1.722471 -4.151283 0.750148 -1.052359 0.614151 -0.605894 -3.213626 -2.200255 0.065105 2.966196 2.444859 2.135239 1.443167 5.287019 10.375035 10.348892 0.634180 -1.770513 1.241575 2.715750 1.818790 
-0.871145 -0.486116 3.308063 4.581196 1.755889 2.513797 1.696578 -1.862227 -4.366289 0.945814 -1.141888 0.675135 -0.642313 -3.458605 -2.334417 0.040504 3.104782 2.570487 2.229455 1.497251 5.605086 10.976880 10.984665 0.714977 -1.833082 1.365328 2.833229 1.892215 
-0.829219 -0.517940 3.551602 4.820314 1.850579 2.626588 1.769754 -2.005483 -4.575051 1.159243 -1.233408 0.739294 -0.679550 -3.707569 -2.468202 0.012346 3.238658 2.693671 2.318650 1.547201 5.921462 11.570952 11.617020 0.799972 -1.888575 1.493708 2.944886 1.961831 
-0.777077 -0.550129 3.800719 5.055775 1.944494 2.735791 1.840493 -2.152189 -4.777323 1.390631 -1.326809 0.806688 -0.717742 -3.960380 -2.601568 -0.019425 3.367828 2.814404 2.402694 1.592962 6.236010 12.156757 12.245461 0.889048 -1.936780 1.626575 3.050695 2.027714 
-0.714665 -0.582678 4.055441 5.287456 2.037613 2.841371 1.908803 -2.302290 -4.972875 1.640150 -1.421977 0.877371 -0.757032 -4.216903 -2.734480 -0.054862 3.492308 2.932681 2.481467 1.634490 6.548605 12.733833 12.869509 0.982074 -1.977506 1.763771 3.150647 2.089954 
-0.641948 -0.615586 4.315797 5.515240 2.129919 2.943301 1.974697 -2.455726 -5.161491 1.907953 -1.518795 0.951389 -0.797564 -4.477008 -2.866904 -0.094011 3.612127 3.048501 2.554859 1.671744 6.859131 13.301750 13.488696 1.078898 -2.010582 1.905125 3.244755 2.148654 
-0.558909 -0.648850 4.581813 5.739024 2.221392 3.041559 2.038192 -2.612433 -5.342969 2.194171 -1.617141 1.028782 -0.839487 -4.740566 -2.998811 -0.136914 3.727322 3.161863 2.622773 1.704694 7.167484 13.860110 14.102572 1.179356 -2.035861 2.050447 3.333044 2.203929 
-0.465547 -0.682467 4.853517 5.958712 2.312019 3.136130 2.099309 -2.772339 -5.517127 2.498914 -1.716893 1.109583 -0.882956 -5.007454 -3.130175 -0.183607 3.837946 3.272768 2.685118 1.733314 7.473568 14.408543 14.710702 1.283266 -2.053214 2.199535 3.415563 2.255910 
-0.361879 -0.716435 5.130935 6.174220 2.401782 3.227006 2.158070 -2.935369 -5.683794 2.822269 -1.817920 1.193819 -0.928125 -5.277550 -3.260975 -0.234122 3.944062 3.381220 2.741818 1.757588 7.777299 14.946716 15.312663 1.390430 -2.062535 2.352167 3.492376 2.304740 
-0.247940 -0.750753 5.414093 6.385475 2.490671 3.314185 2.214505 -3.101441 -5.842818 3.164304 -1.920093 1.281509 -0.975156 -5.550738 -3.391193 -0.288486 4.045745 3.487224 2.792805 1.777506 8.078603 15.474323 15.908050 1.500633 -2.063740 2.508110 3.563566 2.350576 
-0.123781 -0.785417 5.703017 6.592412 2.578672 3.397669 2.268644 -3.270469 -5.994059 3.525065 -2.023275 1.372667 -1.024212 -5.826902 -3.520814 -0.346721 4.143080 3.590788 2.838022 1.793065 8.377416 15.991092 16.496470 1.613647 -2.056763 2.667113 3.629233 2.393588 
0.010528 -0.820427 5.997731 6.794977 2.665776 3.477471 2.320524 -3.442360 -6.137395 3.904576 -2.127329 1.467297 -1.075461 -6.105934 -3.649828 -0.408844 4.236167 3.691921 2.877421 1.804269 8.673684 16.496782 17.077549 1.729222 -2.041563 2.828908 3.689497 2.433960 
0.154901 -0.855781 6.298261 6.993126 2.751973 3.553606 2.370182 -3.617019 -6.272720 4.302839 -2.232110 1.565400 -1.129074 -6.387724 -3.778228 -0.474868 4.325114 3.790634 2.910967 1.811132 8.967363 16.991182 17.650924 1.847098 -2.018118 2.993213 3.744495 2.471890 
0.309234 -0.891477 6.604631 7.186827 2.837256 3.626098 2.417661 -3.794340 -6.399941 4.719838 -2.337474 1.666968 -1.185227 -6.672170 -3.906010 -0.544799 4.410045 3.886940 2.938633 1.813671 9.258420 17.474115 18.216248 1.966996 -1.986427 3.159730 3.794383 2.507587 
0.473404 -0.927516 6.916865 7.376055 2.921619 3.694977 2.463009 -3.974218 -6.518982 5.155532 -2.443271 1.771986 -1.244098 -6.959171 -4.033175 -0.618639 4.491093 3.980856 2.960404 1.811913 9.546833 17.945433 18.773190 2.088619 -1.946511 3.328147 3.839335 2.541275 
0.647275 -0.963895 7.234987 7.560797 3.005057 3.760278 2.506274 -4.156538 -6.629782 5.609861 -2.549347 1.880435 -1.305869 -7.248630 -4.159728 -0.696387 4.568403 4.072398 2.976276 1.805892 9.832589 18.405022 19.321434 2.211657 -1.898412 3.498133 3.879542 2.573194 
0.830689 -1.000614 7.559019 7.741051 3.087567 3.822045 2.547512 -4.341183 -6.732297 6.082742 -2.655547 1.992285 -1.370728 -7.540454 -4.285676 -0.778035 4.642133 4.161586 2.986252 1.795648 10.115685 18.852798 19.860676 2.335782 -1.842192 3.669344 3.915213 2.603592 
1.023472 -1.037672 7.888984 7.916823 3.169147 3.880325 2.586779 -4.528026 -6.826496 6.574072 -2.761708 2.107503 -1.438864 -7.834551 -4.411031 -0.863569 4.712450 4.248440 2.990349 1.781231 10.396129 19.288708 20.390630 2.460651 -1.777937 3.841418 3.946578 2.632736 
1.225434 -1.075070 8.224904 8.088131 3.249796 3.935174 2.624138 -4.716940 -6.912365 7.083727 -2.867667 2.226047 -1.510470 -8.130836 -4.535808 -0.952973 4.779536 4.332984 2.988594 1.762695 10.673939 19.712731 20.911025 2.585903 -1.705750 4.013980 3.973883 2.660903 
1.436366 -1.112807 8.566802 8.255001 3.329516 3.986653 2.659652 -4.907790 -6.989905 7.611561 -2.973257 2.347870 -1.585744 -8.429225 -4.660027 -1.046225 4.843584 4.415243 2.981022 1.740104 10.949143 20.124880 21.421603 2.711163 -1.625760 4.186638 3.997391 2.688384 
1.656043 -1.150883 8.914699 8.417473 3.408308 4.034831 2.693391 -5.100436 -7.059134 8.157406 -3.078307 2.472917 -1.664888 -8.729638 -4.783711 -1.143297 4.904797 4.495245 2.967681 1.713527 11.221781 20.525195 21.922121 2.836038 -1.538113 4.358983 4.017387 2.715484 
1.884221 -1.189299 9.268616 8.575592 3.486177 4.079781 2.725428 -5.294731 -7.120083 8.721074 -3.182641 2.601125 -1.748105 -9.031998 -4.906886 -1.244156 4.963392 4.573017 2.948628 1.683041 11.491901 20.913751 22.412352 2.960119 -1.442978 4.530593 4.034169 2.742523 
2.120640 -1.228055 9.628573 8.729418 3.563128 4.121585 2.755839 -5.490526 -7.172801 9.302355 -3.286081 2.732427 -1.835604 -9.336232 -5.029582 -1.348767 5.019596 4.648592 2.923930 1.648732 11.759562 21.290654 22.892084 3.082982 -1.340546 4.701028 4.048058 2.769830 
2.365022 -1.267151 9.994591 8.879017 3.639167 4.160329 2.784703 -5.687665 -7.217349 9.901017 -3.388446 2.866748 -1.927598 -9.642270 -5.151834 -1.457086 5.073648 4.722003 2.893667 1.610690 12.024833 21.656039 23.361120 3.204187 -1.231027 4.869835 4.059389 2.797753 
2.617070 -1.306589 10.366689 9.024470 3.714302 4.196107 2.812105 -5.885985 -7.253808 10.516810 -3.489549 3.004006 -2.024303 -9.950046 -5.273679 -1.569067 5.125801 4.793283 2.857927 1.569015 12.287795 22.010075 23.819276 3.323275 -1.114654 5.036541 4.068520 2.826649 
2.876474 -1.346370 10.744886 9.165863 3.788544 4.229019 2.838131 -6.085321 -7.282270 11.149457 -3.589201 3.144113 -2.125938 -10.259496 -5.395159 -1.684658 5.176317 4.862471 2.816808 1.523814 12.548537 22.352963 24.266385 3.439774 -0.991681 5.200663 4.075822 2.856890 
3.142901 -1.386494 11.129203 9.303295 3.861901 4.259170 2.862874 -6.285500 -7.302847 11.798666 -3.687209 3.286972 -2.232726 -10.570562 -5.516318 -1.803803 5.225470 4.929606 2.770420 1.475200 12.807159 22.684933 24.702294 3.553194 -0.862381 5.361696 4.081688 2.888864 
3.416006 -1.426963 11.519657 9.436875 3.934388 4.286674 2.886427 -6.486344 -7.315662 12.464119 -3.783378 3.432483 -2.344895 -10.883186 -5.637207 -1.926438 5.273548 4.994728 2.718884 1.423293 13.063772 23.006249 25.126865 3.663029 -0.727052 5.519125 4.086527 2.922967 
3.695422 -1.467780 11.916266 9.566722 4.006018 4.311649 2.908891 -6.687671 -7.320857 13.145478 -3.877506 3.580536 -2.462675 -11.197317 -5.757877 -2.052499 5.320849 5.057879 2.662329 1.368222 13.318497 23.317204 25.539975 3.768758 -0.586010 5.672416 4.090767 2.959615 
3.980767 -1.508945 12.319048 9.692965 4.076805 4.334221 2.930366 -6.889293 -7.318588 13.842385 -3.969391 3.731015 -2.586301 -11.512905 -5.878385 -2.181913 5.367682 5.119106 2.600896 1.310123 13.571465 23.618126 25.941516 3.869842 -0.439592 5.821021 4.094854 2.999231 
4.271642 -1.550461 12.728021 9.815742 4.146766 4.354521 2.950959 -7.091016 -7.309026 14.554460 -4.058825 3.883799 -2.716011 -11.829902 -5.998791 -2.314604 5.414370 5.178455 2.534736 1.249137 13.822816 23.909370 26.331396 3.965728 -0.288160 5.964374 4.099252 3.042256 
4.567630 -1.592330 13.143200 9.935204 4.215919 4.372688 2.970780 -7.292642 -7.292358 15.281301 -4.145597 4.038757 -2.852047 -12.148268 -6.119159 -2.450490 5.461247 5.235974 2.464011 1.185415 14.072702 24.191327 26.709534 4.055844 -0.132092 6.101897 4.104444 3.089143 
4.868295 -1.634555 13.564604 10.051510 4.284284 4.388867 2.989943 -7.493965 -7.268788 16.022486 -4.229493 4.195756 -2.994654 -12.467963 -6.239557 -2.589485 5.508657 5.291715 2.388893 1.119114 14.321286 24.464417 27.075869 4.139604 0.028209 6.232992 4.110930 3.140358 
5.173186 -1.677137 13.992247 10.164829 4.351881 4.403207 3.008564 -7.694778 -7.238532 16.777569 -4.310295 4.354650 -3.144082 -12.788951 -6.360055 -2.731497 5.556959 5.345730 2.309564 1.050399 14.568739 24.729091 27.430352 4.216405 0.192320 6.357049 4.119228 3.196382 
5.481834 -1.720080 14.426145 10.275341 4.418732 4.415866 3.026766 -7.894864 -7.201825 17.546086 -4.387781 4.515293 -3.300585 -13.111199 -6.480728 -2.876432 5.606520 5.398074 2.226217 0.979441 14.815244 24.985833 27.772949 4.285628 0.359798 6.473440 4.129876 3.257707 
5.793751 -1.763388 14.866313 10.383236 4.484861 4.427008 3.044671 -8.094004 -7.158917 18.327550 -4.461726 4.677526 -3.464417 -13.434679 -6.601657 -3.024187 5.657722 5.448804 2.139055 0.906420 15.060992 25.235159 28.103642 4.346639 0.530177 6.581523 4.143428 3.324841 
6.108434 -1.807062 15.312767 10.488714 4.550293 4.436803 3.062410 -8.291971 -7.110070 19.121454 -4.531902 4.841187 -3.635841 -13.759365 -6.722922 -3.174656 5.710956 5.497978 2.048292 0.831520 15.306188 25.477614 28.422426 4.398784 0.702971 6.680640 4.160458 3.398303 
6.425361 -1.851107 15.765521 10.591986 4.615054 4.445427 3.080114 -8.488536 -7.055566 19.927267 -4.598075 5.006107 -3.815121 -14.085234 -6.844609 -3.327729 5.766628 5.545656 1.954152 0.754937 15.551043 25.713776 28.729313 4.441397 0.877672 6.770115 4.181557 3.478628 
6.743992 -1.895526 16.224588 10.693271 4.679173 4.453063 3.097919 -8.683462 -6.995699 20.744439 -4.660009 5.172110 -4.002523 -14.412268 -6.966810 -3.483289 5.825154 5.591903 1.856870 0.676870 15.795782 25.944256 29.024330 4.473794 1.053752 6.849259 4.207335 3.566363 
7.063773 -1.940322 16.689982 10.792801 4.742677 4.459900 3.115965 -8.876508 -6.930782 21.572398 -4.717466 5.339011 -4.198321 -14.740452 -7.089618 -3.641216 5.886960 5.636781 1.756689 0.597529 16.040638 26.169694 29.307516 4.495275 1.230661 6.917367 4.238418 3.662068 
7.384128 -1.985501 17.161717 10.890817 4.805599 4.466134 3.134395 -9.067426 -6.861140 22.410552 -4.770202 5.506621 -4.402788 -15.069773 -7.213129 -3.801385 5.952487 5.680358 1.653866 0.517127 16.285854 26.390763 29.578928 4.505123 1.407827 6.973718 4.275453 3.766318 
7.704467 -2.031065 17.639804 10.987568 4.867969 4.471967 3.153356 -9.255964 -6.787115 23.258285 -4.817970 5.674744 -4.616205 -15.400223 -7.337445 -3.963663 6.022186 5.722702 1.548666 0.435888 16.531686 26.608167 29.838637 4.502606 1.584659 7.017574 4.319103 3.879701 
8.024181 -2.077020 18.124257 11.083317 4.929823 4.477607 3.172999 -9.441865 -6.709065 24.114962 -4.860519 5.843176 -4.838853 -15.731797 -7.462670 -4.127917 6.096520 5.763884 1.441365 0.354041 16.778397 26.822641 30.086729 4.486976 1.760544 7.048184 4.370051 4.002817 
8.342644 -2.123370 18.615086 11.178334 4.991193 4.483268 3.193479 -9.624865 -6.627363 24.979926 -4.897596 6.011706 -5.071020 -16.064492 -7.588914 -4.294004 6.175964 5.803976 1.332251 0.271824 17.026262 27.034953 30.323303 4.457467 1.934846 7.064778 4.428997 4.136280 
8.659214 -2.170120 19.112304 11.272900 5.052117 4.489172 3.214954 -9.804697 -6.542398 25.852499 -4.928943 6.180118 -5.312995 -16.398311 -7.716288 -4.461781 6.261004 5.843053 1.221619 0.189481 17.275567 27.245901 30.548476 4.413299 2.106910 7.066573 4.496660 4.280720 
8.973228 -2.217274 19.615922 11.367308 5.112633 4.495546 3.237586 -9.981086 -6.454573 26.731980 -4.954299 6.348188 -5.565073 -16.733258 -7.844909 -4.631096 6.352139 5.881191 1.109777 0.107264 17.526605 27.456315 30.762378 4.353674 2.276059 7.052769 4.573775 4.436778 
9.284009 -2.264838 20.125949 11.461860 5.172779 4.502624 3.261541 -10.153755 -6.364307 27.617649 -4.973398 6.515685 -5.827550 -17.069342 -7.974895 -4.801795 6.449879 5.918468 0.997044 0.025431 17.779684 27.667057 30.965155 4.277779 2.441595 7.022552 4.661098 4.605108 
9.590862 -2.312817 20.642397 11.556866 5.232596 4.510647 3.286988 -10.322418 -6.272036 28.508763 -4.985973 6.682373 -6.100729 -17.406575 -8.106371 -4.973716 6.554745 5.954965 0.883746 -0.055751 18.035117 27.879020 31.156966 4.184785 2.602799 6.975090 4.759401 4.786379 
9.893073 -2.361217 21.165276 11.652649 5.292127 4.519860 3.314101 -10.486786 -6.178210 29.404560 -4.991752 6.848007 -6.384914 -17.744971 -8.239463 -5.146696 6.667272 5.990764 0.770224 -0.136010 18.293232 28.093129 31.337986 4.073844 2.758931 6.909536 4.869476 4.981273 
10.189912 -2.410043 21.694593 11.749540 5.351413 4.530517 3.343056 -10.646563 -6.083296 30.304253 -4.990458 7.012337 -6.680414 -18.084549 -8.374303 -5.320563 6.788005 6.025949 0.656825 -0.215063 18.554365 28.310339 31.508407 3.944097 2.909229 6.825029 4.992131 5.190484 
10.480632 -2.459302 22.230360 11.847884 5.410501 4.542877 3.374034 -10.801450 -5.987773 31.207038 -4.981813 7.175104 -6.987542 -18.425332 -8.511024 -5.495144 6.917501 6.060607 0.543909 -0.292624 18.818863 28.531639 31.668432 3.794663 3.052910 6.720690 5.128195 5.414723 
10.764466 -2.508999 22.772583 11.948031 5.469436 4.557206 3.407219 -10.951141 -5.892140 32.112086 -4.965534 7.336045 -7.306613 -18.767345 -8.649766 -5.670257 7.056329 6.094825 0.431847 -0.368397 19.087081 28.758048 31.818282 3.624649 3.189171 6.595626 5.278512 5.654712 
11.040634 -2.559141 23.321271 12.050345 5.528266 4.573777 3.442800 -11.095325 -5.796909 33.018549 -4.941334 7.494889 -7.637947 -19.110616 -8.790670 -5.845719 7.205070 6.128695 0.321018 -0.442079 19.359387 28.990616 31.958191 3.433145 3.317186 6.448928 5.443946 5.911185 
11.308334 -2.609734 23.876432 12.155198 5.587041 4.592866 3.480969 -11.233685 -5.702607 33.925557 -4.908924 7.651357 -7.981869 -19.455178 -8.933882 -6.021339 7.364317 6.162308 0.211814 -0.513361 19.636158 29.230425 32.088410 3.219222 3.436109 6.279670 5.625379 6.184892 
11.566750 -2.660785 24.438073 12.262974 5.645809 4.614760 3.521921 -11.365900 -5.609778 34.832218 -4.868009 7.805166 -8.338704 -19.801066 -9.079551 -6.196924 7.534673 6.195758 0.104634 -0.581926 19.917783 29.478590 32.209202 2.981940 3.545073 6.086912 5.823711 6.476596 
11.815046 -2.712301 25.006201 12.374065 5.704624 4.639750 3.565855 -11.491642 -5.518980 35.737620 -4.818293 7.956024 -8.708785 -20.148319 -9.227831 -6.372272 7.716754 6.229142 -0.000108 -0.647450 20.204658 29.736256 32.320847 2.720337 3.643190 5.869697 6.039860 6.787073 
12.052371 -2.764290 25.580823 12.488875 5.763539 4.668133 3.612975 -11.610579 -5.430789 36.640829 -4.759475 8.103632 -9.092446 -20.496980 -9.378878 -6.547180 7.911189 6.262557 -0.101992 -0.709600 20.497192 30.004599 32.423640 2.433439 3.729550 5.627054 6.274762 7.117113 
12.277855 -2.816757 26.161943 12.607817 5.822608 4.700213 3.663486 -11.722375 -5.345794 37.540890 -4.691250 8.247687 -9.490025 -20.847094 -9.532853 -6.721438 8.118617 6.296105 -0.200585 -0.768039 20.795804 30.284827 32.517891 2.120254 3.803221 5.357995 6.529372 7.467518 
12.490611 -2.869711 26.749569 12.731315 5.881887 4.736301 3.717601 -11.826684 -5.264599 38.436825 -4.613310 8.387875 -9.901865 -21.198711 -9.689921 -6.894833 8.339690 6.329885 -0.295443 -0.822420 21.100921 30.578181 32.603922 1.779775 3.863252 5.061517 6.804663 7.839106 
12.689734 -2.923160 27.343706 12.859803 5.941434 4.776714 3.775532 -11.923160 -5.187827 39.327638 -4.525344 8.523880 -10.328310 -21.551884 -9.850249 -7.067144 8.575069 6.364004 -0.386115 -0.872390 21.412983 30.885931 32.682074 1.410977 3.908670 4.736600 7.101625 8.232706 
12.874304 -2.977111 27.944357 12.993724 6.001308 4.821774 3.837499 -12.011447 -5.116113 40.212310 -4.427036 8.655376 -10.769712 -21.906667 -10.014009 -7.238147 8.825431 6.398566 -0.472136 -0.917587 21.732439 31.209381 32.752700 1.012820 3.938480 4.382210 7.421267 8.649161 
13.043381 -3.031573 28.551528 13.133533 6.061569 4.871812 3.903722 -12.091188 -5.050109 41.089799 -4.318068 8.782031 -11.226423 -22.263122 -10.181377 -7.407614 9.091462 6.433680 -0.553032 -0.957646 22.059748 31.549864 32.816169 0.584248 3.951666 3.997296 7.764616 9.089329 
13.196008 -3.086553 29.165222 13.279694 6.122278 4.927162 3.974427 -12.162017 -4.990483 41.959044 -4.198117 8.903507 -11.698800 -22.621309 -10.352532 -7.575310 9.373861 6.469455 -0.628319 -0.992189 22.395380 31.908747 32.872866 0.124189 3.947193 3.580792 8.132718 9.554080 
13.331211 -3.142061 29.785443 13.432681 6.183500 4.988169 4.049843 -12.223565 -4.937916 42.818962 -4.066857 9.019457 -12.187204 -22.981297 -10.527657 -7.740997 9.673336 6.506004 -0.697502 -1.020835 22.739815 32.287427 32.923189 -0.368447 3.924002 3.131618 8.526635 10.044297 
13.448000 -3.198104 30.412194 13.592979 6.245299 5.055179 4.130203 -12.275457 -4.893108 43.668449 -3.923958 9.129530 -12.691998 -23.343153 -10.706938 -7.904430 9.990612 6.543441 -0.760075 -1.043194 23.093544 32.687333 32.967552 -0.894765 3.881014 2.648674 8.947450 10.560879 
13.545365 -3.254693 31.045478 13.761082 6.307740 5.128549 4.215744 -12.317312 -4.856772 44.506379 -3.769088 9.233368 -13.213552 -23.706952 -10.890567 -8.065360 10.326420 6.581880 -0.815524 -1.058870 23.457066 33.109925 33.006383 -1.455885 3.817129 2.130849 9.396262 11.104735 
13.622281 -3.311834 31.685296 13.937496 6.370891 5.208639 4.306706 -12.348745 -4.829637 45.331606 -3.601910 9.330603 -13.752238 -24.072769 -11.078737 -8.223534 10.681507 6.621440 -0.863321 -1.067457 23.830892 33.556694 33.040125 -2.052945 3.731225 1.577013 9.874189 11.676790 
13.677703 -3.369539 32.331652 14.122736 6.434821 5.295819 4.403333 -12.369364 -4.812448 46.142960 -3.422082 9.420865 -14.308429 -24.440685 -11.271645 -8.378694 11.056630 6.662241 -0.902931 -1.068545 24.215543 34.029165 33.069238 -2.687099 3.622161 0.986022 10.382367 12.277982 
13.710571 -3.427816 32.984546 14.317326 6.499600 5.390461 4.505873 -12.378772 -4.805965 46.939253 -3.229262 9.503773 -14.882507 -24.810783 -11.469495 -8.530575 11.452557 6.704405 -0.933806 -1.061715 24.611552 34.528892 33.094195 -3.359516 3.488771 0.356716 10.921951 12.909262 
13.719807 -3.486676 33.643980 14.521802 6.565300 5.492946 4.614577 -12.376568 -4.810965 47.719274 -3.023101 9.578942 -15.474853 -25.183148 -11.672490 -8.678909 11.870071 6.748055 -0.955389 -1.046541 25.019458 35.057462 33.115483 -4.071382 3.329873 -0.312081 11.494111 13.571595 
13.704315 -3.546127 34.309953 14.736710 6.631994 5.603662 4.729701 -12.362345 -4.828237 48.481791 -2.803248 9.645979 -16.085855 -25.557872 -11.880840 -8.823422 12.309962 6.793316 -0.967112 -1.022589 25.439814 35.616492 33.133606 -4.823900 3.144259 -1.021561 12.100040 14.265958 
13.662982 -3.606180 34.982467 14.962605 6.699756 5.723002 4.851503 -12.335690 -4.858589 49.225550 -2.569349 9.704484 -16.715903 -25.935048 -12.094758 -8.963837 12.773036 6.840318 -0.968397 -0.989419 25.873182 36.207632 33.149082 -5.618288 2.930702 -1.772930 12.740946 14.993343 
13.594677 -3.666845 35.661520 15.200053 6.768662 5.851365 4.980247 -12.296185 -4.902843 49.949277 -2.321045 9.754052 -17.365390 -26.314772 -12.314459 -9.099870 13.260108 6.889188 -0.958656 -0.946584 26.320135 36.832563 33.162444 -6.455779 2.687953 -2.567411 13.418055 15.754756 
13.498252 -3.728133 36.347114 15.449631 6.838790 5.989158 5.116198 -12.243407 -4.961836 50.651676 -2.057973 9.794269 -18.034716 -26.697145 -12.540166 -9.231232 13.772007 6.940059 -0.937290 -0.893628 26.781254 37.492997 33.174239 -7.337626 2.414745 -3.406243 14.132613 16.551214 
13.372542 -3.790053 37.039245 15.711924 6.910217 6.136793 5.259627 -12.176927 -5.036422 51.331429 -1.779769 9.824716 -18.724280 -27.082270 -12.772100 -9.357631 14.309571 6.993065 -0.903688 -0.830089 27.257133 38.190679 33.185031 -8.265095 2.109785 -4.290680 14.885883 17.383750 
13.216365 -3.852618 37.737913 15.987528 6.983026 6.294689 5.410808 -12.096312 -5.127469 51.987198 -1.486063 9.844966 -19.434489 -27.470254 -13.010490 -9.478769 14.873653 7.048341 -0.857231 -0.755497 27.748374 38.927383 33.195398 -9.239469 1.771761 -5.221992 15.679145 18.253408 
13.028521 -3.915838 38.443117 16.277050 7.057296 6.463271 5.570019 -12.001122 -5.235862 52.617623 -1.176483 9.854586 -20.165752 -27.861208 -13.255567 -9.594342 15.465115 7.106024 -0.797290 -0.669376 28.255592 39.704917 33.205931 -10.262048 1.399342 -6.201464 16.513700 19.161249 
12.807791 -3.979724 39.154853 16.581107 7.133111 6.642972 5.737540 -11.890913 -5.362500 53.221323 -0.850651 9.853136 -20.918480 -28.255245 -13.507566 -9.704042 16.084833 7.166254 -0.723222 -0.571241 28.779410 40.525119 33.217238 -11.334146 0.991172 -7.230397 17.390866 20.108344 
12.552941 -4.044287 39.873119 16.900326 7.210555 6.834229 5.913657 -11.765235 -5.508298 53.796895 -0.508188 9.840169 -21.693091 -28.652483 -13.766727 -9.807558 16.733692 7.229172 -0.634378 -0.460602 29.320461 41.389860 33.229942 -12.457096 0.545876 -8.310109 18.311977 21.095779 
