NaN NaN NaN NaN NaN NaN NaN 
NaN NaN NaN NaN NaN NaN NaN 
NaN NaN NaN NaN NaN NaN NaN 
NaN NaN NaN NaN NaN NaN NaN 
NaN NaN NaN NaN NaN NaN NaN 
-2.920535 -4.179667 0.423169 -4.325499 5.313402 -3.139225 -12.348009 
-3.089403 -4.334767 0.242837 -4.277876 5.108739 -2.270669 -12.505590 
-3.425890 -4.855493 0.228004 -4.375684 4.392031 -2.789698 -12.233995 
-3.576566 -5.475403 -0.535769 -4.503624 3.732072 -2.623739 -11.756819 
-4.324433 -5.573424 -1.496505 -4.580542 3.748741 -1.637045 -11.341209 
-4.191734 -6.051207 -1.449000 -4.535399 4.074230 -1.158741 -10.197262 
-4.665749 -6.162638 -1.232117 -4.244478 4.177221 0.584472 -9.311801 
-4.679364 -6.243313 -1.784050 -4.004968 4.421242 0.020488 -8.883246 
-4.914554 -6.537316 -1.611469 -4.268918 4.073195 0.504577 -8.595924 
-4.664857 -6.658031 -1.987441 -4.779196 3.949811 0.538147 -8.320566 
-4.716922 -7.040555 -2.439141 -5.272822 3.338694 0.423937 -8.454357 
-4.580725 -6.959804 -2.264948 -5.624703 3.855481 -0.283203 -7.735328 
-4.352476 -6.887871 -2.399526 -5.427614 4.516696 1.289032 -7.367254 
-4.514494 -7.009933 -1.812086 -5.799399 4.396200 0.998144 -6.801502 
-3.920909 -6.906010 -1.266104 -5.561499 3.049613 0.384594 -6.836812 
-3.777090 -7.007484 -1.973544 -5.523507 1.985940 -0.587370 -7.359834 
-3.525473 -7.237330 -2.062979 -5.980562 1.595436 -1.593516 -7.876810 
-3.944738 -7.145079 -1.940463 -6.071891 1.598307 -0.903584 -8.012222 
-3.601514 -6.940936 -2.387178 -6.193685 1.217995 -0.642828 -7.935376 
-3.690175 -6.954734 -2.024069 -6.121727 1.209860 -0.516287 -7.723012 
-3.361697 -6.675624 -2.068434 -5.860436 1.410488 -0.221169 -7.209022 
-3.513822 -6.775615 -2.259772 -5.584325 1.157242 0.169826 -6.892604 
-3.561877 -6.527545 -2.276185 -5.783946 0.774169 -0.050368 -6.898381 
-3.690681 -6.937095 -3.149005 -6.244154 -0.277414 -0.889560 -8.187377 
-3.538427 -7.168671 -3.483799 -6.936064 -0.169767 -0.624229 -8.654333 
-3.377728 -7.052767 -3.096543 -7.354965 -0.331958 0.579876 -9.035597 
-3.023798 -6.890175 -3.207441 -7.635910 0.153007 2.469614 -8.974632 
-2.538017 -6.809607 -3.225453 -7.466489 -0.301617 2.022827 -8.516223 
-2.427887 -6.779414 -3.145612 -7.250742 -0.094740 2.132488 -8.194342 
-2.187703 -6.527487 -2.963688 -6.970313 -0.211289 3.032045 -7.585607 
-2.222215 -6.126373 -2.963633 -6.893543 -0.416196 3.065166 -6.960784 
-2.203030 -5.786659 -2.093577 -6.859144 -0.957053 3.499239 -6.581939 
-2.475918 -5.954999 -1.362703 -6.903957 -1.267546 2.972261 -6.412470 
-2.089982 -5.585308 -0.946180 -6.122555 -0.827305 4.260351 -5.607083 
-2.091460 -5.212012 -0.316680 -5.809923 -0.108588 4.567685 -4.709935 
-1.869914 -4.827026 -0.213238 -5.051428 0.721787 4.166061 -3.891574 
-2.029693 -4.631865 -0.381088 -4.374487 0.115942 2.685536 -2.786514 
-2.084627 -4.453304 0.514732 -4.167096 -0.205519 3.300528 -2.423125 
-2.265157 -4.135690 1.152324 -3.804164 -0.680952 2.686474 -2.029103 
-2.154812 -4.119841 1.361962 -3.221887 -0.982683 2.703374 -2.286283 
-2.143417 -4.225994 1.822742 -2.675219 0.082262 2.689678 -2.124269 
-1.695065 -3.919095 1.226963 -2.438546 0.425673 2.196900 -2.381378 
-0.784453 -3.329514 0.896731 -2.003484 0.684645 1.848065 -2.061834 
-0.779864 -2.271947 1.128845 -1.573400 1.711109 2.149917 -1.083163 
-0.390037 -2.002290 0.837544 -1.350268 0.665694 1.589491 -0.532900 
-0.370929 -1.512933 1.052102 -1.765264 0.068918 1.658847 -0.109741 
-0.019007 -1.040380 1.021265 -1.302012 0.860998 1.878051 -0.239718 
0.208862 -0.550064 0.344701 -1.224651 1.231178 0.824430 -0.174109 
0.363581 -0.246219 -0.033630 -1.043722 1.304462 1.247506 -0.220549 
0.362875 0.165199 -0.318376 -0.696610 1.206839 0.474389 0.194089 
0.617290 0.697114 -0.432218 -0.412572 -0.013338 -0.635033 0.056706 
0.585247 0.948196 -0.373657 0.238592 0.294835 -1.005787 0.370563 
0.655908 1.267655 -0.832272 0.503887 -0.093876 -0.387240 0.588919 
0.788651 1.290176 -0.706848 0.749547 -0.740722 -1.055276 0.773841 
0.551138 1.864947 -0.816329 1.435824 0.050833 -1.475278 0.843583 
0.535756 2.035996 -1.082906 2.068243 -0.160147 -2.116975 0.945756 
0.460270 2.446877 -0.682890 2.339706 -1.561104 -1.902833 1.197285 
0.384127 2.569710 -0.785198 2.899203 -2.187801 -1.841626 1.329621 
0.343954 2.809485 -1.051253 3.294782 -1.935863 -2.742484 1.415553 
0.325113 3.003080 -1.215317 2.955963 -1.894596 -3.394742 1.211745 
0.590480 3.299676 -1.333305 3.055622 -1.552983 -3.092098 1.425439 
0.983092 3.381282 -1.644302 2.933783 -1.611624 -2.668920 2.012831 
0.802023 3.483889 -1.534895 3.462955 -2.020458 -3.498539 2.223972 
1.031267 3.775735 -1.722845 3.891434 -2.248400 -3.894312 2.227069 
1.309095 3.948923 -1.657249 3.919038 -2.818909 -3.644416 2.463223 
1.253926 4.105779 -1.834969 3.776793 -3.722747 -4.107685 2.540812 
1.019220 3.966846 -2.549441 3.587388 -3.553374 -5.683466 2.751707 
1.013488 4.440074 -2.944485 3.137469 -3.708838 -5.840638 2.784121 
1.344255 4.715176 -3.294033 2.970820 -4.494381 -5.913876 2.940758 
1.691644 5.207636 -3.378373 3.108743 -4.280293 -5.550543 3.441418 
1.422286 5.364509 -3.482465 2.958112 -4.942554 -5.874483 3.534242 
1.144650 5.924477 -3.670696 2.867493 -6.315007 -6.174975 3.478337 
1.012437 6.127592 -4.129226 2.357070 -6.195090 -6.013710 3.691717 
0.900069 6.470010 -4.311621 1.987313 -6.574327 -5.545807 3.482693 
1.128538 6.681948 -4.650098 1.856279 -6.536703 -5.563647 3.612565 
1.305240 7.001455 -5.106349 1.810302 -6.409955 -4.522327 3.754817 
1.492723 7.583718 -5.040973 1.843155 -6.220289 -3.748539 3.409054 
1.697868 7.785391 -5.268850 1.932049 -5.519688 -3.562442 3.538113 
1.794851 7.885914 -5.232126 2.166920 -5.287781 -3.557231 3.465019 
2.068702 8.217265 -5.768660 2.485692 -5.473485 -3.267899 3.660569 
2.398543 8.291563 -6.064827 2.579099 -5.567601 -2.449604 3.845515 
2.586619 8.116532 -6.113627 2.324890 -5.005369 -2.222468 4.073110 
2.605537 8.517571 -6.372054 2.787776 -4.802328 -2.176371 4.290031 
3.031739 8.466772 -6.885694 3.056557 -4.823972 -2.694488 4.563976 
3.023977 8.719904 -7.280052 3.384023 -5.013558 -2.644233 4.613134 
2.944968 8.861215 -7.525233 3.534826 -4.531929 -2.759378 4.594462 
3.187619 9.160578 -7.793634 3.347194 -4.591314 -3.034264 5.267356 
3.150220 9.154662 -7.761554 3.611604 -4.986376 -3.528965 5.729139 
3.296769 9.472928 -8.007513 3.538166 -5.672274 -3.828686 6.304006 
3.144839 9.662711 -7.740298 3.643238 -5.460481 -4.609526 6.742070 
3.015552 9.993577 -7.897203 3.506091 -5.251873 -4.813613 7.181622 
2.950910 10.449996 -8.448412 4.158195 -5.583455 -5.120517 7.250273 
3.351994 10.689391 -8.649139 3.620466 -6.013730 -5.037260 7.471019 
3.667292 11.136613 -8.820066 3.659211 -6.520285 -5.054017 7.754068 
3.648504 11.383632 -9.020468 3.391464 -7.197575 -5.637706 7.806120 
3.896295 11.643130 -8.890169 3.858594 -8.241636 -6.316934 8.307172 
4.169977 11.873307 -8.746698 4.146124 -8.351458 -6.531151 8.068860 
4.579860 11.951353 -8.899692 4.124973 -9.538013 -6.686671 8.242623 
4.629348 12.090054 -9.091965 4.437883 -9.461018 -6.485187 8.610166 
4.623541 11.972442 -9.846201 4.413798 -10.400883 -6.555367 8.437729 
4.789151 12.200399 -10.428257 4.455578 -10.763495 -7.606833 8.242538 
5.129026 12.158113 -10.529855 4.371654 -11.023251 -7.993198 8.241960 
4.887904 12.408787 -11.070252 5.081101 -11.608445 -7.935796 8.457051 
4.660476 12.581631 -11.366188 5.151500 -11.817870 -7.795018 8.924110 
4.909306 12.677249 -11.488606 5.637785 -11.847494 -6.833114 9.742218 
4.955785 12.877360 -11.528979 5.671710 -12.077596 -6.873781 9.946067 
5.010891 12.808523 -11.836178 5.493477 -13.031791 -6.324754 10.090325 
4.861986 13.156897 -12.215405 5.679798 -13.108291 -5.850980 10.203408 
4.850839 13.217953 -12.356555 5.650226 -13.833062 -5.353465 10.257469 
5.318477 13.272426 -12.260187 5.837535 -14.042676 -5.055791 10.525900 
5.693731 13.303322 -12.434354 6.255846 -14.527877 -4.831229 10.993392 
5.598315 13.603973 -12.475737 6.093158 -14.902453 -4.573746 11.624238 
6.123470 13.748936 -11.848949 6.244781 -14.499150 -5.611535 11.864370 
6.511431 13.726085 -11.791976 6.527045 -14.571822 -6.251645 12.031314 
6.785803 13.861802 -12.209703 6.485732 -15.082448 -7.096233 11.980131 
6.850613 14.080222 -12.448695 6.163731 -15.271251 -6.618355 11.788140 
6.777348 14.384049 -12.702164 6.762739 -14.700037 -7.299870 12.274524 
7.154934 14.964920 -12.670623 7.250632 -14.827240 -7.127202 12.788560 
7.452781 15.313891 -12.783759 7.621195 -14.722791 -8.017088 13.121975 
7.432959 15.693668 -12.688464 7.806101 -15.193247 -7.958629 13.537260 
7.413706 15.785341 -12.506356 7.833635 -15.446978 -7.234190 13.694014 
7.491951 15.770073 -12.577373 8.373311 -15.468070 -6.984905 13.827173 
7.283222 15.518709 -12.905353 8.462959 -16.890870 -7.543715 14.438453 
6.892113 15.474271 -12.910745 8.318064 -17.641366 -7.390028 14.642624 
6.820961 15.497781 -12.572567 8.634871 -18.222916 -7.456425 14.859973 
6.841790 15.184094 -12.786843 9.162771 -17.977558 -8.462636 15.140562 
6.616155 15.046537 -12.932529 9.440799 -18.456083 -7.815249 15.505852 
6.366733 14.844802 -13.202029 9.205951 -18.967415 -7.741439 15.714025 
6.226425 14.899726 -13.310082 9.092811 -19.413682 -7.651818 16.410630 
5.931790 14.737960 -13.412946 8.837294 -19.759074 -7.374864 16.935253 
5.443895 14.784084 -13.596056 8.843714 -19.898690 -8.216645 17.799346 
5.542602 14.806483 -13.825478 8.784176 -19.968266 -8.176773 18.074224 
5.913707 15.022261 -14.141076 8.901454 -19.163458 -6.495124 18.104998 
5.993022 15.202477 -14.012233 8.785015 -19.053458 -6.231558 19.026040 
5.614941 15.215567 -14.383946 8.490519 -18.888670 -4.735161 19.789658 
5.597003 15.210879 -14.584942 8.330983 -19.265092 -4.105637 20.067204 
5.672389 14.967675 -14.601895 8.043125 -20.117980 -4.394982 20.110077 
5.510180 14.810004 -14.584450 8.302910 -19.778597 -3.448622 20.328604 
5.378861 14.674793 -14.918877 8.266651 -19.781127 -2.609632 20.651572 
5.381858 14.566410 -15.034327 8.098639 -19.326384 -3.042420 21.041373 
5.731645 14.554088 -14.763894 8.514826 -19.434146 -2.749157 21.398042 
NaN NaN NaN NaN NaN NaN NaN 
NaN NaN NaN NaN NaN NaN NaN 
NaN NaN NaN NaN NaN NaN NaN 
NaN NaN NaN NaN NaN NaN NaN 
