NaN NaN NaN NaN NaN NaN NaN NaN NaN NaN NaN NaN NaN NaN NaN NaN NaN NaN NaN NaN NaN NaN NaN NaN NaN NaN NaN NaN 
3.399062 -12.597950 -9.758986 27.192976 0.232063 -2.723118 -1.623008 22.129564 8.969788 2.794487 -12.212152 6.369469 -1.637887 -15.970890 8.312943 -2.449397 -2.893514 7.863688 -19.750753 -11.080225 8.053881 -0.285485 -4.224071 7.800179 -1.863225 -11.929249 -3.784645 3.535701 
3.096880 -12.147849 -8.264561 25.251505 -0.113206 -2.215735 -1.730966 20.701412 7.745670 3.453388 -11.747755 5.984543 -2.716489 -14.490662 7.456989 -2.043550 -1.968425 7.287102 -17.808423 -10.737244 7.637772 -0.036222 -4.186684 7.236613 -1.391858 -10.826261 -4.829842 2.186560 
2.798480 -11.714780 -6.856122 23.397885 -0.438523 -1.744012 -1.827444 19.323817 6.590507 4.051287 -11.292927 5.608863 -3.709526 -13.089802 6.647543 -1.656846 -1.110333 6.733390 -15.966237 -10.406502 7.226634 0.184996 -4.146663 6.692960 -0.952601 -9.776907 -5.802870 0.924874 
2.504317 -11.298093 -5.531171 21.629830 -0.744335 -1.306647 -1.912899 17.996054 5.502303 4.590562 -10.847646 5.242541 -4.620108 -11.765919 5.883226 -1.288958 -0.316822 6.202142 -14.221468 -10.087464 6.820903 0.379570 -4.104091 6.168999 -0.544355 -8.779836 -6.705762 -0.252066 
2.214832 -10.897152 -4.287240 19.945079 -1.031088 -0.902355 -1.987780 16.717399 4.479086 5.073561 -10.411891 4.885682 -5.451300 -10.516656 5.162674 -0.939562 0.414491 5.692949 -12.571420 -9.779603 6.421001 0.548875 -4.059049 5.664510 -0.166036 -7.833708 -7.540525 -1.346928 
1.930454 -10.511331 -3.121897 18.341401 -1.299223 -0.529871 -2.052528 15.487130 3.518912 5.502596 -9.985636 4.538385 -6.206117 -9.339684 4.484542 -0.608331 1.085951 5.205407 -11.013426 -9.482404 6.027341 0.694264 -4.011617 5.179269 0.183422 -6.937201 -8.309143 -2.362347 
1.651602 -10.140013 -2.032737 16.816590 -1.549178 -0.187949 -2.107578 14.304527 2.619861 5.879950 -9.568858 4.200746 -6.887527 -8.232706 3.847504 -0.294943 1.699867 4.739110 -9.544851 -9.195361 5.640325 0.817060 -3.961872 4.713051 0.505071 -6.089003 -9.013576 -3.300920 
1.378680 -9.782593 -1.017391 15.368469 -1.781389 0.124636 -2.153355 13.168871 1.780039 6.207868 -9.161530 3.872856 -7.498453 -7.193455 3.250251 0.000927 2.258512 4.293658 -8.163090 -8.917979 5.260343 0.918565 -3.909890 4.265630 0.799946 -5.287821 -9.655759 -4.165207 
1.112083 -9.438477 -0.073519 13.994889 -1.996287 0.409091 -2.190279 12.079444 0.997579 6.488567 -8.763624 3.554798 -8.041767 -6.219697 2.691492 0.279601 2.764124 3.868651 -6.865569 -8.649772 4.887772 1.000055 -3.855745 3.836779 1.069066 -4.532371 -10.237602 -4.957732 
0.852191 -9.107080 0.801185 12.693726 -2.194300 0.666605 -2.218761 11.035533 0.270637 6.724226 -8.375112 3.246653 -8.520298 -5.309228 2.169954 0.541403 3.218904 3.463693 -5.649743 -8.390264 4.522979 1.062780 -3.799511 3.426271 1.313435 -3.821388 -10.760993 -5.680981 
0.599373 -8.787829 1.608997 11.462886 -2.375854 0.898345 -2.239203 10.036423 -0.402603 6.916995 -7.995962 2.948496 -8.936823 -4.459875 1.684383 0.786652 3.625017 3.078388 -4.513100 -8.138990 4.166321 1.107966 -3.741258 3.033874 1.534041 -3.153618 -11.227793 -6.337405 
0.353988 -8.480160 2.352160 10.300300 -2.541369 1.105461 -2.252002 9.081402 -1.023931 7.068988 -7.626143 2.660395 -9.294077 -3.669497 1.233541 1.015672 3.984592 2.712344 -3.453157 -7.895493 3.818141 1.136812 -3.681056 2.659357 1.731857 -2.527823 -11.639842 -6.929417 
0.116380 -8.183522 3.032886 9.203930 -2.691266 1.289082 -2.257546 8.169761 -1.595113 7.182288 -7.265623 2.382416 -9.594743 -2.935981 0.816211 1.228781 4.299721 2.365171 -2.467461 -7.659328 3.478771 1.150495 -3.618973 2.302489 1.907837 -1.942779 -11.998953 -7.459394 
-0.113118 -7.897373 3.653354 8.171763 -2.825957 1.450319 -2.256215 7.300790 -2.117887 7.258944 -6.914365 2.114617 -9.841460 -2.257249 0.431191 1.426299 4.572463 2.036481 -1.553590 -7.430059 3.148533 1.150164 -3.555074 1.963035 2.062924 -1.397274 -12.306917 -7.929677 
-0.334184 -7.621181 4.215712 7.201812 -2.945856 1.590262 -2.248381 6.473784 -2.593969 7.300973 -6.572336 1.857052 -10.036817 -1.631252 0.077298 1.608547 4.804838 1.725887 -0.709155 -7.207259 2.827737 1.136945 -3.489423 1.640759 2.198041 -0.890114 -12.565499 -8.342568 
-0.546510 -7.354426 4.722076 6.292122 -3.051371 1.709985 -2.234411 5.688036 -3.025044 7.310356 -6.239497 1.609772 -10.183357 -1.055973 -0.246632 1.775842 4.998830 1.433007 0.068207 -6.990513 2.516681 1.111938 -3.422084 1.335426 2.314097 -0.420117 -12.776441 -8.700334 
-0.749798 -7.096598 5.174530 5.440760 -3.142907 1.810538 -2.214662 4.942845 -3.412776 7.289044 -5.915810 1.372818 -10.283578 -0.529424 -0.541746 1.928501 5.156388 1.157459 0.780824 -6.779415 2.215653 1.076218 -3.353117 1.046798 2.411984 0.013885 -12.941459 -9.005205 
-0.943764 -6.847197 5.575125 4.645824 -3.220865 1.892956 -2.189482 4.237508 -3.758801 7.238954 -5.601236 1.146231 -10.339925 -0.049649 -0.809172 2.066843 5.279426 0.898864 1.430997 -6.573569 1.924927 1.030834 -3.282582 0.774634 2.492581 0.413045 -13.062248 -9.259375 
-1.128135 -6.605735 5.925884 3.905440 -3.285644 1.958253 -2.159216 3.571325 -4.064729 7.161969 -5.295732 0.930044 -10.354802 0.385274 -1.050023 2.191184 5.369820 0.656845 2.020995 -6.372588 1.644767 0.976813 -3.210535 0.518695 2.556749 0.778503 -13.140476 -9.465001 
-1.302650 -6.371733 6.228793 3.217759 -3.337640 2.007422 -2.124196 2.943599 -4.332145 7.059941 -4.999258 0.724285 -10.330562 0.777241 -1.265389 2.301839 5.429409 0.431027 2.553055 -6.176096 1.375428 0.915153 -3.137034 0.278739 2.605332 1.111382 -13.177787 -9.624201 
-1.467060 -6.144723 6.485810 2.580960 -3.377243 2.041440 -2.084751 2.353632 -4.562608 6.934686 -4.711768 0.528977 -10.269512 1.128113 -1.456347 2.399125 5.460000 0.221039 3.029386 -5.983728 1.117150 0.846830 -3.062132 0.054522 2.639160 1.412794 -13.175803 -9.739060 
-1.621129 -5.924249 6.698859 1.993251 -3.404843 2.061263 -2.041199 1.800731 -4.757653 6.787990 -4.433219 0.344140 -10.173910 1.439722 -1.623952 2.483355 5.463361 0.026510 3.452165 -5.795126 0.870162 0.772793 -2.985882 -0.154200 2.659048 1.683835 -13.136119 -9.811625 
-1.764631 -5.709864 6.869833 1.452866 -3.420825 2.067826 -1.993853 1.284201 -4.918785 6.621604 -4.163562 0.169785 -10.045969 1.713868 -1.769244 2.554843 5.441223 -0.152928 3.823538 -5.609945 0.634684 0.693967 -2.908335 -0.347674 2.665793 1.925586 -13.060309 -9.843904 
-1.897355 -5.501132 7.000593 0.958067 -3.425571 2.062048 -1.943015 0.803352 -5.047488 6.437246 -3.902751 0.005922 -9.887854 1.952321 -1.893243 2.613904 5.395284 -0.317640 4.145623 -5.427848 0.410922 0.611251 -2.829539 -0.526146 2.660178 2.139117 -12.949918 -9.837870 
-2.019100 -5.297628 7.092969 0.507143 -3.419459 2.044827 -1.888983 0.357494 -5.145217 6.236603 -3.650736 -0.147449 -9.701681 2.156819 -1.996952 2.660849 5.327203 -0.467990 4.420504 -5.248509 0.199073 0.525520 -2.749543 -0.689865 2.642968 2.325479 -12.806472 -9.795462 
-2.129677 -5.098937 7.148757 0.098412 -3.402864 2.017042 -1.832046 -0.054061 -5.213403 6.021325 -3.407466 -0.290327 -9.489521 2.329068 -2.081356 2.695991 5.238605 -0.604339 4.650237 -5.071612 -0.000680 0.437624 -2.668392 -0.839081 2.614915 2.485714 -12.631469 -9.718578 
-2.228910 -4.904655 7.169724 -0.269783 -3.376159 1.979551 -1.772483 -0.431999 -5.253451 5.793033 -3.172890 -0.422722 -9.253398 2.470746 -2.147421 2.719641 5.131078 -0.727046 4.836846 -4.896849 -0.188164 0.348386 -2.586130 -0.974045 2.576752 2.620846 -12.426386 -9.609081 
-2.316635 -4.714388 7.157603 -0.599070 -3.339712 1.933196 -1.710569 -0.777004 -5.266739 5.553312 -2.946955 -0.544645 -8.995286 2.583498 -2.196097 2.732110 5.006175 -0.836467 4.982326 -4.723925 -0.363217 0.258606 -2.502800 -1.095010 2.529200 2.731885 -12.192673 -9.468797 
-2.392700 -4.527753 7.114095 -0.891050 -3.293888 1.878797 -1.646570 -1.089760 -5.254620 5.303716 -2.729606 -0.656115 -8.717113 2.668937 -2.228313 2.733708 4.865411 -0.932957 5.088639 -4.552554 -0.525689 0.169059 -2.418443 -1.202231 2.472960 2.819830 -11.931756 -9.299517 
-2.456963 -4.344378 7.040871 -1.147296 -3.239049 1.817156 -1.580744 -1.370948 -5.218422 5.045765 -2.520787 -0.757153 -8.420761 2.728646 -2.244983 2.724745 4.710266 -1.016868 5.157720 -4.382457 -0.675442 0.080494 -2.333097 -1.295962 2.408720 2.885661 -11.645039 -9.102994 
-2.509298 -4.163901 6.939568 -1.369354 -3.175554 1.749056 -1.513340 -1.621246 -5.159447 4.780945 -2.320440 -0.847789 -8.108063 2.764178 -2.247002 2.705529 4.542185 -1.088550 5.191469 -4.213369 -0.812348 -0.006366 -2.246801 -1.376459 2.337151 2.930348 -11.333900 -8.880943 
-2.549587 -3.985972 6.811793 -1.558742 -3.103758 1.675258 -1.444603 -1.841334 -5.078970 4.510711 -2.128508 -0.928055 -7.780806 2.777054 -2.235245 2.676369 4.362576 -1.148351 5.191760 -4.045034 -0.936291 -0.090822 -2.159589 -1.443982 2.258910 2.954845 -10.999693 -8.635045 
-2.577727 -3.810248 6.659120 -1.716951 -3.024014 1.596508 -1.374767 -2.031885 -4.978242 4.236483 -1.944930 -0.997989 -7.440729 2.768763 -2.210573 2.637573 4.172809 -1.196616 5.160433 -3.877204 -1.047168 -0.172198 -2.071496 -1.498789 2.174635 2.960091 -10.643749 -8.366941 
-2.593626 -3.636401 6.483091 -1.845446 -2.936670 1.513529 -1.304059 -2.193576 -4.858487 3.959650 -1.769644 -1.057635 -7.089523 2.740764 -2.173825 2.589447 3.974222 -1.233688 5.099299 -3.709642 -1.144886 -0.249847 -1.982555 -1.541140 2.084950 2.947012 -10.267372 -8.078239 
-2.597204 -3.464111 6.285218 -1.945662 -2.842070 1.427027 -1.232701 -2.327078 -4.720904 3.681565 -1.602590 -1.107041 -6.728833 2.694486 -2.125824 2.532297 3.768114 -1.259909 5.010139 -3.542123 -1.229361 -0.323145 -1.892795 -1.571299 1.990465 2.916519 -9.871846 -7.770508 
-2.588393 -3.293068 6.066979 -2.019007 -2.740558 1.337687 -1.160903 -2.433062 -4.566666 3.403551 -1.443701 -1.146260 -6.360256 2.631324 -2.067375 2.466431 3.555749 -1.275616 4.894701 -3.374429 -1.300526 -0.391492 -1.802247 -1.589528 1.891770 2.869510 -9.458426 -7.445281 
-2.567137 -3.122976 5.829821 -2.066864 -2.632473 1.246176 -1.088871 -2.512198 -4.396920 3.126896 -1.292914 -1.175353 -5.985343 2.552645 -1.999265 2.392151 3.338354 -1.281148 4.754706 -3.206353 -1.358320 -0.454316 -1.710937 -1.596092 1.789442 2.806867 -9.028347 -7.104053 
-2.533392 -2.953545 5.575158 -2.090584 -2.518148 1.153142 -1.016802 -2.565152 -4.212787 2.852856 -1.150161 -1.194381 -5.605595 2.459784 -1.922263 2.309763 3.117120 -1.276837 4.591841 -3.037698 -1.402697 -0.511067 -1.618891 -1.591257 1.684043 2.729459 -8.582818 -6.748285 
-2.487127 -2.784499 5.304375 -2.091496 -2.397917 1.059211 -0.944885 -2.592591 -4.015363 2.582652 -1.015374 -1.203415 -5.222468 2.354044 -1.837118 2.219571 2.893205 -1.263015 4.407766 -2.868278 -1.433620 -0.561222 -1.526133 -1.575290 1.576116 2.638141 -8.123022 -6.379399 
-2.428322 -2.615572 5.018821 -2.070898 -2.272109 0.964993 -0.873302 -2.595179 -3.805719 2.317475 -0.888485 -1.202528 -4.837370 2.236698 -1.744564 2.121878 2.667726 -1.240014 4.204106 -2.697916 -1.451066 -0.604282 -1.432685 -1.548461 1.466191 2.533753 -7.650121 -5.998781 
-2.356970 -2.446507 4.719818 -2.030061 -2.141048 0.871077 -0.802226 -2.573578 -3.584898 2.058481 -0.769422 -1.191799 -4.451661 2.108987 -1.645316 2.016986 2.441768 -1.208159 3.982460 -2.526443 -1.455021 -0.639774 -1.338568 -1.511038 1.354781 2.417120 -7.165252 -5.607780 
-2.273075 -2.277059 4.408653 -1.970228 -2.005058 0.778034 -0.731825 -2.528448 -3.353920 1.806793 -0.658113 -1.171314 -4.066656 1.972121 -1.540070 1.905197 2.216378 -1.167777 3.744393 -2.353705 -1.445483 -0.667250 -1.243801 -1.463294 1.242383 2.289055 -6.669526 -5.207709 
-2.176653 -2.106994 4.086580 -1.892617 -1.864456 0.686413 -0.662257 -2.460448 -3.113775 1.563500 -0.554486 -1.141161 -3.683620 1.827281 -1.429505 1.786813 1.992567 -1.119190 3.491442 -2.179552 -1.422462 -0.686286 -1.148401 -1.405501 1.129478 2.150354 -6.164031 -4.799844 
-2.067733 -1.936086 3.754825 -1.798417 -1.719558 0.596746 -0.593673 -2.370236 -2.865433 1.329661 -0.458464 -1.101435 -3.303773 1.675615 -1.314281 1.662133 1.771311 -1.062720 3.225111 -2.003849 -1.385980 -0.696485 -1.052384 -1.337934 1.016532 2.001802 -5.649831 -4.385425 
-1.946355 -1.764124 3.414579 -1.688788 -1.570677 0.509546 -0.526217 -2.258468 -2.609833 1.106299 -0.369973 -1.052236 -2.928285 1.518240 -1.195042 1.531459 1.553548 -0.998684 2.946876 -1.826468 -1.336068 -0.697472 -0.955764 -1.260867 0.903996 1.844168 -5.127966 -3.965653 
-1.812573 -1.590903 3.067002 -1.564866 -1.418122 0.425305 -0.460024 -2.125796 -2.347892 0.894406 -0.288935 -0.993669 -2.558281 1.356243 -1.072411 1.395088 1.340182 -0.927399 2.658181 -1.647291 -1.272772 -0.688900 -0.858552 -1.174577 0.792303 1.678205 -4.599451 -3.541695 
-1.666451 -1.416231 2.713224 -1.427757 -1.262197 0.344497 -0.395223 -1.972873 -2.080500 0.694938 -0.215271 -0.925844 -2.194838 1.190678 -0.946997 1.253320 1.132080 -0.849180 2.360439 -1.466212 -1.196146 -0.670445 -0.760760 -1.079343 0.681870 1.504656 -4.065277 -3.114680 
-1.508066 -1.239927 2.354339 -1.278539 -1.103205 0.267576 -0.331935 -1.800349 -1.808519 0.508821 -0.148901 -0.848876 -1.838985 1.022570 -0.819386 1.106453 0.930074 -0.764337 2.055034 -1.283134 -1.106257 -0.641811 -0.662396 -0.975444 0.573102 1.324246 -3.526411 -2.685700 
-1.337506 -1.061820 1.991413 -1.118265 -0.941445 0.194977 -0.270271 -1.608873 -1.532789 0.336947 -0.089744 -0.762884 -1.491706 0.852913 -0.690151 0.954785 0.734957 -0.673182 1.743318 -1.097968 -1.003184 -0.602723 -0.563467 -0.863160 0.466383 1.137687 -2.983796 -2.255811 
-1.154873 -0.881747 1.625479 -0.947959 -0.777213 0.127115 -0.210338 -1.399092 -1.254123 0.180174 -0.037717 -0.667996 -1.153935 0.682668 -0.559843 0.798611 0.547490 -0.576020 1.426613 -0.910637 -0.887015 -0.552934 -0.463979 -0.742774 0.362086 0.945678 -2.438351 -1.826032 
-0.960280 -0.699561 1.257538 -0.768617 -0.610801 0.064387 -0.152234 -1.171652 -0.973306 0.039329 0.007264 -0.564340 -0.826559 0.512767 -0.428998 0.638228 0.368395 -0.473157 1.106211 -0.721075 -0.757853 -0.492222 -0.363936 -0.614569 0.260564 0.748902 -1.890969 -1.397346 
-0.753851 -0.515120 0.888558 -0.581210 -0.442497 0.007170 -0.096047 -0.927194 -0.691100 -0.084798 0.045286 -0.452054 -0.510421 0.344110 -0.298132 0.473932 0.198358 -0.364896 0.783372 -0.529223 -0.615810 -0.420388 -0.263340 -0.478830 0.162156 0.548028 -1.342521 -0.970698 
-0.535725 -0.328297 0.519476 -0.386678 -0.272588 -0.044178 -0.041862 -0.666363 -0.408240 -0.191445 0.076433 -0.331276 -0.206311 0.177566 -0.167744 0.306018 0.038031 -0.251538 0.459327 -0.335035 -0.461009 -0.337261 -0.162191 -0.335843 0.067187 0.343712 -0.793853 -0.546998 
-0.306049 -0.138973 0.151199 -0.185937 -0.101356 -0.089319 0.010249 -0.389797 -0.125437 -0.279887 0.100795 -0.202155 0.085022 0.013972 -0.038314 0.134779 -0.111971 -0.133380 0.135276 -0.138472 -0.293586 -0.242692 -0.060488 -0.185895 -0.024037 0.136595 -0.245787 -0.127117 
-0.064985 0.052960 -0.215400 0.020126 0.070920 -0.127934 0.060217 -0.098135 0.156627 -0.349430 0.118461 -0.064840 0.362882 -0.145864 0.089695 -0.039491 -0.251071 -0.010720 -0.187611 0.060493 -0.113687 -0.136558 0.041771 -0.029276 -0.111224 -0.072696 0.300880 0.288109 
0.187294 0.247599 -0.579481 0.230653 0.243965 -0.159724 0.107984 0.207986 0.437293 -0.399414 0.129522 0.080513 0.626616 -0.301166 0.215838 -0.216499 -0.378725 0.116149 -0.508197 0.261878 0.078529 -0.018764 0.144592 0.133725 -0.194099 -0.283549 0.845376 0.697880 
0.450602 0.445030 -0.940232 0.444810 0.417506 -0.184406 0.153497 0.527932 0.715929 -0.429212 0.134070 0.233741 0.875620 -0.451190 0.339689 -0.395953 -0.494427 0.246935 -0.825373 0.465689 0.282893 0.110765 0.247981 0.302817 -0.272401 -0.495365 1.386949 1.101435 
0.724742 0.645329 -1.296876 0.661794 0.591274 -0.201721 0.196712 0.861068 0.991929 -0.438229 0.132198 0.394679 1.109338 -0.595221 0.460838 -0.577561 -0.597705 0.381350 -1.138061 0.671926 0.499223 0.252074 0.351946 0.477706 -0.345886 -0.707561 1.924876 1.498049 
1.009505 0.848562 -1.648668 0.880827 0.765004 -0.211426 0.237593 1.206764 1.264711 -0.425905 0.124002 0.563155 1.327260 -0.732577 0.578896 -0.761032 -0.688127 0.519105 -1.445214 0.880576 0.727328 0.405187 0.456495 0.658098 -0.414326 -0.919566 2.458457 1.887031 
1.304668 1.054784 -1.994892 1.101159 0.938433 -0.213299 0.276112 1.564389 1.533720 -0.391711 0.109577 0.738992 1.528925 -0.862606 0.693490 -0.946075 -0.765293 0.659916 -1.745815 1.091616 0.967004 0.570101 0.561641 0.843698 -0.477509 -1.130825 2.987014 2.267731 
1.609999 1.264038 -2.334867 1.322069 1.111301 -0.207136 0.312246 1.933316 1.798427 -0.335152 0.089022 0.922008 1.713916 -0.984688 0.804264 -1.132401 -0.828841 0.803500 -2.038879 1.305014 1.218034 0.746787 0.667397 1.034209 -0.535238 -1.340797 3.509895 2.639532 
1.925252 1.476358 -2.667942 1.542861 1.283354 -0.192754 0.345982 2.312918 2.058328 -0.255768 0.062434 1.112017 1.881867 -1.098232 0.910883 -1.319722 -0.878445 0.949576 -2.323450 1.520729 1.480194 0.935192 0.773777 1.229333 -0.587332 -1.548953 4.026472 3.001857 
2.250170 1.691767 -2.993498 1.762867 1.454339 -0.169987 0.377314 2.702570 2.312946 -0.153128 0.029914 1.308827 2.032458 -1.202680 1.013027 -1.507748 -0.913814 1.097867 -2.598604 1.738707 1.753245 1.135239 0.880797 1.428771 -0.633626 -1.754782 4.536141 3.354162 
2.584482 1.910277 -3.310949 1.981449 1.624006 -0.138690 0.406245 3.101649 2.561829 -0.026837 -0.008436 1.512240 2.165415 -1.297505 1.110397 -1.696191 -0.934695 1.248096 -2.863444 1.958888 2.036937 1.346824 0.988476 1.632221 -0.673971 -1.957784 5.038323 3.695943 
2.927906 2.131891 -3.619740 2.197994 1.792109 -0.098738 0.432782 3.509533 2.804549 0.123467 -0.052514 1.722053 2.280512 -1.382210 1.202709 -1.884765 -0.940869 1.399990 -3.117109 2.181198 2.331009 1.569820 1.096833 1.839381 -0.708234 -2.157475 5.532462 4.026731 
3.280150 2.356600 -3.919348 2.411916 1.958408 -0.050022 0.456945 3.925604 3.040707 0.298115 -0.102214 1.938060 2.377572 -1.456329 1.289698 -2.073183 -0.932154 1.553277 -3.358764 2.405557 2.635190 1.804073 1.205890 2.049949 -0.736298 -2.353385 6.018028 4.346094 
3.640906 2.584383 -4.209281 2.622658 2.122661 0.007543 0.478756 4.349243 3.269927 0.497402 -0.157433 2.160048 2.456462 -1.519428 1.371119 -2.261159 -0.908404 1.707688 -3.587606 2.631872 2.949195 2.049404 1.315670 2.263618 -0.758059 -2.545057 6.494512 4.653637 
4.009858 2.815212 -4.489080 2.829690 2.284633 0.074027 0.498249 4.779834 3.491860 0.721593 -0.218062 2.387799 2.517100 -1.571104 1.446742 -2.448408 -0.869509 1.862956 -3.802865 2.860041 3.272730 2.305610 1.426197 2.480083 -0.773434 -2.732050 6.961432 4.949000 
4.386675 3.049046 -4.758317 3.032510 2.444093 0.149479 0.515462 5.216763 3.706183 0.970917 -0.283994 2.621090 2.559449 -1.610985 1.516356 -2.634645 -0.815396 2.018816 -4.003797 3.089952 3.605487 2.572463 1.537498 2.699037 -0.782351 -2.913937 7.418329 5.231863 
4.771015 3.285833 -5.016598 3.230641 2.600809 0.233927 0.530445 5.659416 3.912599 1.245573 -0.355118 2.859693 2.583519 -1.638728 1.579770 -2.819586 -0.746025 2.175005 -4.189692 3.321484 3.947150 2.849709 1.649601 2.920170 -0.784757 -3.090303 7.864770 5.501940 
5.162524 3.525512 -5.263558 3.423637 2.754558 0.327383 0.543252 6.107183 4.110834 1.545723 -0.431324 3.103375 2.589369 -1.654024 1.636809 -3.002949 -0.661397 2.331264 -4.359869 3.554505 4.297388 3.137071 1.762536 3.143173 -0.780613 -3.260749 8.300343 5.758982 
5.560835 3.768011 -5.498866 3.611078 2.905115 0.429837 0.553945 6.559455 4.300644 1.871500 -0.512500 3.351898 2.577104 -1.656594 1.687315 -3.184449 -0.561544 2.487334 -4.513678 3.788873 4.655861 3.434242 1.876335 3.367733 -0.769897 -3.424892 8.724663 6.002778 
5.965572 4.013246 -5.722221 3.792570 3.052262 0.541262 0.562596 7.015622 4.481807 2.223002 -0.598532 3.605019 2.546876 -1.646189 1.731151 -3.363806 -0.446537 2.642960 -4.650500 4.024436 5.022217 3.740897 1.991029 3.593538 -0.752601 -3.582359 9.137368 6.233153 
6.376342 4.261125 -5.933355 3.967748 3.195783 0.661608 0.569283 7.475081 4.654130 2.600293 -0.689305 3.862489 2.498886 -1.622592 1.768195 -3.540738 -0.316483 2.797887 -4.769745 4.261032 5.396092 4.056679 2.106655 3.820274 -0.728736 -3.732795 9.538120 6.449968 
6.792744 4.511543 -6.132031 4.136274 3.335465 0.790811 0.574091 7.937226 4.817442 3.003406 -0.784702 4.124054 2.433381 -1.585617 1.798345 -3.714963 -0.171524 2.951865 -4.870856 4.498491 5.777111 4.381212 2.223249 4.047626 -0.698325 -3.875858 9.926607 6.653121 
7.214364 4.764385 -6.318046 4.297837 3.471100 0.928783 0.577114 8.401454 4.971601 3.432340 -0.884607 4.389456 2.350654 -1.535110 1.821517 -3.886202 -0.011838 3.104645 -4.953304 4.736630 6.164888 4.714090 2.340848 4.275275 -0.661410 -4.011218 10.302538 6.842548 
7.640775 5.019527 -6.491227 4.452156 3.602480 1.075419 0.578453 8.867165 5.116489 3.887060 -0.988900 4.658430 2.251049 -1.470945 1.837643 -4.054176 0.162360 3.255979 -5.016592 4.975259 6.559025 5.054884 2.459494 4.502905 -0.618047 -4.138564 10.665649 7.018221 
8.071539 5.276832 -6.651432 4.598973 3.729403 1.230594 0.578216 9.333761 5.252016 4.367499 -1.097460 4.930708 2.134954 -1.393031 1.846676 -4.218606 0.350819 3.405623 -5.060254 5.214174 6.959113 5.403142 2.579227 4.730195 -0.568309 -4.257594 11.015698 7.180147 
8.506204 5.536154 -6.798554 4.738062 3.851670 1.394164 0.576521 9.800642 5.378113 4.873558 -1.210166 5.206016 2.002806 -1.301305 1.848584 -4.379212 0.553253 3.553334 -5.083853 5.453166 7.364731 5.758382 2.700090 4.956824 -0.512284 -4.368024 11.352471 7.328371 
8.944309 5.797336 -6.932514 4.869221 3.969085 1.565966 0.573490 10.267214 5.494742 5.405102 -1.326895 5.484073 1.855088 -1.195736 1.843356 -4.535718 0.769339 3.698873 -5.086983 5.692012 7.775447 6.120102 2.822129 5.182471 -0.450076 -4.469583 11.675773 7.462976 
9.385378 6.060210 -7.053268 4.992278 4.081455 1.745817 0.569256 10.732883 5.601888 5.961966 -1.447523 5.764597 1.692331 -1.076325 1.830995 -4.687848 0.998719 3.842002 -5.069270 5.930482 8.190817 6.487772 2.945390 5.406812 -0.381805 -4.562013 11.985437 7.584079 
9.828925 6.324599 -7.160803 5.107086 4.188591 1.933515 0.563959 11.197056 5.699563 6.543949 -1.571924 6.047297 1.515114 -0.943103 1.811526 -4.835323 1.240997 3.982485 -5.030369 6.168333 8.610387 6.860838 3.069922 5.629521 -0.307606 -4.645073 12.281319 7.691837 
10.274452 6.590313 -7.255136 5.213527 4.290307 2.128839 0.557744 11.659143 5.787802 7.150820 -1.699970 6.331879 1.324061 -0.796131 1.784991 -4.977870 1.495743 4.120089 -4.969965 6.405315 9.033691 7.238720 3.195774 5.850274 -0.227631 -4.718533 12.563300 7.786441 
10.721446 6.857154 -7.336319 5.311511 4.386420 2.331548 0.550766 12.118555 5.866669 7.782312 -1.831534 6.618042 1.119847 -0.635504 1.751448 -5.115212 1.762490 4.254581 -4.887776 6.641167 9.460250 7.620813 3.322998 6.068741 -0.142048 -4.782180 12.831283 7.868119 
11.169386 7.124911 -7.404433 5.400974 4.476750 2.541382 0.543188 12.574704 5.936253 8.438127 -1.966485 6.905482 0.903191 -0.461346 1.710975 -5.247075 2.040735 4.385735 -4.783548 6.875616 9.889575 8.006489 3.451647 6.284594 -0.051039 -4.835814 13.085197 7.937136 
11.617737 7.393363 -7.459593 5.481880 4.561122 2.758062 0.535180 13.027005 5.996668 9.117934 -2.104693 7.193890 0.674860 -0.273811 1.663667 -5.373186 2.329938 4.513322 -4.657059 7.108383 10.321167 8.395092 3.581776 6.497503 0.045196 -4.879248 13.324996 7.993796 
12.065950 7.662280 -7.501944 5.554222 4.639362 2.981290 0.526919 13.474875 6.048053 9.821367 -2.246026 7.482949 0.435670 -0.073087 1.609638 -5.493272 2.629525 4.637119 -4.508117 7.339175 10.754513 8.785944 3.713443 6.707136 0.146442 -4.912312 13.550656 8.038435 
12.513468 7.931420 -7.531665 5.618017 4.711301 3.210748 0.518590 13.917731 6.090574 10.548029 -2.390348 7.772339 0.186482 0.140609 1.549019 -5.607060 2.938885 4.756903 -4.336561 7.567693 11.189089 9.178338 3.846704 6.913161 0.252470 -4.934848 13.762178 8.071430 
12.959719 8.200530 -7.548965 5.673312 4.776773 3.446099 0.510386 14.354993 6.124424 11.297488 -2.537526 8.061735 -0.071794 0.367028 1.481959 -5.714278 3.257369 4.872454 -4.142260 7.793624 11.624361 9.571546 3.981622 7.115242 0.363031 -4.946713 13.959588 8.093193 
13.404120 8.469348 -7.554085 5.720181 4.835616 3.686986 0.502508 14.786083 6.149818 12.069281 -2.687423 8.350807 -0.338202 0.605892 1.408627 -5.814655 3.584297 4.983555 -3.925114 8.016647 12.059783 9.964812 4.118256 7.313045 0.477865 -4.947778 14.142936 8.104171 
13.846076 8.737601 -7.547299 5.758727 4.887669 3.933034 0.495164 15.210422 6.167000 12.862911 -2.839901 8.639218 -0.611738 0.856889 1.329207 -5.907921 3.918946 5.089990 -3.685052 8.236433 12.494797 10.357357 4.256670 7.506232 0.596693 -4.937930 14.312296 8.104852 
14.284979 9.005003 -7.528912 5.789076 4.932776 4.183847 0.488568 15.627437 6.176239 13.677847 -2.994820 8.926628 -0.891350 1.119677 1.243903 -5.993805 4.260564 5.191546 -3.422038 8.452639 12.928834 10.748376 4.396931 7.694465 0.719221 -4.917066 14.467765 8.095756 
14.720209 9.271261 -7.499261 5.811386 4.970785 4.439012 0.482946 16.036553 6.177829 14.513526 -3.152041 9.212691 -1.175941 1.393885 1.152936 -6.072039 4.608357 5.288012 -3.136060 8.664915 13.361314 11.137038 4.539103 7.877405 0.845139 -4.885102 14.609466 8.077443 
15.151137 9.536070 -7.458716 5.825841 5.001546 4.698095 0.478527 16.437200 6.172091 15.369352 -3.311422 9.497056 -1.464363 1.679108 1.056546 -6.142353 4.961499 5.379179 -2.827142 8.872900 13.791645 11.522488 4.683256 8.054710 0.974122 -4.841965 14.737546 8.050508 
15.577117 9.799113 -7.407676 5.832652 5.024912 4.960643 0.475550 16.828805 6.159369 16.244696 -3.472819 9.779366 -1.755425 1.974911 0.954989 -6.204480 5.319126 5.464840 -2.495336 9.076223 14.219223 11.903846 4.829460 8.226038 1.105827 -4.787598 14.852175 8.015584 
15.997495 10.060064 -7.346575 5.832056 5.040741 5.226183 0.474262 17.210802 6.140037 17.138895 -3.636088 10.059261 -2.047886 2.280829 0.848543 -6.258152 5.680339 5.544792 -2.140725 9.274504 14.643434 12.280208 4.977787 8.391045 1.239899 -4.721957 14.953549 7.973338 
16.411603 10.318586 -7.275877 5.824322 5.048894 5.494225 0.474917 17.582624 6.114491 18.051254 -3.801083 10.336373 -2.340458 2.596364 0.737499 -6.303103 6.044201 5.618832 -1.763423 9.467352 15.063651 12.650641 5.128310 8.549387 1.375964 -4.645013 15.041885 7.924477 
16.818761 10.574332 -7.196078 5.809741 5.049233 5.764258 0.477776 17.943705 6.083154 18.981044 -3.967657 10.610331 -2.631806 2.920990 0.622169 -6.339067 6.409741 5.686761 -1.363573 9.654366 15.479238 13.014192 5.281104 8.700717 1.513632 -4.556751 15.117428 7.869744 
17.218277 10.826943 -7.107707 5.788635 5.041626 6.035750 0.483109 18.293483 6.046476 19.927504 -4.135661 10.880759 -2.920548 3.254146 0.502884 -6.365777 6.775952 5.748381 -0.941351 9.835135 15.889546 13.369879 5.436246 8.844688 1.652500 -4.457170 15.180446 7.809916 
17.609449 11.076051 -7.011324 5.761353 5.025944 6.308154 0.491192 18.631395 6.004930 20.889838 -4.304946 11.147275 -3.205254 3.595243 0.379989 -6.382970 7.141790 5.803497 -0.496961 10.009239 16.293913 13.716697 5.593815 8.980950 1.792146 -4.346285 15.231229 7.745810 
17.991559 11.321276 -6.907521 5.728270 5.002059 6.580900 0.502309 18.956882 5.959018 21.867219 -4.475360 11.409491 -3.484448 3.943660 0.253851 -6.390381 7.506174 5.851915 -0.030641 10.176248 16.691669 14.053615 5.753891 9.109153 1.932134 -4.224122 15.270094 7.678278 
18.363880 11.562228 -6.796921 5.689789 4.969849 6.853400 0.516754 19.269385 5.909266 22.858787 -4.646750 11.667015 -3.756606 4.298745 0.124854 -6.387746 7.867989 5.893446 0.457345 10.335720 17.082129 14.379579 5.916556 9.228946 2.072013 -4.090723 15.297381 7.608209 
18.725673 11.798507 -6.680180 5.646343 4.929194 7.125048 0.534825 19.568349 5.856225 23.863647 -4.818964 11.919451 -4.020155 4.659814 -0.006603 -6.374804 8.226082 5.927899 0.966700 10.487205 17.464601 14.693506 6.081893 9.339975 2.211313 -3.946145 15.313455 7.536529 
19.076184 12.029702 -6.557986 5.598388 4.879978 7.395216 0.556831 19.853218 5.800473 24.880873 -4.991844 12.166395 -4.273477 5.026154 -0.140098 -6.351290 8.579267 5.955090 1.497095 10.630243 17.838376 14.994291 6.249987 9.441885 2.349551 -3.790457 15.318703 7.464201 
19.414651 12.255391 -6.431059 5.546411 4.822088 7.663258 0.583086 20.123440 5.742614 25.909504 -5.165236 12.407441 -4.514907 5.397019 -0.275194 -6.316945 8.926319 5.974833 2.048173 10.764364 18.202739 15.280803 6.420926 9.534323 2.486228 -3.623746 15.313539 7.392222 
19.740296 12.475142 -6.300148 5.490925 4.755414 7.928510 0.613913 20.378463 5.683276 26.948548 -5.338981 12.642175 -4.742731 5.771633 -0.411437 -6.271506 9.265977 5.986947 2.619545 10.889087 18.556961 15.551886 6.594797 9.616929 2.620828 -3.446109 15.298400 7.321630 
20.052332 12.688511 -6.166037 5.432470 4.679850 8.190287 0.649643 20.617737 5.623114 27.996978 -5.512920 12.870180 -4.955188 6.149188 -0.548353 -6.214714 9.596945 5.991253 3.210793 11.003921 18.900300 15.806360 6.771693 9.689347 2.752819 -3.257659 15.273747 7.253497 
20.349959 12.895046 -6.029542 5.371615 4.595291 8.447885 0.690613 20.840715 5.562810 29.053734 -5.686891 13.091033 -5.150470 6.528847 -0.685449 -6.146309 9.917892 5.987573 3.821466 11.108367 19.232006 16.043018 6.951703 9.751215 2.881655 -3.058525 15.240065 7.188932 
20.632364 13.094282 -5.891509 5.308955 4.501640 8.700580 0.737169 21.046850 5.503069 30.117726 -5.860734 13.304307 -5.326723 6.909739 -0.822218 -6.066032 10.227448 5.975732 4.451085 11.201914 19.551316 16.260629 7.134922 9.802174 3.006772 -2.848846 15.197864 7.129081 
20.898723 13.285745 -5.752817 5.245114 4.398799 8.947632 0.789665 21.235598 5.444623 31.187826 -6.034285 13.509567 -5.482044 7.290965 -0.958131 -5.973624 10.524211 5.955557 5.099138 11.284042 19.857454 16.457936 7.321446 9.841860 3.127592 -2.628780 15.147678 7.075126 
21.148199 13.468950 -5.614376 5.180741 4.286675 9.188277 0.848461 21.406417 5.388230 32.262878 -6.207378 13.706375 -5.614482 7.671593 -1.092642 -5.868827 10.806738 5.926877 5.765086 11.354221 20.149636 16.633659 7.511371 9.869910 3.243520 -2.398496 15.090065 7.028287 
21.379945 13.643400 -5.477129 5.116514 4.165178 9.421735 0.913926 21.558764 5.334674 33.341689 -6.379849 13.894289 -5.722041 8.050661 -1.225189 -5.751386 11.073554 5.889524 6.448355 11.411911 20.427063 16.786491 7.704796 9.885960 3.353945 -2.158179 15.025606 6.989820 
21.593099 13.808590 -5.342049 5.053140 4.034222 9.647206 0.986436 21.692100 5.284765 34.423035 -6.551530 14.072859 -5.802677 8.427174 -1.355190 -5.621042 11.323146 5.843332 7.148343 11.456561 20.688928 16.915100 7.901821 9.889641 3.458241 -1.908026 14.954909 6.961018 
21.786789 13.964002 -5.210144 4.991350 3.893723 9.863870 1.066376 21.805889 5.239336 35.505658 -6.722253 14.241632 -5.854298 8.800108 -1.482045 -5.477540 11.553966 5.788137 7.864418 11.487612 20.934409 17.018130 8.102548 9.880588 3.555767 -1.648250 14.878603 6.943210 
21.960130 14.109109 -5.082450 4.931906 3.743602 10.070888 1.154136 21.899594 5.199250 36.588268 -6.891846 14.400150 -5.874765 9.168408 -1.605137 -5.320625 11.764428 5.723777 8.595916 11.504493 21.162676 17.094200 8.307082 9.858430 3.645863 -1.379079 14.797345 6.937762 
22.112226 14.243372 -4.960038 4.875594 3.583782 10.267403 1.250116 21.972680 5.165392 37.669540 -7.060139 14.547947 -5.861892 9.530987 -1.723831 -5.150043 11.952913 5.650093 9.342143 11.506625 21.372886 17.141903 8.515527 9.822797 3.727857 -1.100754 14.711812 6.946077 
22.242168 14.366243 -4.844009 4.823231 3.414190 10.452535 1.354722 22.024615 5.138675 38.748118 -7.226960 14.684556 -5.813445 9.886727 -1.837473 -4.965539 12.117764 5.566927 10.102375 11.493418 21.564183 17.159807 8.727990 9.773318 3.801059 -0.813529 14.622709 6.969594 
22.349035 14.477163 -4.735497 4.775658 3.234756 10.625389 1.468370 22.054869 5.120036 39.822613 -7.392133 14.809501 -5.727143 10.234479 -1.945391 -4.766860 12.257287 5.474125 10.875857 11.464272 21.735703 17.146456 8.944581 9.709619 3.864763 -0.517675 14.530762 7.009789 
22.431894 14.575562 -4.635667 4.733746 3.045413 10.785049 1.591481 22.062912 5.110441 40.891600 -7.555484 14.922304 -5.600659 10.573064 -2.046896 -4.553753 12.369754 5.371534 11.661802 11.418577 21.886569 17.100367 9.165410 9.631326 3.918249 -0.213475 14.436723 7.068176 
22.489800 14.660858 -4.545717 4.698393 2.846098 10.930579 1.724484 22.048216 5.110877 41.953625 -7.716836 15.022480 -5.431616 10.901270 -2.141281 -4.325967 12.453400 5.259003 12.459396 11.355712 22.015890 17.020033 9.390588 9.538063 3.960778 0.098772 14.341368 7.146304 
22.521797 14.732462 -4.466875 4.670522 2.636752 11.061024 1.867818 22.010257 5.122361 43.007198 -7.876012 15.109540 -5.217593 11.217856 -2.227820 -4.083250 12.506425 5.136385 13.267790 11.275050 22.122769 16.903924 9.620231 9.429453 3.991599 0.418755 14.245498 7.245760 
22.526915 14.789770 -4.400403 4.651088 2.417317 11.175411 2.021928 21.948509 5.145934 44.050796 -8.032830 15.182989 -4.956118 11.521549 -2.305769 -3.825351 12.526990 5.003533 14.086109 11.175949 22.206292 16.750480 9.854452 9.305118 4.009942 0.746147 14.149936 7.368165 
22.504174 14.832172 -4.347592 4.641070 2.187740 11.272746 2.187265 21.862452 5.182661 45.082865 -8.187112 15.242327 -4.644676 11.811045 -2.374368 -3.552020 12.513223 4.860303 14.913443 11.057760 22.265538 16.558122 10.093370 9.164677 4.015023 1.080608 14.055530 7.515180 
22.452579 14.859044 -4.309769 4.641475 1.947971 11.352017 2.364291 21.751563 5.233636 46.101816 -8.338674 15.287048 -4.280701 12.085008 -2.432836 -3.263008 12.463215 4.706554 15.748855 10.919823 22.299572 16.325241 10.337103 9.007750 4.006041 1.421781 13.963154 7.688502 
22.371127 14.869753 -4.288289 4.653338 1.697964 11.412191 2.553472 21.615325 5.299978 47.106028 -8.487333 15.316644 -3.861582 12.342072 -2.480377 -2.958066 12.375021 4.542146 16.591376 10.761470 22.307449 16.050204 10.585772 8.833955 3.982181 1.769298 13.873705 7.889863 
22.258799 14.863655 -4.284541 4.677721 1.437675 11.452218 2.755286 21.453219 5.382829 48.093846 -8.632905 15.330599 -3.384658 12.580841 -2.516174 -2.636946 12.246659 4.366944 17.440006 10.582019 22.288211 15.731356 10.839498 8.642906 3.942610 2.122776 13.788103 8.121033 
22.114567 14.840094 -4.299944 4.715714 1.167063 11.471027 2.970215 21.264732 5.483359 49.063584 -8.775203 15.328392 -2.847225 12.799886 -2.539394 -2.299399 12.076112 4.180811 18.293716 10.380782 22.240889 15.367013 11.098407 8.434220 3.886481 2.481817 13.707294 8.383818 
21.937388 14.798407 -4.335952 4.768435 0.886093 11.467528 3.198750 21.049348 5.602765 50.013519 -8.914040 15.309498 -2.246528 12.997749 -2.549185 -1.945180 11.861327 3.983615 19.151445 10.157060 22.164505 14.955468 11.362622 8.207509 3.812930 2.846009 13.632248 8.680062 
21.726210 14.737916 -4.394048 4.837028 0.594731 11.440612 3.441389 20.806555 5.742268 50.941900 -9.049228 15.273386 -1.579765 13.172938 -2.544679 -1.574042 11.600214 3.775227 20.012102 9.910142 22.058066 14.494988 11.632273 7.962386 3.721076 3.214927 13.563957 9.011644 
21.479967 14.657936 -4.475747 4.922665 0.292947 11.389151 3.698639 20.535844 5.903113 51.846938 -9.180575 15.219521 -0.844090 13.323932 -2.524988 -1.185739 11.290649 3.555517 20.874565 9.639310 21.920570 13.983816 11.907487 7.698462 3.610026 3.588128 13.503441 9.380481 
21.197582 14.557770 -4.582598 5.026545 -0.019286 11.311997 3.971014 20.236706 6.086575 52.726815 -9.307890 15.147362 -0.036605 13.449179 -2.489205 -0.780026 10.930468 3.324361 21.737682 9.343834 21.751002 13.420169 12.188395 7.415346 3.478868 3.965160 13.451740 9.788526 
20.877964 14.436710 -4.716180 5.149896 -0.341992 11.207983 4.259034 19.908634 6.293951 53.579677 -9.430981 15.056362 0.845631 13.547096 -2.436408 -0.356659 10.517476 3.081634 22.600270 9.022974 21.548338 12.802240 12.475130 7.112647 3.326675 4.345554 13.409923 10.237769 
20.520013 14.294039 -4.878104 5.293973 -0.675190 11.075923 4.563230 19.551122 6.526565 54.403639 -9.549654 14.945971 1.805610 13.616068 -2.365655 0.084605 10.049438 2.827215 23.461117 8.675982 21.311540 12.128195 12.767825 6.789970 3.152504 4.728825 13.379078 10.730237 
20.122614 14.129026 -5.070013 5.460056 -1.018898 10.914610 4.884137 19.163667 6.785769 55.196781 -9.663712 14.815632 2.846368 13.654450 -2.275987 0.544011 9.524084 2.560985 24.318978 8.302099 21.039560 11.396177 13.066616 6.446923 2.955396 5.114478 13.360320 11.267993 
19.684642 13.940933 -5.293584 5.649456 -1.373128 10.722821 5.222300 18.745767 7.072936 55.957152 -9.772960 14.664784 3.970991 13.660565 -2.166426 1.021799 8.939109 2.282827 25.172579 7.900554 20.731338 10.604303 13.371641 6.083108 2.734377 5.502000 13.354790 11.853137 
19.204959 13.729011 -5.550521 5.863510 -1.737892 10.499311 5.578272 18.296923 7.389470 56.682766 -9.877198 14.492861 5.182610 13.632706 -2.035976 1.518213 8.292171 1.992627 26.020615 7.470569 20.385803 9.750665 13.683038 5.698128 2.488457 5.890866 13.363649 12.487805 
18.682416 13.492497 -5.842565 6.103581 -2.113195 10.242816 5.952612 17.816635 7.736796 57.371605 -9.976227 14.299290 6.484404 13.569134 -1.883625 2.033493 7.580893 1.690273 26.861751 7.011355 20.001872 8.833330 14.000948 5.291586 2.216630 6.280537 13.388085 13.174171 
18.115849 13.230623 -6.171486 6.371061 -2.499042 9.952055 6.345887 17.304407 8.116367 58.021618 -10.069847 14.083496 7.879602 13.468078 -1.708340 2.567880 6.802860 1.375653 27.694620 6.522113 19.578451 7.850339 14.325513 4.863081 1.917874 6.670457 13.429311 13.914446 
17.504085 12.942605 -6.539086 6.667370 -2.895433 9.625723 6.758672 16.759745 8.529664 58.630721 -10.157856 13.844895 9.371476 13.327740 -1.509071 3.121614 5.955622 1.048660 28.517827 6.002034 19.114434 6.799710 14.656879 4.412211 1.591151 7.060058 13.488560 14.710875 
16.845939 12.627651 -6.947201 6.993954 -3.302364 9.262501 7.191549 16.182153 8.978189 59.196796 -10.240048 13.582902 10.963347 13.146286 -1.284753 3.694933 5.036693 0.709189 29.329944 5.450298 18.608706 5.679434 14.995189 3.938575 1.235407 7.448759 13.567095 15.565743 
16.140211 12.284960 -7.397695 7.352288 -3.719829 8.861048 7.645110 15.571143 9.463473 59.717692 -10.316221 13.296924 12.658585 12.921855 -1.034298 4.288077 4.043552 0.357137 30.129513 4.866077 18.060136 4.487478 15.340592 3.441769 0.849573 7.835961 13.666197 16.481369 
15.385692 11.913716 -7.892467 7.743873 -4.147819 8.420002 8.119952 14.926222 9.987072 60.191227 -10.386167 12.986363 14.460605 12.652551 -0.756603 4.901284 2.973640 -0.007599 30.915047 4.248531 17.467587 3.221784 15.693237 2.921387 0.432564 8.221054 13.787177 17.460110 
14.581160 11.513097 -8.433448 8.170238 -4.586320 7.937987 8.616680 14.246904 10.550567 60.615184 -10.449679 12.650617 16.372871 12.336451 -0.450548 5.534790 1.824362 -0.385117 31.685026 3.596813 16.829906 1.880267 16.053274 2.377022 -0.016722 8.603413 13.931367 18.504360 
13.725380 11.082267 -9.022598 8.632939 -5.035317 7.413601 9.135908 13.532701 11.155567 60.987313 -10.506547 12.289079 18.398892 11.971598 -0.114991 6.188833 0.593090 -0.775514 32.437902 2.910063 16.145932 0.460821 16.420857 1.808268 -0.499400 8.982398 14.100123 19.616550 
12.817106 10.620381 -9.661912 9.133560 -5.494788 6.845429 9.678256 12.783129 11.803703 61.305331 -10.556562 11.901137 20.542227 11.556006 0.251223 6.863649 -0.722844 -1.178883 33.172095 2.187412 15.414490 -1.038691 16.796138 1.214714 -1.016604 9.357356 14.294826 20.799146 
11.855080 10.126585 -10.353414 9.673714 -5.964712 6.232031 10.244353 11.997705 12.496635 61.566923 -10.599513 11.486171 22.806480 11.087656 0.649272 7.559472 -2.126142 -1.595318 33.885994 1.427981 14.634395 -2.620424 17.179275 0.595950 -1.569482 9.727618 14.516883 22.054651 
10.838030 9.600010 -11.099163 10.255038 -6.445062 5.571953 10.834836 11.175948 13.236048 61.769739 -10.635185 11.043560 25.195304 10.564499 1.080348 8.276539 -3.619541 -2.024908 34.577958 0.630883 13.804449 -4.286565 17.570424 -0.048436 -2.159200 10.092502 14.767721 23.385606 
9.764675 9.039780 -11.901248 10.879199 -6.935809 4.863718 11.450346 10.317378 14.023651 61.911398 -10.663365 10.572674 27.712399 9.984455 1.545662 9.015082 -5.205818 -2.467742 35.246316 -0.204782 12.923446 -6.039320 17.969744 -0.718857 -2.786935 10.451311 15.048795 24.794589 
8.633721 8.445009 -12.761789 11.547891 -7.436918 4.105831 12.091538 9.421517 14.861182 61.989485 -10.683837 10.072882 30.361510 9.345414 2.046445 9.775336 -6.887782 -2.923903 35.889366 -1.079923 11.990165 -7.880925 18.377397 -1.415728 -3.453886 10.803336 15.361582 26.284212 
