NaN NaN NaN NaN NaN NaN NaN NaN NaN NaN NaN NaN NaN NaN NaN NaN NaN NaN NaN NaN NaN 
-8.984367 6.569202 -7.751472 -14.055360 -1.913462 -12.879113 5.927303 4.318729 6.769671 3.176638 -9.617572 17.217629 -7.522112 -8.486275 -14.808455 -3.214638 -20.252696 4.300056 0.047646 1.958784 0.952597 
-8.488937 6.376035 -7.843336 -13.892327 -1.574041 -12.160573 5.543369 4.607755 6.273313 2.452375 -9.413087 15.553837 -7.294185 -8.192465 -13.280139 -3.722529 -19.295408 4.578416 0.527943 1.814787 1.028560 
-8.013061 6.181442 -7.923304 -13.716692 -1.258941 -11.468946 5.165757 4.862717 5.794249 1.773565 -9.205418 13.977616 -7.074539 -7.910221 -11.834132 -4.192177 -18.367980 4.821206 0.974932 1.678544 1.092623 
-7.556260 5.985732 -7.991542 -13.529106 -0.967251 -10.803652 4.794832 5.085053 5.332288 1.138788 -8.994868 12.486409 -6.862810 -7.639090 -10.468034 -4.624746 -17.469942 5.030012 1.389650 1.549770 1.145420 
-7.118061 5.789205 -8.048215 -13.330205 -0.698079 -10.164119 4.430948 5.276180 4.887237 0.546646 -8.781738 11.077691 -6.658638 -7.378625 -9.179477 -5.021385 -16.600820 5.206393 1.773118 1.428185 1.187569 
-6.697999 5.592158 -8.093489 -13.120617 -0.450542 -9.549779 4.074448 5.437490 4.458905 -0.004242 -8.566321 9.748975 -6.461672 -7.128386 -7.966122 -5.383227 -15.760146 5.351883 2.126345 1.313516 1.219680 
-6.295609 5.394881 -8.127529 -12.900958 -0.223772 -8.960068 3.725666 5.570355 4.047099 -0.515235 -8.348908 8.497807 -6.271563 -6.887938 -6.825660 -5.711390 -14.947449 5.467993 2.450328 1.205495 1.242348 
-5.910435 5.197658 -8.150502 -12.671831 -0.016915 -8.394430 3.384924 5.676124 3.651628 -0.987674 -8.129781 7.321766 -6.087973 -6.656854 -5.755815 -6.006976 -14.162262 5.556206 2.746048 1.103860 1.256157 
-5.542026 5.000769 -8.162576 -12.433831 0.170872 -7.852313 3.052534 5.756124 3.272300 -1.422880 -7.909217 6.218467 -5.910566 -6.434714 -4.754338 -6.271070 -13.404118 5.617980 3.014477 1.008354 1.261680 
-5.189933 4.804484 -8.163916 -12.187539 0.340415 -7.333172 2.728797 5.811658 2.908924 -1.822153 -7.687490 5.185559 -5.739014 -6.221102 -3.819012 -6.504743 -12.672549 5.654751 3.256570 0.918726 1.259478 
-4.853715 4.609073 -8.154690 -11.933527 0.492529 -6.836464 2.414002 5.844009 2.561306 -2.186774 -7.464867 4.220725 -5.572996 -6.015612 -2.947651 -6.709050 -11.967092 5.667926 3.473272 0.834732 1.250099 
-4.532934 4.414796 -8.135067 -11.672356 0.628016 -6.361655 2.108430 5.854435 2.229256 -2.518006 -7.241609 3.321684 -5.412197 -5.817841 -2.138098 -6.885029 -11.287281 5.658889 3.665513 0.756130 1.234079 
-4.227161 4.221908 -8.105214 -11.404572 0.747663 -5.908216 1.812350 5.844175 1.912582 -2.817091 -7.017973 2.486187 -5.256306 -5.627394 -1.388228 -7.033704 -10.632653 5.628998 3.834211 0.682688 1.211944 
-3.935967 4.030659 -8.065300 -11.130716 0.852244 -5.475621 1.526020 5.814442 1.611091 -3.085250 -6.794209 1.712021 -5.105021 -5.443884 -0.695945 -7.156082 -10.002747 5.579586 3.980270 0.614176 1.184206 
-3.658931 3.841294 -8.015494 -10.851312 0.942521 -5.063352 1.249687 5.766429 1.324593 -3.323686 -6.570562 0.997006 -4.958044 -5.266928 -0.059183 -7.253156 -9.397100 5.511959 4.104581 0.550372 1.151366 
-3.395637 3.654049 -7.955964 -10.566877 1.019242 -4.670894 0.983588 5.701307 1.052895 -3.533583 -6.347274 0.338999 -4.815085 -5.096150 0.524091 -7.325900 -8.815253 5.427402 4.208022 0.491059 1.113913 
-3.145674 3.469158 -7.886881 -10.277915 1.083139 -4.297741 0.727951 5.620223 0.795806 -3.716103 -6.124578 -0.264111 -4.675859 -4.931182 1.055882 -7.375276 -8.256747 5.327170 4.291460 0.436025 1.072324 
-2.908635 3.286847 -7.808415 -9.984918 1.134935 -3.943390 0.482990 5.524302 0.553134 -3.872390 -5.902703 -0.814401 -4.540087 -4.771662 1.538164 -7.402228 -7.721123 5.212497 4.355746 0.385064 1.027065 
-2.684119 3.107336 -7.720735 -9.688369 1.175337 -3.607343 0.248910 5.414647 0.324687 -4.003568 -5.681874 -1.313911 -4.407498 -4.617233 1.972880 -7.407685 -7.207924 5.084588 4.401718 0.337975 0.978587 
-2.471730 2.930841 -7.624013 -9.388739 1.205039 -3.289108 0.025907 5.292340 0.110273 -4.110741 -5.462308 -1.764648 -4.277825 -4.467546 2.361945 -7.392561 -6.716694 4.944626 4.430204 0.294565 0.927334 
-2.271078 2.757571 -7.518419 -9.086488 1.224721 -2.988200 -0.185838 5.158438 -0.090298 -4.194994 -5.244218 -2.168586 -4.150809 -4.322257 2.707240 -7.357752 -6.246977 4.793767 4.442016 0.254645 0.873734 
-2.081776 2.587729 -7.404125 -8.782063 1.235051 -2.704137 -0.386150 5.013977 -0.277219 -4.257392 -5.027813 -2.527663 -4.026196 -4.181031 3.010617 -7.304141 -5.798319 4.633141 4.437954 0.218030 0.818205 
-1.903444 2.421513 -7.281302 -8.475903 1.236682 -2.436445 -0.574868 4.859972 -0.450682 -4.298979 -4.813293 -2.843781 -3.903739 -4.043538 3.273900 -7.232594 -5.370268 4.463855 4.418804 0.184543 0.761152 
-1.735706 2.259114 -7.150123 -8.168434 1.230256 -2.184652 -0.751840 4.697413 -0.610878 -4.320781 -4.600856 -3.118812 -3.783196 -3.909453 3.498879 -7.143961 -4.962371 4.286990 4.385341 0.154012 0.702969 
-1.578192 2.100719 -7.010759 -7.860070 1.216399 -1.948296 -0.916924 4.527269 -0.757998 -4.323805 -4.390693 -3.354590 -3.664332 -3.778460 3.687315 -7.039077 -4.574176 4.103601 4.338325 0.126271 0.644038 
-1.430537 1.946508 -6.863385 -7.551216 1.195726 -1.726916 -1.069992 4.350487 -0.892235 -4.309036 -4.182990 -3.552916 -3.546919 -3.650248 3.840940 -6.918760 -4.205233 3.914718 4.278503 0.101158 0.584728 
-1.292379 1.796655 -6.708172 -7.242265 1.168836 -1.520059 -1.210922 4.167991 -1.013779 -4.277440 -3.977926 -3.715556 -3.430733 -3.524514 3.961454 -6.783815 -3.855094 3.721346 4.206610 0.078518 0.525398 
-1.163365 1.651329 -6.545294 -6.933598 1.136316 -1.327277 -1.339606 3.980683 -1.122823 -4.229966 -3.775678 -3.844242 -3.315560 -3.400960 4.050527 -6.635028 -3.523310 3.524466 4.123367 0.058203 0.466394 
-1.043143 1.510693 -6.374926 -6.625586 1.098741 -1.148127 -1.455947 3.789443 -1.219558 -4.167538 -3.576413 -3.940671 -3.201187 -3.279294 4.109798 -6.473172 -3.209434 3.325031 4.029483 0.040067 0.408049 
-0.931369 1.374903 -6.197241 -6.318588 1.056670 -0.982173 -1.559855 3.595128 -1.304175 -4.091067 -3.380298 -4.006507 -3.087412 -3.159233 4.140877 -6.299002 -2.913019 3.123972 3.925652 0.023973 0.350686 
-0.827703 1.244112 -6.012413 -6.012953 1.010650 -0.828981 -1.651255 3.398572 -1.376866 -4.001438 -3.187489 -4.043379 -2.974037 -3.040497 4.145342 -6.113258 -2.633621 2.922192 3.812558 0.009788 0.294615 
-0.731810 1.118465 -5.820619 -5.709017 0.961215 -0.688127 -1.730080 3.200588 -1.437823 -3.899520 -2.998141 -4.052880 -2.860869 -2.922817 4.124743 -5.916667 -2.370794 2.720571 3.690869 -0.002616 0.240134 
-0.643361 0.998101 -5.622032 -5.407107 0.908884 -0.559188 -1.796275 3.001966 -1.487237 -3.786161 -2.812402 -4.036571 -2.747724 -2.805926 4.080597 -5.709936 -2.124097 2.519961 3.561240 -0.013359 0.187531 
-0.562031 0.883154 -5.416829 -5.107538 0.854165 -0.441751 -1.849794 2.803475 -1.525299 -3.662191 -2.630413 -3.995978 -2.634422 -2.689566 4.014391 -5.493759 -1.893086 2.321193 3.424316 -0.022558 0.137078 
-0.487501 0.773753 -5.205186 -4.810613 0.797551 -0.335403 -1.890604 2.605859 -1.552202 -3.528418 -2.452311 -3.932591 -2.520790 -2.573486 3.927584 -5.268813 -1.677321 2.125069 3.280725 -0.030322 0.089040 
-0.419455 0.670020 -4.987279 -4.516624 0.739521 -0.239742 -1.918681 2.409842 -1.568135 -3.385631 -2.278230 -3.847867 -2.406662 -2.457438 3.821602 -5.035761 -1.476361 1.932367 3.131085 -0.036756 0.043667 
-0.357586 0.572071 -4.763284 -4.225853 0.680543 -0.154367 -1.934011 2.216124 -1.573292 -3.234601 -2.108293 -3.743229 -2.291877 -2.341185 3.697841 -4.795247 -1.289768 1.743840 2.975999 -0.041959 0.001197 
-0.301588 0.480017 -4.533379 -3.938571 0.621068 -0.078886 -1.936594 2.025383 -1.567863 -3.076078 -1.942623 -3.620064 -2.176280 -2.224494 3.557668 -4.547904 -1.117102 1.560216 2.816058 -0.046024 -0.038142 
-0.251163 0.393964 -4.297740 -3.655036 0.561538 -0.012910 -1.926436 1.838277 -1.552040 -2.910791 -1.781335 -3.479727 -2.059724 -2.107139 3.402418 -4.294345 -0.957927 1.382197 2.651839 -0.049039 -0.074136 
-0.206017 0.314011 -4.056547 -3.375497 0.502378 0.043944 -1.903558 1.655438 -1.526014 -2.739452 -1.624537 -3.323536 -1.942066 -1.988899 3.233397 -4.035170 -0.811806 1.210461 2.483907 -0.051086 -0.106582 
-0.165861 0.240250 -3.809976 -3.100190 0.444002 0.092053 -1.867989 1.477478 -1.489976 -2.562751 -1.472336 -3.152776 -1.823170 -1.869563 3.051880 -3.770961 -0.678305 1.045659 2.312813 -0.052241 -0.135288 
-0.130411 0.172770 -3.558206 -2.829340 0.386808 0.131789 -1.819770 1.304986 -1.444118 -2.381360 -1.324830 -2.968697 -1.702908 -1.748923 2.859111 -3.502287 -0.556989 0.888419 2.139096 -0.052575 -0.160076 
-0.099389 0.111653 -3.301417 -2.563163 0.331184 0.163518 -1.758951 1.138529 -1.388631 -2.195930 -1.182113 -2.772516 -1.581154 -1.626780 2.656304 -3.229699 -0.447424 0.739341 1.963281 -0.052153 -0.180777 
-0.072520 0.056974 -3.039787 -2.301862 0.277502 0.187601 -1.685594 0.978650 -1.323707 -2.007094 -1.044272 -2.565415 -1.457794 -1.502939 2.444644 -2.953733 -0.349179 0.599003 1.785879 -0.051034 -0.197237 
-0.049538 0.008803 -2.773495 -2.045629 0.226121 0.204395 -1.599773 0.825872 -1.249537 -1.815464 -0.911391 -2.348539 -1.332714 -1.377214 2.225283 -2.674910 -0.261823 0.467956 1.607391 -0.049273 -0.209312 
-0.030177 -0.032793 -2.502722 -1.794645 0.177388 0.214248 -1.501570 0.680695 -1.166311 -1.621632 -0.783547 -2.123003 -1.205811 -1.249423 1.999345 -2.393734 -0.184925 0.346725 1.428301 -0.046917 -0.216871 
-0.014181 -0.067758 -2.227648 -1.549080 0.131635 0.217505 -1.391078 0.543596 -1.074223 -1.426171 -0.660812 -1.889884 -1.076986 -1.119394 1.767922 -2.110695 -0.118057 0.235812 1.249083 -0.044009 -0.219793 
-0.001295 -0.096038 -1.948453 -1.309093 0.089181 0.214507 -1.268403 0.415029 -0.973462 -1.229635 -0.543252 -1.650227 -0.946146 -0.986958 1.532076 -1.826266 -0.060789 0.135691 1.070197 -0.040585 -0.217972 
0.008727 -0.117585 -1.665318 -1.074832 0.050333 0.205586 -1.133660 0.295427 -0.864220 -1.032557 -0.430929 -1.405042 -0.813206 -0.851954 1.292840 -1.540904 -0.012695 0.046814 0.892090 -0.036678 -0.211311 
0.016130 -0.132359 -1.378425 -0.846432 0.015383 0.191070 -0.986973 0.185201 -0.746688 -0.835451 -0.323899 -1.155302 -0.678085 -0.714227 1.051214 -1.255052 0.026652 -0.030395 0.715195 -0.032313 -0.199727 
0.021150 -0.140324 -1.087955 -0.624020 -0.015390 0.171283 -0.828481 0.084738 -0.621057 -0.638812 -0.222211 -0.901950 -0.540709 -0.573629 0.808170 -0.969135 0.057676 -0.095536 0.539933 -0.027510 -0.183147 
0.024021 -0.141450 -0.794090 -0.407710 -0.041720 0.146542 -0.658329 -0.005595 -0.487520 -0.443113 -0.125910 -0.645892 -0.401012 -0.430020 0.564648 -0.683563 0.080802 -0.148235 0.366711 -0.022282 -0.161511 
0.024970 -0.135714 -0.497013 -0.197604 -0.063355 0.117159 -0.476677 -0.085457 -0.346266 -0.248810 -0.035036 -0.388000 -0.258931 -0.283262 0.321559 -0.398733 0.096453 -0.188141 0.195924 -0.016640 -0.134772 
0.024220 -0.123096 -0.196906 0.006205 -0.080056 0.083440 -0.283691 -0.154526 -0.197487 -0.056338 0.050376 -0.129111 -0.114411 -0.133229 0.079783 -0.115022 0.105051 -0.214930 0.027953 -0.010586 -0.102892 
0.021988 -0.103584 0.106047 0.203636 -0.091597 0.045687 -0.079553 -0.212504 -0.041375 0.133887 0.130300 0.129971 0.032596 0.020203 -0.159831 0.167206 0.107018 -0.228304 -0.136833 -0.004117 -0.065849 
0.018487 -0.077172 0.411664 0.394620 -0.097766 0.004195 0.135550 -0.259114 0.121880 0.321470 0.204711 0.388478 0.182134 0.177149 -0.396464 0.447604 0.102773 -0.227989 -0.298080 0.002774 -0.023628 
0.013922 -0.043860 0.719761 0.579099 -0.098365 -0.040747 0.361416 -0.294103 0.292087 0.506035 0.273591 0.645674 0.334238 0.337718 -0.629328 0.725839 0.092736 -0.213736 -0.455444 0.010102 0.023770 
0.008498 -0.003651 1.030153 0.757025 -0.093207 -0.088852 0.597834 -0.317239 0.469054 0.687225 0.336928 0.900861 0.488940 0.502013 -0.857663 1.001595 0.077325 -0.185322 -0.608598 0.017885 0.076333 
0.002410 0.043443 1.342655 0.928361 -0.082121 -0.139842 0.844581 -0.328314 0.652590 0.864702 0.394716 1.153371 0.646264 0.670130 -1.080742 1.274572 0.056957 -0.142548 -0.757224 0.026149 0.134039 
-0.004149 0.097406 1.657084 1.093083 -0.064948 -0.193444 1.101427 -0.327140 0.842504 1.038151 0.446953 1.402575 0.806227 0.842159 -1.297868 1.544486 0.032048 -0.085242 -0.901021 0.034925 0.196853 
-0.010993 0.158216 1.973254 1.251177 -0.041542 -0.249388 1.368127 -0.313553 1.038605 1.207273 0.493643 1.647874 0.968841 1.018183 -1.508373 1.811066 0.003014 -0.013256 -1.039697 0.044248 0.264726 
-0.017939 0.225844 2.290980 1.402640 -0.011773 -0.307412 1.644428 -0.287411 1.240702 1.371791 0.534795 1.888707 1.134113 1.198279 -1.711620 2.074061 -0.029732 0.073533 -1.172977 0.054161 0.337601 
-0.024812 0.300257 2.610075 1.547481 0.024479 -0.367258 1.930064 -0.248595 1.448604 1.531447 0.570424 2.124545 1.302040 1.382516 -1.907003 2.333231 -0.065776 0.175221 -1.300597 0.064712 0.415405 
-0.031440 0.381415 2.930353 1.685718 0.067319 -0.428675 2.224762 -0.197006 1.662120 1.686002 0.600550 2.354895 1.472618 1.570959 -2.093947 2.588356 -0.104706 0.291882 -1.422306 0.075953 0.498057 
-0.037657 0.469272 3.251627 1.817383 0.116839 -0.491416 2.528234 -0.132571 1.881058 1.835237 0.625198 2.579297 1.645831 1.763666 -2.271905 2.839228 -0.146111 0.423561 -1.537866 0.087944 0.585461 
-0.043301 0.563778 3.573712 1.942517 0.173116 -0.555239 2.840185 -0.055236 2.105229 1.978953 0.644401 2.797327 1.821662 1.960685 -2.440363 3.085659 -0.189580 0.570280 -1.647054 0.100749 0.677511 
-0.048215 0.664875 3.896419 2.061173 0.236216 -0.619909 3.160307 0.035029 2.334440 2.116972 0.658193 3.008594 2.000085 2.162063 -2.598835 3.327472 -0.234705 0.732037 -1.749657 0.114437 0.774088 
-0.052250 0.772501 4.219560 2.173416 0.306191 -0.685196 3.488283 0.138232 2.568501 2.249133 0.666618 3.212742 2.181068 2.367836 -2.746867 3.564508 -0.281078 0.908802 -1.845477 0.129085 0.875061 
-0.055259 0.886587 4.542949 2.279320 0.383078 -0.750875 3.823783 0.254358 2.807221 2.375296 0.669723 3.409448 2.364574 2.578036 -2.884036 3.796625 -0.328290 1.100520 -1.934330 0.144775 0.980288 
-0.057100 1.007058 4.866396 2.378972 0.466903 -0.816727 4.166469 0.383371 3.050409 2.495340 0.667559 3.598427 2.550557 2.792688 -3.009947 4.023695 -0.375937 1.307114 -2.016043 0.161593 1.089615 
-0.057640 1.133835 5.189712 2.472470 0.557677 -0.882538 4.515990 0.525211 3.297874 2.609166 0.660186 3.779424 2.738969 3.011809 -3.124237 4.245606 -0.423613 1.528478 -2.090456 0.179631 1.202875 
-0.056746 1.266832 5.512709 2.559921 0.655397 -0.948099 4.871987 0.679798 3.549425 2.716692 0.647666 3.952221 2.929753 3.235412 -3.226574 4.462261 -0.470913 1.764482 -2.157424 0.198989 1.319890 
-0.054293 1.405956 5.835197 2.641447 0.760050 -1.013208 5.234088 0.847027 3.804871 2.817856 0.630070 4.116635 3.122846 3.463502 -3.316655 4.673581 -0.517435 2.014973 -2.216814 0.219769 1.440470 
-0.050160 1.551110 6.156986 2.717178 0.871605 -1.077666 5.601910 1.026772 4.064021 2.912618 0.607470 4.272515 3.318179 3.696078 -3.394208 4.879499 -0.562776 2.279769 -2.268506 0.242082 1.564413 
-0.044233 1.702192 6.477886 2.787255 0.990020 -1.141283 5.975062 1.218885 4.326685 3.000955 0.579948 4.419745 3.515678 3.933131 -3.458991 5.079968 -0.606535 2.558666 -2.312394 0.266043 1.691504 
-0.036401 1.859091 6.797707 2.851833 1.115242 -1.203870 6.353140 1.423194 4.592671 3.082864 0.547588 4.558246 3.715260 4.174649 -3.510792 5.274954 -0.648313 2.851432 -2.348383 0.291773 1.821519 
-0.026560 2.021694 7.116258 2.911075 1.247199 -1.265248 6.735731 1.639508 4.861789 3.158364 0.510481 4.687971 3.916839 4.420609 -3.549432 5.464439 -0.687709 3.157813 -2.376393 0.319397 1.954220 
-0.014607 2.189879 7.433348 2.965158 1.385811 -1.325239 7.122409 1.867609 5.133847 3.227490 0.468723 4.808906 4.120321 4.670985 -3.574760 5.648421 -0.724326 3.477528 -2.396356 0.349049 2.089355 
-0.000450 2.363519 7.748784 3.014267 1.530981 -1.383675 7.512740 2.107261 5.408656 3.290301 0.422415 4.921075 4.325607 4.925743 -3.586655 5.826915 -0.757767 3.810269 -2.408218 0.380865 2.226665 
0.016002 2.542484 8.062376 3.058601 1.682601 -1.440390 7.906277 2.358203 5.686023 3.346871 0.371665 5.024535 4.532589 5.184844 -3.585027 5.999948 -0.787635 4.155706 -2.411938 0.414990 2.365875 
0.034833 2.726634 8.373930 3.098368 1.840547 -1.495224 8.302564 2.620152 5.965760 3.397299 0.316585 5.119375 4.741156 5.448239 -3.569818 6.167568 -0.813536 4.513483 -2.407486 0.451571 2.506701 
0.056124 2.915826 8.683255 3.133789 2.004685 -1.548025 8.701133 2.892804 6.247673 3.441698 0.257292 5.205722 4.951190 5.715876 -3.540999 6.329834 -0.835075 4.883216 -2.394849 0.490765 2.648844 
0.079949 3.109911 8.990157 3.165095 2.174865 -1.598642 9.101508 3.175830 6.531574 3.480205 0.193910 5.283735 5.162566 5.987696 -3.498570 6.486824 -0.851859 5.264500 -2.374024 0.532730 2.791995 
0.106377 3.308732 9.294442 3.192529 2.350925 -1.646934 9.503198 3.468883 6.817271 3.512974 0.126567 5.353609 5.375153 6.263633 -3.442564 6.638629 -0.863496 5.656902 -2.345021 0.577633 2.935834 
0.135473 3.512130 9.595918 3.216343 2.532688 -1.692763 9.905705 3.771589 7.104573 3.540181 0.055398 5.415571 5.588813 6.543612 -3.373043 6.785357 -0.869594 6.059965 -2.307865 0.625646 3.080026 
0.167295 3.719936 9.894390 3.236803 2.719965 -1.735995 10.308520 4.083554 7.393289 3.562019 -0.019458 5.469886 5.803405 6.827556 -3.290099 6.927133 -0.869764 6.473205 -2.262592 0.676946 3.224228 
0.201898 3.931978 10.189664 3.254184 2.912553 -1.776506 10.711120 4.404362 7.683230 3.578704 -0.097857 5.516851 6.018778 7.115379 -3.193856 7.064096 -0.863617 6.896116 -2.209254 0.731714 3.368082 
0.239331 4.148078 10.481545 3.268773 3.110237 -1.814173 11.112976 4.733573 7.974204 3.590468 -0.179647 5.556796 6.234776 7.406989 -3.084467 7.196401 -0.850764 7.328163 -2.147912 0.790141 3.511219 
0.279638 4.368051 10.769837 3.280869 3.312787 -1.848881 11.513544 5.070727 8.266020 3.597565 -0.264674 5.590089 6.451239 7.702286 -2.962115 7.324219 -0.830818 7.768790 -2.078644 0.852419 3.653259 
0.322858 4.591707 11.054346 3.290781 3.519960 -1.880519 11.912273 5.415339 8.558489 3.600269 -0.352776 5.617130 6.667997 8.001166 -2.827016 7.447736 -0.803393 8.217411 -2.001538 0.918748 3.793809 
0.369024 4.818851 11.334876 3.298829 3.731499 -1.908983 12.308599 5.766903 8.851418 3.598873 -0.443787 5.638354 6.884877 8.303518 -2.679413 7.567155 -0.768104 8.673418 -1.916698 0.989335 3.932464 
0.418165 5.049280 11.611230 3.305344 3.947135 -1.934172 12.701949 6.124892 9.144619 3.593688 -0.537534 5.654230 7.101698 8.609222 -2.519581 7.682694 -0.724567 9.136178 -1.824238 1.064389 4.068808 
0.470305 5.282787 11.883212 3.310670 4.166586 -1.955994 13.091737 6.488753 9.437899 3.585047 -0.633841 5.665262 7.318274 8.918155 -2.347826 7.794586 -0.672398 9.605031 -1.724287 1.144128 4.202413 
0.525461 5.519160 12.150625 3.315160 4.389554 -1.974358 13.477368 6.857915 9.731069 3.573302 -0.732524 5.671988 7.534411 9.230185 -2.164484 7.903082 -0.611216 10.079293 -1.616988 1.228773 4.332838 
0.583648 5.758178 12.413271 3.319180 4.615729 -1.989183 13.858236 7.231781 10.023937 3.558824 -0.833395 5.674981 7.749911 9.545175 -1.969920 8.008446 -0.540640 10.558253 -1.502494 1.318552 4.459630 
0.644873 5.999618 12.670954 3.323104 4.844789 -2.000391 14.233725 7.609734 10.316314 3.542005 -0.936260 5.674848 7.964569 9.862981 -1.764532 8.110959 -0.460288 11.041178 -1.380973 1.413700 4.582326 
0.709140 6.243248 12.923475 3.327322 5.076398 -2.007909 14.603207 7.991133 10.608009 3.523255 -1.040922 5.672230 8.178172 10.183452 -1.548745 8.210917 -0.369783 11.527308 -1.252607 1.514454 4.700450 
0.776446 6.488832 13.170636 3.332230 5.310204 -2.011670 14.966045 8.375317 10.898831 3.503006 -1.147174 5.667802 8.390504 10.506430 -1.323018 8.308633 -0.268746 12.015856 -1.117590 1.621061 4.813514 
0.846785 6.736128 13.412238 3.338239 5.545845 -2.011614 15.321589 8.761600 11.188589 3.481707 -1.254807 5.662275 8.601340 10.831753 -1.087838 8.404436 -0.156799 12.506013 -0.976127 1.733769 4.921017 
0.920143 6.984888 13.648082 3.345769 5.782943 -2.007683 15.669180 9.149275 11.477093 3.459828 -1.363606 5.656393 8.810451 11.159251 -0.843724 8.498668 -0.033568 12.996942 -0.828441 1.852835 5.022448 
0.996505 7.234859 13.877970 3.355252 6.021110 -1.999829 16.008149 9.537612 11.764154 3.437859 -1.473350 5.650936 9.017600 11.488745 -0.591222 8.591689 0.101324 13.487784 -0.674763 1.978522 5.117284 
1.075847 7.485780 14.101700 3.367131 6.259941 -1.988006 16.337815 9.925860 12.049579 3.416310 -1.583812 5.646716 9.222544 11.820055 -0.330914 8.683874 0.248251 13.977651 -0.515340 2.111095 5.204988 
1.158142 7.737387 14.319073 3.381861 6.499019 -1.972174 16.657485 10.313244 12.333179 3.395708 -1.694762 5.644582 9.425036 12.152990 -0.063407 8.775615 0.407585 14.465632 -0.350431 2.250828 5.285013 
1.243357 7.989408 14.529890 3.399906 6.737914 -1.952299 16.966460 10.698968 12.614763 3.376604 -1.805962 5.645415 9.624821 12.487353 0.210659 8.867317 0.579699 14.950792 -0.180310 2.398000 5.356800 
1.331455 8.241567 14.733947 3.421744 6.976183 -1.928353 17.264024 11.082213 12.894141 3.359564 -1.917170 5.650131 9.821636 12.822943 0.490613 8.959403 0.764964 15.432167 -0.005260 2.552895 5.419777 
1.422392 8.493580 14.931046 3.447860 7.213368 -1.900312 17.549456 11.462137 13.171122 3.345178 -2.028137 5.659682 10.015216 13.159551 0.775755 9.052312 0.963749 15.908771 0.174418 2.715802 5.473361 
1.516122 8.745160 15.120984 3.478755 7.448999 -1.868159 17.822022 11.837877 13.445517 3.334052 -2.138612 5.675054 10.205286 13.496960 1.065355 9.146495 1.176425 16.379593 0.358414 2.887017 5.516956 
1.612590 8.996012 15.303559 3.514939 7.682593 -1.831881 18.080976 12.208547 13.717134 3.326815 -2.248334 5.697265 10.391567 13.834949 1.358651 9.242424 1.403359 16.843593 0.546402 3.066841 5.549956 
1.711739 9.245835 15.478570 3.556931 7.913651 -1.791471 18.325563 12.573238 13.985783 3.324113 -2.357039 5.727369 10.573773 14.173290 1.654851 9.340583 1.644918 17.299711 0.738046 3.255581 5.571742 
1.813505 9.494326 15.645813 3.605265 8.141664 -1.746929 18.555017 12.931019 14.251273 3.326612 -2.464459 5.766456 10.751612 14.511746 1.953134 9.441473 1.901469 17.746857 0.932993 3.453550 5.581682 
1.917821 9.741170 15.805085 3.660483 8.366107 -1.698258 18.768562 13.280939 14.513416 3.335000 -2.570319 5.815648 10.924786 14.850078 2.252647 9.545611 2.173376 18.183919 1.130880 3.661064 5.579134 
2.024612 9.986052 15.956184 3.723140 8.586443 -1.645468 18.965410 13.622021 14.772019 3.349982 -2.674337 5.876102 11.092990 15.188036 2.552508 9.653529 2.461004 18.609759 1.331330 3.878448 5.563443 
2.133800 10.228648 16.098906 3.793802 8.802121 -1.588573 19.144763 13.953267 15.026893 3.372284 -2.776228 5.949010 11.255914 15.525367 2.851803 9.765774 2.764716 19.023212 1.533953 4.106031 5.533942 
2.245302 10.468630 16.233047 3.873045 9.012578 -1.527594 19.305813 14.273658 15.277848 3.402652 -2.875701 6.035598 11.413241 15.861808 3.149588 9.882911 3.084873 19.423091 1.738346 4.344148 5.489953 
2.359028 10.705661 16.358402 3.961458 9.217235 -1.462556 19.447740 14.582151 15.524693 3.441850 -2.972459 6.137126 11.564647 16.197094 3.444890 10.005519 3.421838 19.808182 1.944092 4.593139 5.430785 
2.474885 10.939403 16.474767 4.059638 9.415503 -1.393492 19.569713 14.877681 15.767237 3.490664 -3.066201 6.254890 11.709804 16.530949 3.736705 10.134193 3.775969 20.177244 2.150762 4.853351 5.355736 
2.592774 11.169507 16.581937 4.168197 9.606775 -1.320438 19.670893 15.159161 16.005292 3.549897 -3.156618 6.390218 11.848376 16.863093 4.023997 10.269543 4.147627 20.529015 2.357913 5.125136 5.264091 
2.712591 11.395624 16.679707 4.287756 9.790435 -1.243436 19.750428 15.425482 16.238666 3.620374 -3.243397 6.544475 11.980022 17.193240 4.305703 10.412198 4.537169 20.862203 2.565091 5.408850 5.155124 
2.834227 11.617393 16.767869 4.418947 9.965853 -1.162533 19.807455 15.675511 16.467169 3.702939 -3.326222 6.719057 12.104393 17.521095 4.580725 10.562797 4.944952 21.175495 2.771826 5.704856 5.028097 
2.957567 11.834453 16.846220 4.562414 10.132382 -1.077783 19.841103 15.908095 16.690611 3.798455 -3.404766 6.915398 12.221136 17.846359 4.847938 10.722001 5.371333 21.467551 2.977636 6.013525 4.882260 
3.082492 12.046433 16.914551 4.718811 10.289366 -0.989244 19.850487 16.122057 16.908801 3.907805 -3.478703 7.134964 12.329890 18.168726 5.106187 10.890481 5.816666 21.737005 3.182028 6.335229 4.716850 
3.208877 12.252958 16.972657 4.888804 10.436133 -0.896980 19.834714 16.316199 17.121551 4.031892 -3.547696 7.379257 12.430289 18.487882 5.354283 11.068929 6.281306 21.982466 3.384493 6.670348 4.531094 
3.336594 12.453647 17.020329 5.073071 10.571999 -0.801061 19.792879 16.489298 17.328668 4.171639 -3.611406 7.649812 12.521960 18.803507 5.591011 11.258048 6.765606 22.202520 3.584511 7.019270 4.324207 
3.465507 12.648114 17.057362 5.272300 10.696266 -0.701561 19.724066 16.640111 17.529964 4.327988 -3.669487 7.948199 12.604524 19.115277 5.815123 11.458559 7.269918 22.395725 3.781546 7.382383 4.095389 
3.595477 12.835964 17.083546 5.487189 10.808222 -0.598561 19.627350 16.767373 17.725248 4.501900 -3.721590 8.276023 12.677597 19.422859 6.025340 11.671200 7.794592 22.560615 3.975054 7.760086 3.843833 
3.726358 13.016802 17.098673 5.718450 10.907143 -0.492147 19.501793 16.869796 17.914330 4.694357 -3.767356 8.634922 12.740786 19.725913 6.220356 11.896722 8.339980 22.695698 4.164472 8.152781 3.568715 
3.858001 13.190221 17.102535 5.966804 10.992290 -0.382409 19.346448 16.946067 18.097020 4.906361 -3.806425 9.026569 12.793695 20.024094 6.398830 12.135893 8.906429 22.799459 4.349229 8.560876 3.269203 
3.990250 13.355812 17.094923 6.232983 11.062912 -0.269445 19.160358 16.994855 18.273127 5.138933 -3.838430 9.452673 12.835920 20.317050 6.559394 12.389497 9.494289 22.870355 4.528737 8.984785 2.944450 
4.122946 13.513160 17.075628 6.517732 11.118244 -0.153356 18.942553 17.014805 18.442462 5.393112 -3.862997 9.914974 12.867051 20.604424 6.700650 12.658334 10.103906 22.906820 4.702397 9.424927 2.593601 
4.255923 13.661842 17.044440 6.821806 11.157508 -0.034250 18.692054 17.004538 18.604835 5.669959 -3.879750 10.415250 12.886672 20.885849 6.821165 12.943218 10.735627 22.907262 4.869598 9.881727 2.215785 
4.389011 13.801432 17.001148 7.145970 11.179912 0.087760 18.407870 16.962654 18.760055 5.970554 -3.888304 10.955311 12.894361 21.160954 6.919482 13.244979 11.389796 22.870062 5.029713 10.355615 1.810122 
4.522034 13.931496 16.945544 7.491003 11.184651 0.212555 18.089002 16.887732 18.907932 6.295997 -3.888271 11.537003 12.889689 21.429363 6.994109 13.564466 12.066757 22.793579 5.182104 10.847029 1.375718 
4.654812 14.051595 16.877415 7.857692 11.170907 0.340012 17.734438 16.778326 19.048277 6.647406 -3.879257 12.162204 12.872221 21.690689 7.043525 13.902539 12.766854 22.676144 5.326120 11.356410 0.911669 
4.787159 14.161286 16.796551 8.246838 11.137847 0.470001 17.343155 16.632969 19.180900 7.025922 -3.860862 12.832829 12.841517 21.944543 7.066178 14.260078 13.490429 22.516065 5.461095 11.884205 0.417057 
4.918884 14.260116 16.702740 8.659250 11.084627 0.602388 16.914120 16.450173 19.305610 7.432702 -3.832681 13.550826 12.797130 22.190527 7.060488 14.637974 14.237823 22.311623 5.586351 12.430868 -0.109047 
5.049791 14.347631 16.595771 9.095752 11.010388 0.737032 16.446291 16.228424 19.422217 7.868924 -3.794303 14.318178 12.738606 22.428236 7.024842 15.037139 15.009375 22.061074 5.701199 12.996858 -0.667582 
5.179679 14.423367 16.475432 9.557175 10.914258 0.873787 15.938613 15.966190 19.530532 8.335788 -3.745313 15.136902 12.665486 22.657262 6.957597 15.458496 15.805425 21.762651 5.804933 13.582639 -1.259503 
5.308343 14.486857 16.341509 10.044365 10.795351 1.012503 15.390022 15.661913 19.630364 8.834510 -3.685289 16.009049 12.577305 22.877186 6.857080 15.902986 16.626312 21.414559 5.896838 14.188680 -1.885772 
5.435570 14.537628 16.193791 10.558176 10.652769 1.153022 14.799441 15.314016 19.721524 9.366327 -3.613805 16.936706 12.473590 23.087586 6.721589 16.371567 17.472371 21.014979 5.976182 14.815459 -2.547367 
5.561145 14.575201 16.032063 11.099475 10.485600 1.295184 14.165785 14.920895 19.803821 9.932498 -3.530428 17.921993 12.353863 23.288031 6.549389 16.865211 18.343940 20.562067 6.042222 15.463456 -3.245276 
5.684846 14.599088 15.856113 11.669140 10.292918 1.438820 13.487957 14.480929 19.877067 10.534297 -3.434720 18.967064 12.217640 23.478085 6.338716 17.384904 19.241353 20.053952 6.094203 16.133157 -3.980500 
5.806447 14.608801 15.665726 12.268059 10.073785 1.583757 12.764850 13.992471 19.941070 11.173023 -3.326240 20.074108 12.064431 23.657306 6.087777 17.931651 20.164944 19.488742 6.131355 16.825057 -4.754050 
5.925716 14.603842 15.460689 12.897132 9.827247 1.729817 11.995345 13.453854 19.995641 11.849990 -3.204538 21.245350 11.893738 23.825244 5.794745 18.506471 21.115047 18.864514 6.152895 17.539652 -5.566951 
6.042416 14.583709 15.240786 13.557271 9.552339 1.876816 11.178313 12.863386 20.040590 12.566535 -3.069160 22.483047 11.705060 23.981443 5.457766 19.110400 22.091992 18.179325 6.158029 18.277448 -6.420238 
6.156306 14.547893 15.005803 14.249398 9.248083 2.024566 10.312616 12.219354 20.075727 13.324013 -2.919648 23.789491 11.497887 24.125440 5.074955 19.744487 23.096113 17.431204 6.145946 19.038953 -7.314960 
6.267138 14.495879 14.755524 14.974445 8.913486 2.172870 9.397102 11.520024 20.100863 14.123799 -2.755536 25.167008 11.271703 24.256768 4.644394 20.409800 24.127738 16.618154 6.115827 19.824682 -8.252177 
6.374661 14.427150 14.489734 15.733358 8.547541 2.321530 8.430612 10.763638 20.115807 14.967288 -2.576355 26.617961 11.025988 24.374951 4.164138 21.107421 25.187197 15.738157 6.066836 20.635157 -9.232960 
6.478617 14.341177 14.208217 16.527092 8.149230 2.470339 7.411973 9.948415 20.120370 15.855894 -2.381628 28.144744 10.760213 24.479506 3.632210 21.838447 26.274817 14.789164 5.998125 21.470903 -10.258393 
6.578745 14.237431 13.910755 17.356613 7.717521 2.619086 6.340004 9.072554 20.114362 16.791052 -2.170876 29.749788 10.473845 24.569946 3.046602 22.603992 27.390926 13.769105 5.908833 22.332453 -11.329572 
