-6.170168 9.014673 -4.731830 5.663949 -18.082416 -11.728431 0.343771 -15.431378 -16.494522 -10.618886 -0.869777 -9.080829 -4.605362 4.102146 -3.094922 -6.995401 0.288519 -3.326674 -8.948944 9.470841 -8.865962 
-6.621154 8.037374 -5.360069 4.903148 -18.685969 -13.363073 -0.337640 -15.664269 -16.125380 -10.766951 -1.161851 -8.791934 -4.179042 3.262677 -3.312267 -7.000376 -0.470197 -3.692559 -8.509190 7.743232 -9.819064 
-7.037156 7.106563 -5.940937 4.183151 -19.218077 -14.873951 -0.989069 -15.874056 -15.764672 -10.887984 -1.430207 -8.508933 -3.786704 2.469163 -3.517020 -6.996522 -1.186470 -4.038394 -8.093038 6.114564 -10.702629 
-7.419102 6.221185 -6.475815 3.502876 -19.681304 -16.264818 -1.610759 -16.060960 -15.411991 -10.982991 -1.675689 -8.231736 -3.426833 1.720429 -3.709317 -6.984102 -1.861241 -4.364411 -7.699568 4.582094 -11.518540 
-7.767909 5.380199 -6.966064 2.861252 -20.078171 -17.539374 -2.202959 -16.225202 -15.066938 -11.052964 -1.899133 -7.960255 -3.097938 1.015314 -3.889291 -6.963377 -2.495438 -4.670843 -7.327871 3.143111 -12.268658 
-8.084486 4.582570 -7.413032 2.257220 -20.411165 -18.701272 -2.765918 -16.367006 -14.729117 -11.098879 -2.101360 -7.694400 -2.798553 0.352671 -4.057077 -6.934600 -3.089982 -4.957926 -6.977054 1.794937 -12.954818 
-8.369731 3.827275 -7.818050 1.689735 -20.682733 -19.754115 -3.299890 -16.486592 -14.398139 -11.121697 -2.283180 -7.434085 -2.527236 -0.268633 -4.212809 -6.898027 -3.645785 -5.225893 -6.646233 0.534925 -13.578834 
-8.624529 3.113302 -8.182434 1.157762 -20.895287 -20.701457 -3.805129 -16.584185 -14.073617 -11.122363 -2.445392 -7.179224 -2.282568 -0.849717 -4.356623 -6.853905 -4.163748 -5.474978 -6.334541 -0.639539 -14.142500 
-8.849758 2.439646 -8.507483 0.660278 -21.051200 -21.546801 -4.281895 -16.660005 -13.755174 -11.101807 -2.588782 -6.929732 -2.063157 -1.391686 -4.488653 -6.802480 -4.644764 -5.705417 -6.041121 -1.731039 -14.647583 
-9.046282 1.805315 -8.794484 0.196272 -21.152805 -22.293604 -4.730448 -16.714278 -13.442437 -11.060944 -2.714126 -6.685525 -1.867632 -1.895632 -4.609035 -6.743996 -5.089715 -5.917446 -5.765129 -2.742126 -15.095831 
-9.214959 1.209324 -9.044703 -0.235253 -21.202401 -22.945270 -5.151051 -16.747226 -13.135036 -11.000673 -2.822186 -6.446520 -1.694649 -2.362632 -4.717905 -6.678691 -5.499477 -6.111299 -5.505735 -3.675319 -15.488965 
-9.356631 0.650702 -9.259395 -0.635284 -21.202248 -23.505156 -5.543973 -16.759072 -12.832609 -10.921878 -2.913714 -6.212634 -1.542885 -2.793749 -4.815399 -6.606802 -5.874913 -6.287214 -5.262122 -4.533106 -15.828689 
-9.472135 0.128484 -9.439796 -1.004797 -21.154568 -23.976569 -5.909480 -16.750041 -12.534799 -10.825426 -2.989450 -5.983786 -1.411045 -3.190033 -4.901653 -6.528560 -6.216878 -6.445428 -5.033483 -5.317943 -16.116679 
-9.562294 -0.358283 -9.587129 -1.344753 -21.061545 -24.362766 -6.247846 -16.720357 -12.241253 -10.712173 -3.050121 -5.759898 -1.297855 -3.552518 -4.976804 -6.444194 -6.526220 -6.586177 -4.819029 -6.032254 -16.354593 
-9.627922 -0.810543 -9.702599 -1.656104 -20.925326 -24.666955 -6.559346 -16.670244 -11.951627 -10.582953 -3.096445 -5.540888 -1.202066 -3.882227 -5.040988 -6.353931 -6.803774 -6.709699 -4.617978 -6.678430 -16.544061 
-9.669821 -1.229230 -9.787396 -1.939789 -20.748021 -24.892296 -6.844255 -16.599927 -11.665578 -10.438592 -3.129124 -5.326680 -1.122455 -4.180167 -5.094342 -6.257993 -7.050367 -6.816231 -4.429565 -7.258834 -16.686696 
-9.688784 -1.615266 -9.842695 -2.196733 -20.531701 -25.041899 -7.102855 -16.509631 -11.382770 -10.279894 -3.148852 -5.117196 -1.057821 -4.447331 -5.137003 -6.156598 -7.266819 -6.906013 -4.253036 -7.775792 -16.784084 
-9.685594 -1.969565 -9.869655 -2.427852 -20.278399 -25.118823 -7.335428 -16.399582 -11.102875 -10.107652 -3.156310 -4.912360 -1.006988 -4.684700 -5.169110 -6.049963 -7.453938 -6.979284 -4.087651 -8.231602 -16.837791 
-9.661023 -2.293031 -9.869420 -2.634048 -19.990113 -25.126079 -7.542260 -16.270005 -10.825567 -9.922641 -3.152166 -4.712097 -0.968805 -4.893238 -5.190799 -5.938299 -7.612523 -7.036281 -3.932682 -8.628528 -16.849359 
-9.615830 -2.586558 -9.843116 -2.816214 -19.668801 -25.066629 -7.723638 -16.121125 -10.550526 -9.725623 -3.137078 -4.516332 -0.942143 -5.073897 -5.202209 -5.821815 -7.743364 -7.077245 -3.787414 -8.968804 -16.820308 
-9.550768 -2.851029 -9.791856 -2.975226 -19.316384 -24.943385 -7.879854 -15.953170 -10.277440 -9.517344 -3.111692 -4.324994 -0.925901 -5.227616 -5.203477 -5.700716 -7.847243 -7.102417 -3.651144 -9.254631 -16.752134 
-9.466576 -3.087318 -9.716735 -3.111954 -18.934745 -24.759210 -8.011201 -15.766365 -10.005999 -9.298532 -3.076642 -4.138009 -0.918997 -5.355319 -5.194743 -5.575206 -7.924930 -7.112035 -3.523183 -9.488179 -16.646312 
-9.363985 -3.296289 -9.618835 -3.227251 -18.525729 -24.516918 -8.117975 -15.560936 -9.735901 -9.069902 -3.032548 -3.955307 -0.920378 -5.457914 -5.176145 -5.445482 -7.977190 -7.106342 -3.402855 -9.671585 -16.504294 
-9.243713 -3.478795 -9.499220 -3.321960 -18.091146 -24.219272 -8.200476 -15.337112 -9.466847 -8.832154 -2.980023 -3.776817 -0.929013 -5.536298 -5.147822 -5.311739 -8.004773 -7.085578 -3.289497 -9.806955 -16.327508 
-9.106469 -3.635681 -9.358939 -3.396913 -17.632764 -23.868988 -8.259005 -15.095118 -9.198547 -8.585972 -2.919664 -3.602470 -0.943895 -5.591353 -5.109914 -5.174170 -8.008424 -7.049986 -3.182456 -9.896363 -16.117361 
-8.952953 -3.767779 -9.199026 -3.452929 -17.152317 -23.468732 -8.293867 -14.835184 -8.930714 -8.332025 -2.852058 -3.432198 -0.964041 -5.623947 -5.062559 -5.032964 -7.988878 -6.999806 -3.081096 -9.941852 -15.875237 
-8.783852 -3.875915 -9.020498 -3.490814 -16.651500 -23.021119 -8.305369 -14.557535 -8.663065 -8.070964 -2.777780 -3.265934 -0.988495 -5.634934 -5.005897 -4.888304 -7.946860 -6.935282 -2.984791 -9.945431 -15.602497 
-8.599843 -3.960901 -8.824357 -3.511365 -16.131971 -22.528716 -8.293820 -14.262401 -8.395326 -7.803428 -2.697394 -3.103612 -1.016320 -5.625154 -4.940069 -4.740374 -7.883084 -6.856657 -2.892929 -9.909080 -15.300478 
-8.401593 -4.023542 -8.611590 -3.515364 -15.595348 -21.994041 -8.259534 -13.950010 -8.127225 -7.530040 -2.611450 -2.945166 -1.046609 -5.595434 -4.865214 -4.589352 -7.798259 -6.764173 -2.804910 -9.834745 -14.970497 
-8.189759 -4.064631 -8.383167 -3.503582 -15.043214 -21.419562 -8.202825 -13.620590 -7.858499 -7.251405 -2.520489 -2.790533 -1.078475 -5.546585 -4.781474 -4.435413 -7.693080 -6.658075 -2.720148 -9.724341 -14.613847 
-7.964988 -4.084953 -8.140044 -3.476779 -14.477113 -20.807698 -8.124011 -13.274370 -7.588887 -6.968117 -2.425039 -2.639650 -1.111058 -5.479406 -4.688988 -4.278728 -7.568236 -6.538607 -2.638069 -9.579752 -14.231798 
-7.727914 -4.085282 -7.883159 -3.435703 -13.898553 -20.160818 -8.023414 -12.911579 -7.318135 -6.680751 -2.325615 -2.492453 -1.143519 -5.394682 -4.587898 -4.119465 -7.424406 -6.406012 -2.558111 -9.402828 -13.825598 
-7.479163 -4.066381 -7.613437 -3.381087 -13.309002 -19.481243 -7.901357 -12.532446 -7.045995 -6.389867 -2.222722 -2.348882 -1.175046 -5.293182 -4.478345 -3.957791 -7.262258 -6.260537 -2.479728 -9.195389 -13.396471 
-7.219350 -4.029005 -7.331785 -3.313657 -12.709891 -18.771243 -7.758166 -12.137202 -6.772224 -6.096012 -2.116854 -2.208877 -1.204850 -5.175663 -4.360471 -3.793866 -7.082453 -6.102426 -2.402384 -8.959223 -12.945620 
-6.949078 -3.973898 -7.039095 -3.234123 -12.102615 -18.033041 -7.594169 -11.726076 -6.496584 -5.799714 -2.008490 -2.072379 -1.232167 -5.042868 -4.234416 -3.627848 -6.885642 -5.931926 -2.325555 -8.696086 -12.474225 
-6.668942 -3.901794 -6.736245 -3.143185 -11.488530 -17.268807 -7.409699 -11.299299 -6.218842 -5.501490 -1.898100 -1.939329 -1.256256 -4.895525 -4.100324 -3.459893 -6.672465 -5.749282 -2.248733 -8.407703 -11.983442 
-6.379525 -3.813417 -6.424094 -3.041530 -10.868954 -16.480665 -7.205089 -10.857100 -5.938771 -5.201838 -1.786142 -1.809670 -1.276401 -4.734349 -3.958336 -3.290151 -6.443556 -5.554741 -2.171421 -8.095764 -11.474407 
-6.081400 -3.709481 -6.103488 -2.929834 -10.245168 -15.670688 -6.980677 -10.399711 -5.656151 -4.901242 -1.673060 -1.683347 -1.291910 -4.560040 -3.808595 -3.118772 -6.199535 -5.348550 -2.093135 -7.761931 -10.948230 
-5.775129 -3.590690 -5.775257 -2.808760 -9.618415 -14.840901 -6.736803 -9.927363 -5.370764 -4.600171 -1.559290 -1.560303 -1.302116 -4.373285 -3.651243 -2.945899 -5.941018 -5.130956 -2.013404 -7.407832 -10.406002 
-5.461263 -3.457740 -5.440214 -2.678961 -8.989900 -13.993278 -6.473808 -9.440286 -5.082401 -4.299078 -1.445252 -1.440484 -1.306375 -4.174757 -3.486424 -2.771674 -5.668608 -4.902207 -1.931769 -7.035065 -9.848787 
-5.140345 -3.311313 -5.099157 -2.541075 -8.360792 -13.129745 -6.192038 -8.938713 -4.790856 -3.998400 -1.331358 -1.323838 -1.304067 -3.965115 -3.314281 -2.596235 -5.382901 -4.662552 -1.847786 -6.645194 -9.277630 
-4.812906 -3.152084 -4.752870 -2.395730 -7.732221 -12.252178 -5.891841 -8.422876 -4.495930 -3.698560 -1.218006 -1.210313 -1.294598 -3.745003 -3.134956 -2.419717 -5.084481 -4.412239 -1.761021 -6.239752 -8.693552 
-4.479465 -2.980718 -4.402118 -2.243543 -7.105279 -11.362403 -5.573568 -7.893006 -4.197427 -3.399964 -1.105583 -1.099856 -1.277396 -3.515053 -2.948595 -2.242250 -4.773925 -4.151517 -1.671054 -5.820241 -8.097551 
-4.140533 -2.797869 -4.047653 -2.085116 -6.481022 -10.462198 -5.237571 -7.349336 -3.895160 -3.103006 -0.994463 -0.992418 -1.251915 -3.275881 -2.755340 -2.063963 -4.451800 -3.880636 -1.577480 -5.388130 -7.490603 
-3.796610 -2.604181 -3.690209 -1.921042 -5.860465 -9.553292 -4.884207 -6.792098 -3.588945 -2.808060 -0.885011 -0.887949 -1.217632 -3.028091 -2.555336 -1.884979 -4.118664 -3.599845 -1.479904 -4.944858 -6.873661 
-3.448184 -2.400290 -3.330508 -1.751900 -5.244590 -8.637363 -4.513835 -6.221526 -3.278604 -2.515488 -0.777578 -0.786402 -1.174049 -2.772271 -2.348728 -1.705421 -3.775065 -3.309394 -1.377944 -4.491830 -6.247655 
-3.095734 -2.186818 -2.969252 -1.578258 -4.634338 -7.716040 -4.126816 -5.637852 -2.963964 -2.225635 -0.672503 -0.687729 -1.120692 -2.508996 -2.135660 -1.525406 -3.421542 -3.009535 -1.271232 -4.030420 -5.613493 
-2.739728 -1.964381 -2.607130 -1.400673 -4.030613 -6.790903 -3.723513 -5.041311 -2.644858 -1.938831 -0.570114 -0.591883 -1.057110 -2.238829 -1.916277 -1.345048 -3.058624 -2.700519 -1.159414 -3.561971 -4.972060 
-2.380625 -1.733583 -2.244815 -1.219688 -3.434282 -5.863484 -3.304295 -4.432135 -2.321124 -1.655391 -0.470729 -0.498820 -0.982879 -1.962315 -1.690724 -1.164458 -2.686833 -2.382596 -1.042145 -3.087792 -4.324218 
-2.018871 -1.495019 -1.882964 -1.035835 -2.846174 -4.935263 -2.869530 -3.810560 -1.992606 -1.375614 -0.374651 -0.408496 -0.897596 -1.679989 -1.459147 -0.983743 -2.306680 -2.056019 -0.919096 -2.609164 -3.670807 
-1.654902 -1.249273 -1.522217 -0.849634 -2.267080 -4.007673 -2.419590 -3.176819 -1.659154 -1.099784 -0.282173 -0.320866 -0.800884 -1.392369 -1.221692 -0.803009 -1.918666 -1.721041 -0.789951 -2.127332 -3.012644 
-1.289146 -0.996920 -1.163201 -0.661593 -1.697754 -3.082097 -1.954852 -2.531146 -1.320621 -0.828170 -0.193576 -0.235889 -0.692390 -1.099961 -0.978503 -0.622355 -1.523283 -1.377913 -0.654404 -1.643512 -2.350524 
-0.922019 -0.738525 -0.806525 -0.472208 -1.138911 -2.159867 -1.475692 -1.873778 -0.976869 -0.561025 -0.109129 -0.153524 -0.571786 -0.803256 -0.729729 -0.441880 -1.121016 -1.026890 -0.512165 -1.158888 -1.685217 
-0.553924 -0.474642 -0.452783 -0.281963 -0.591231 -1.242268 -0.982491 -1.204948 -0.627761 -0.298586 -0.029090 -0.073730 -0.438765 -0.502733 -0.475514 -0.261677 -0.712338 -0.668224 -0.362955 -0.674609 -1.017474 
-0.185259 -0.205816 -0.102555 -0.091331 -0.055354 -0.330535 -0.475633 -0.524892 -0.273170 -0.041077 0.046295 0.003533 -0.293049 -0.198853 -0.216007 -0.081837 -0.297714 -0.302170 -0.206508 -0.191797 -0.348020 
0.183595 0.067419 0.243598 0.099228 0.468117 0.574147 0.044498 0.166154 0.087029 0.211296 0.116793 0.078301 -0.134380 0.107932 0.048647 0.097552 0.122401 0.071018 -0.042572 0.288461 0.322441 
0.552261 0.344537 0.585128 0.289267 0.978616 1.470642 0.577512 0.867954 0.452954 0.458341 0.182181 0.150613 0.037474 0.417188 0.318300 0.276407 0.547561 0.451085 0.129094 0.765110 0.993227 
0.920377 0.625024 0.921504 0.478348 1.475617 2.357864 1.123018 1.580272 0.824718 0.699883 0.242250 0.220505 0.222720 0.728492 0.592805 0.454647 0.977329 0.837776 0.308716 1.237124 1.663681 
1.287589 0.908375 1.252209 0.666048 1.958628 3.234774 1.680623 2.302871 1.202427 0.935759 0.296799 0.288012 0.421542 1.041438 0.872014 0.632195 1.411278 1.230836 0.496510 1.703512 2.333167 
1.653556 1.194095 1.576744 0.851955 2.427198 4.100385 2.249929 3.035516 1.586185 1.165825 0.345643 0.353169 0.634100 1.355631 1.155778 0.808977 1.848989 1.630008 0.692675 2.163313 3.001071 
2.017945 1.481700 1.894625 1.035667 2.880911 4.953759 2.830536 3.777968 1.976087 1.389950 0.388607 0.416009 0.860529 1.670691 1.443951 0.984922 2.290054 2.035036 0.897402 2.615597 3.666804 
2.380434 1.770714 2.205382 1.216797 3.319391 5.794005 3.422044 4.529990 2.372224 1.608020 0.425526 0.476563 1.100941 1.986253 1.736383 1.159964 2.734073 2.445663 1.110866 3.059470 4.329798 
2.740712 2.060672 2.508564 1.394968 3.742298 6.620284 4.024046 5.291345 2.774683 1.819935 0.456249 0.534864 1.355422 2.301964 2.032925 1.334038 3.180656 2.861632 1.333230 3.494064 4.989507 
3.098479 2.351120 2.803731 1.569816 4.149329 7.431805 4.636136 6.061795 3.183543 2.025611 0.480637 0.590942 1.624034 2.617487 2.333430 1.507084 3.629422 3.282685 1.564644 3.918547 5.645409 
3.453444 2.641613 3.090464 1.740988 4.540222 8.227827 5.257903 6.841102 3.598880 2.224980 0.498561 0.644826 1.906817 2.932497 2.637747 1.679046 4.079999 3.708564 1.805246 4.332118 6.297005 
3.805328 2.931715 3.368355 1.908143 4.914750 9.007658 5.888934 7.629028 4.020762 2.417989 0.509905 0.696544 2.203785 3.246685 2.945727 1.849869 4.532025 4.139011 2.055159 4.734006 6.943817 
4.153860 3.221001 3.637015 2.070954 5.272723 9.770655 6.528814 8.425333 4.449254 2.604599 0.514565 0.746124 2.514928 3.559754 3.257220 2.019504 4.985147 4.573766 2.314496 5.123474 7.585392 
4.498784 3.509057 3.896069 2.229103 5.613990 10.516225 7.177123 9.229779 4.884414 2.784788 0.512447 0.793592 2.840212 3.871423 3.572077 2.187903 5.439021 5.012571 2.583355 5.499816 8.221297 
4.839849 3.795477 4.145158 2.382285 5.938438 11.243823 7.833441 10.042127 5.326295 2.958549 0.503471 0.838973 3.179578 4.181422 3.890147 2.355024 5.893312 5.455166 2.861822 5.862357 8.851123 
5.176818 4.079867 4.383938 2.530209 6.245992 11.952957 8.497344 10.862136 5.774945 3.125891 0.487567 0.882292 3.532944 4.489498 4.211280 2.520825 6.347697 5.901290 3.149970 6.210456 9.474485 
5.509464 4.361840 4.612084 2.672594 6.536612 12.643179 9.168406 11.689569 6.230405 3.286836 0.464678 0.923572 3.900203 4.795410 4.535325 2.685271 6.801858 6.350684 3.447860 6.543500 10.091017 
5.837570 4.641022 4.829282 2.809169 6.810298 13.314094 9.846196 12.524183 6.692714 3.441425 0.434758 0.962836 4.281225 5.098932 4.862132 2.848327 7.255489 6.803085 3.755540 6.860913 10.700380 
6.160929 4.917048 5.035236 2.939680 7.067088 13.965355 10.530283 13.365740 7.161901 3.589711 0.397773 1.000104 4.675854 5.399851 5.191548 3.009964 7.708294 7.258233 4.073042 7.162147 11.302255 
6.479345 5.189562 5.229666 3.063881 7.307056 14.596665 11.220233 14.213998 7.637994 3.731765 0.353700 1.035398 5.083912 5.697969 5.523423 3.170156 8.159983 7.715866 4.400391 7.446685 11.896346 
6.792633 5.458218 5.412308 3.181539 7.530314 15.207777 11.915608 15.068716 8.121012 3.867671 0.302530 1.068736 5.505194 5.993102 5.857605 3.328879 8.610279 8.175722 4.737593 7.714047 12.482380 
7.100617 5.722683 5.582912 3.292433 7.737013 15.798491 12.615967 15.929655 8.610970 3.997530 0.244263 1.100137 5.939473 6.285078 6.193942 3.486112 9.058912 8.637539 5.084646 7.963779 13.060107 
7.403133 5.982630 5.741244 3.396355 7.927339 16.368659 13.320868 16.796571 9.107879 4.121458 0.178913 1.129618 6.386497 6.573741 6.532282 3.641841 9.505622 9.101052 5.441533 8.195461 13.629299 
7.700027 6.237744 5.887088 3.493107 8.101520 16.918180 14.029866 17.669223 9.611742 4.239587 0.106504 1.157196 6.845990 6.858949 6.872472 3.796051 9.950159 9.565999 5.808224 8.408707 14.189751 
7.991155 6.487719 6.020240 3.582504 8.259816 17.447003 14.742512 18.547370 10.122557 4.352063 0.027074 1.182886 7.317652 7.140572 7.214360 3.948732 10.392280 10.032117 6.184676 8.603160 14.741281 
8.276383 6.732260 6.140516 3.664374 8.402530 17.955129 15.458354 19.430770 10.640319 4.459049 -0.059331 1.206702 7.801158 7.418496 7.557793 4.099880 10.831754 10.499140 6.570835 8.778496 15.283728 
8.555590 6.971082 6.247743 3.738555 8.529999 18.442603 16.176940 20.319179 11.165016 4.560721 -0.152649 1.228658 8.296160 7.692620 7.902617 4.249489 11.268359 10.966804 6.966632 8.934421 15.816956 
8.828662 7.203909 6.341768 3.804898 8.642600 18.909525 16.897813 21.212355 11.696628 4.657273 -0.252809 1.248767 8.802284 7.962857 8.248679 4.397562 11.701880 11.434844 7.371986 9.070677 16.340851 
9.095498 7.430476 6.422450 3.863266 8.740746 19.356041 17.620514 22.110055 12.235135 4.748913 -0.359727 1.267039 9.319133 8.229134 8.595826 4.544101 12.132113 11.902995 7.786804 9.187033 16.855321 
9.356007 7.650526 6.489667 3.913534 8.824888 19.782347 18.344580 23.012036 12.780506 4.835864 -0.473308 1.283485 9.846287 8.491392 8.943904 4.689113 12.558863 12.370991 8.210979 9.283292 17.360296 
9.610107 7.863816 6.543310 3.955589 8.895516 20.188688 19.069548 23.918053 13.332709 4.918366 -0.593445 1.298114 10.383300 8.749585 9.292757 4.832610 12.981946 12.838565 8.644391 9.359290 17.855730 
9.857728 8.070107 6.583287 3.989329 8.953155 20.575359 19.794949 24.827864 13.891704 4.996673 -0.720019 1.310936 10.929702 9.003684 9.642233 4.974605 13.401183 13.305451 9.086909 9.414894 18.341600 
10.098811 8.269176 6.609521 4.014665 8.998370 20.942704 20.520315 25.741224 14.457446 5.071055 -0.852899 1.321956 11.484999 9.253671 9.992176 5.115115 13.816409 13.771381 9.538387 9.450000 18.817905 
10.333305 8.460807 6.621953 4.031520 9.031763 21.291117 21.245172 26.657889 15.029885 5.141797 -0.991942 1.331183 12.048673 9.499542 10.342431 5.254161 14.227466 14.236089 9.998666 9.464541 19.284665 
10.561172 8.644793 6.620536 4.039829 9.053974 21.621041 21.969045 27.577613 15.608966 5.209199 -1.136995 1.338620 12.620182 9.741308 10.692844 5.391767 14.634206 14.699306 10.467577 9.458477 19.741926 
10.782383 8.820939 6.605241 4.039537 9.065680 21.932967 22.691455 28.500153 16.194627 5.273578 -1.287892 1.344274 13.198959 9.978994 11.043258 5.527960 15.036488 15.160764 10.944936 9.431803 20.189755 
10.996920 8.989060 6.576055 4.030604 9.067595 22.227438 23.411923 29.425263 16.786803 5.335265 -1.444455 1.348146 13.784414 10.212638 11.393519 5.662772 15.434184 15.620194 11.430546 9.384544 20.628240 
11.204775 9.148979 6.532979 4.013000 9.060472 22.505043 24.129964 30.352697 17.385421 5.394606 -1.606494 1.350239 14.375931 10.442293 11.743469 5.796235 15.827173 16.077327 11.924198 9.316758 21.057495 
11.405952 9.300531 6.476031 3.986708 9.045102 22.766424 24.845091 31.282209 17.990403 5.451963 -1.773809 1.350556 14.972872 10.668026 12.092954 5.928388 16.215344 16.531894 12.425669 9.228534 21.477654 
11.600463 9.443559 6.405244 3.951721 9.022311 23.012269 25.556817 32.213554 18.601668 5.507714 -1.946186 1.349096 15.574573 10.889917 12.441816 6.059272 16.598594 16.983624 12.934725 9.119994 21.888874 
11.788332 9.577918 6.320667 3.908048 8.992966 23.243318 26.264649 33.146485 19.219126 5.562253 -2.123400 1.345859 16.180348 11.108061 12.789899 6.188930 16.976832 17.432247 13.451118 8.991289 22.291337 
11.969593 9.703472 6.222366 3.855705 8.957970 23.460358 26.968093 34.080756 19.842685 5.615986 -2.305216 1.340843 16.789483 11.322565 13.137046 6.317411 17.349973 17.877493 13.974587 8.842606 22.685244 
12.144292 9.820095 6.110419 3.794723 8.918264 23.664228 27.666652 35.016120 20.472245 5.669337 -2.491384 1.334046 17.401243 11.533553 13.483100 6.444765 17.717945 18.319089 14.504859 8.674159 23.070823 
12.312483 9.927671 5.984923 3.725146 8.874825 23.855813 28.359825 35.952329 21.107702 5.722747 -2.681645 1.325464 18.014869 11.741160 13.827903 6.571047 18.080682 18.756766 15.041647 8.486199 23.448320 
12.474232 10.026094 5.845991 3.647026 8.828670 24.036051 29.047111 36.889137 21.748946 5.776668 -2.875728 1.315093 18.629575 11.945536 14.171298 6.696314 18.438128 19.190249 15.584652 8.279005 23.818006 
12.629615 10.115268 5.693748 3.560430 8.780853 24.205926 29.728004 37.826295 22.395861 5.831571 -3.073347 1.302928 19.244554 12.146846 14.513126 6.820628 18.790239 19.619268 16.133563 8.052888 24.180177 
12.778719 10.195107 5.528339 3.465436 8.732465 24.366474 30.401996 38.763555 23.048327 5.887940 -3.274209 1.288961 19.858973 12.345269 14.853231 6.944053 19.136976 20.043549 16.688054 7.808194 24.535147 
12.921640 10.265535 5.349923 3.362135 8.684636 24.518779 31.068576 39.700671 23.706217 5.946277 -3.478006 1.273185 20.471974 12.540995 15.191452 7.066657 19.478313 20.462818 17.247787 7.545296 24.883255 
13.058486 10.326485 5.158673 3.250629 8.638531 24.663974 31.727231 40.637392 24.369400 6.007097 -3.684419 1.255592 21.082676 12.734231 15.527632 7.188511 19.814231 20.876803 17.812412 7.264604 25.224864 
13.189376 10.377902 4.954779 3.131031 8.595355 24.803242 32.377445 41.573470 25.037740 6.070932 -3.893118 1.236172 21.690175 12.925197 15.861612 7.309690 20.144721 21.285230 18.381566 6.966556 25.560357 
13.314437 10.419739 4.738449 3.003468 8.556351 24.937815 33.018698 42.508656 25.711092 6.138328 -4.103761 1.214914 22.293541 13.114126 16.193233 7.430271 20.469785 21.687822 18.954872 6.651623 25.890141 
13.433808 10.451961 4.509902 2.868078 8.522798 25.068976 33.650470 43.442701 26.389310 6.209846 -4.315992 1.191808 22.891820 13.301268 16.522334 7.550336 20.789431 22.084307 19.531942 6.320308 26.214647 
13.547639 10.474540 4.269377 2.725011 8.496013 25.198055 34.272236 44.375355 27.072239 6.286066 -4.529447 1.166841 23.484034 13.486883 16.848757 7.669971 21.103678 22.474408 20.112374 5.973146 26.534325 
13.656090 10.487460 4.017127 2.574429 8.477352 25.326431 34.883469 45.306369 27.759722 6.367578 -4.743748 1.139999 24.069181 13.671247 17.172341 7.789262 21.412555 22.857850 20.695752 5.610703 26.849652 
13.759331 10.490716 3.753419 2.416506 8.468206 25.455535 35.483640 46.235492 28.451593 6.454992 -4.958505 1.111268 24.646235 13.854650 17.492927 7.908302 21.716100 23.234357 21.281649 5.233578 27.161125 
13.857542 10.484311 3.478538 2.251427 8.470007 25.586846 36.072215 47.162473 29.147684 6.548931 -5.173317 1.080632 25.214145 14.037396 17.810353 8.027185 22.014360 23.603652 21.869625 4.842401 27.469264 
13.950915 10.468258 3.192785 2.079391 8.484222 25.721892 36.648660 48.087063 29.847819 6.650034 -5.387771 1.048075 25.771836 14.219801 18.124460 8.146009 22.307390 23.965458 22.459227 4.437833 27.774611 
14.039652 10.442581 2.896474 1.900607 8.512356 25.862250 37.212437 49.009010 30.551818 6.758956 -5.601443 1.013579 26.318211 14.402199 18.435087 8.264876 22.595256 24.319497 23.049988 4.020569 28.077733 
14.123964 10.407314 2.589937 1.715297 8.555954 26.009548 37.763005 49.928063 31.259494 6.876365 -5.813897 0.977126 26.852144 14.584934 18.742071 8.383892 22.878033 24.665493 23.641430 3.591333 28.379218 
14.204075 10.362501 2.273521 1.523695 8.616596 26.165461 38.299822 50.843970 31.970656 7.002948 -6.024683 0.938697 27.372490 14.768365 19.045252 8.503164 23.155805 25.003166 24.233060 3.150885 28.679677 
14.280217 10.308194 1.947590 1.326047 8.695900 26.331716 38.822340 51.756480 32.685107 7.139403 -6.233342 0.898271 27.878077 14.952866 19.344469 8.622804 23.428666 25.332239 24.824375 2.700012 28.979743 
14.352634 10.244457 1.612520 1.122610 8.795523 26.510087 39.330012 52.665340 33.402646 7.286449 -6.439402 0.855826 28.367708 15.138825 19.639559 8.742927 23.696718 25.652432 25.414857 2.239535 29.280072 
14.421581 10.171364 1.268707 0.913653 8.917158 26.702398 39.822286 53.570299 34.123064 7.444815 -6.642381 0.811340 28.840165 15.326643 19.930359 8.863652 23.960074 25.963466 26.003975 1.770308 29.581344 
14.487320 10.088998 0.916559 0.699460 9.062538 26.910524 40.298608 54.471104 34.846148 7.615248 -6.841782 0.764790 29.294203 15.516734 20.216709 8.985100 24.218854 26.265061 26.591187 1.293215 29.884260 
14.550129 9.997452 0.556504 0.480322 9.233431 27.136386 40.758420 55.367501 35.571680 7.798510 -7.037098 0.716152 29.728553 15.709528 20.498445 9.107397 24.473189 26.556937 27.175936 0.809173 30.189544 
14.610291 9.896830 0.188980 0.256546 9.431644 27.381958 41.201164 56.259238 36.299436 7.995378 -7.227811 0.665399 30.141923 15.905469 20.775403 9.230672 24.723220 26.838813 27.757654 0.319130 30.497944 
14.668103 9.787246 -0.185553 0.028450 9.659022 27.649261 41.626277 57.146061 37.029185 8.206647 -7.413391 0.612506 30.532997 16.105013 21.047422 9.355056 24.969095 27.110408 28.335759 -0.175934 30.810228 
14.723871 9.668821 -0.566625 -0.203638 9.917446 27.940366 42.033194 58.027718 37.760694 8.433122 -7.593294 0.557445 30.900433 16.308631 21.314337 9.480684 25.210973 27.371440 28.909657 -0.675008 31.127189 
14.777912 9.541691 -0.953746 -0.439377 10.208837 28.257393 42.421348 58.903952 38.493722 8.675628 -7.766967 0.500187 31.242867 16.516809 21.575986 9.607696 25.449022 27.621628 29.478740 -1.177046 31.449643 
14.830553 9.405997 -1.346413 -0.678411 10.535152 28.602513 42.790168 59.774511 39.228024 8.935004 -7.933845 0.440704 31.558908 16.730044 21.832203 9.736233 25.683419 27.860690 30.042388 -1.680975 31.778425 
14.882133 9.261894 -1.744107 -0.920377 10.898387 28.977943 43.139080 60.639141 39.963347 9.212105 -8.093349 0.378964 31.847144 16.948851 22.082825 9.866441 25.914351 28.088343 30.599968 -2.185686 32.114398 
14.932998 9.109544 -2.146292 -1.164897 11.300573 29.385953 43.467510 61.497585 40.699436 9.507799 -8.244890 0.314937 32.106137 17.173756 22.327688 9.998469 26.142013 28.304303 31.150835 -2.690040 32.458443 
14.983509 8.949121 -2.552417 -1.411581 11.743782 29.828859 43.774878 62.349589 41.436029 9.822971 -8.387868 0.248590 32.334425 17.405300 22.566626 10.132469 26.366610 28.508287 31.694330 -3.192867 32.811467 
15.034034 8.780807 -2.961915 -1.660029 12.230121 30.309030 44.060603 63.194899 42.172857 10.158523 -8.521668 0.179889 32.530522 17.644037 22.799476 10.268596 26.588356 28.700012 32.229781 -3.692963 33.174397 
15.084952 8.604796 -3.374204 -1.909827 12.761736 30.828881 44.324101 64.033257 42.909649 10.515370 -8.645668 0.108801 32.692917 17.890536 23.026071 10.407010 26.807476 28.879192 32.756504 -4.189094 33.548185 
15.136655 8.421290 -3.788687 -2.160550 13.340811 31.390878 44.564786 64.864409 43.646126 10.894443 -8.759229 0.035290 32.820075 18.145380 23.246247 10.547873 27.024202 29.045544 33.273802 -4.679994 33.933804 
15.189541 8.230503 -4.204749 -2.411761 13.969566 31.997536 44.782068 65.688098 44.382003 11.296689 -8.861705 -0.040681 32.910439 18.409165 23.459838 10.691351 27.238777 29.198782 33.780964 -5.164364 34.332249 
15.244023 8.032659 -4.621761 -2.663010 14.650261 32.651420 44.975354 66.504068 45.116993 11.723070 -8.952435 -0.119149 32.962426 18.682502 23.666677 10.837611 27.451451 29.338620 34.277269 -5.640875 34.744542 
15.300522 7.827988 -5.039078 -2.913838 15.385191 33.355143 45.144051 67.312062 45.850799 12.174562 -9.030748 -0.200152 32.974427 18.966015 23.866599 10.986829 27.662486 29.464772 34.761980 -6.108164 35.171721 
15.359470 7.616736 -5.456040 -3.163769 16.176691 34.111368 45.287561 68.111823 46.583123 12.652160 -9.095960 -0.283729 32.944812 19.260343 24.059438 11.139177 27.872153 29.576952 35.234349 -6.564837 35.614853 
15.421309 7.399154 -5.871969 -3.412321 17.027132 34.922808 45.405282 68.903094 47.313659 13.156870 -9.147376 -0.369922 32.871925 19.566138 24.245026 11.294838 28.080730 29.674874 35.693614 -7.009470 36.075024 
15.486492 7.175506 -6.286174 -3.658995 17.938923 35.792224 45.496613 69.685618 48.042095 13.689716 -9.184289 -0.458771 32.754087 19.884066 24.423197 11.453991 28.288506 29.758250 36.139002 -7.440604 36.553343 
15.555483 6.946064 -6.697947 -3.903282 18.914512 36.722427 45.560947 70.459136 48.768116 14.251737 -9.205980 -0.550318 32.589594 20.214808 24.593784 11.616825 28.495779 29.826792 36.569725 -7.856752 37.050943 
15.628755 6.711111 -7.106564 -4.144663 19.956384 37.716278 45.597677 71.223391 49.491399 14.843988 -9.211719 -0.644607 32.376717 20.559058 24.756619 11.783527 28.702857 29.880213 36.984983 -8.256391 37.568978 
15.706793 6.470940 -7.511286 -4.382603 21.067060 38.776687 45.606190 71.978124 50.211617 15.467537 -9.200764 -0.741683 32.113704 20.917524 24.911534 11.954291 28.910056 29.918223 37.383964 -8.637970 38.108626 
15.790091 6.225854 -7.911358 -4.616559 22.249100 39.906612 45.585874 72.723077 50.928439 16.123471 -9.172361 -0.841590 31.798779 21.290928 25.058363 12.129313 29.117703 29.940535 37.765842 -8.999903 38.671088 
15.879155 5.976165 -8.306011 -4.845973 23.505102 41.109063 45.536111 73.457990 51.641525 16.812889 -9.125744 -0.944376 31.430140 21.680006 25.196936 12.308792 29.326132 29.946859 38.129779 -9.340575 39.257586 
15.974500 5.722196 -8.694456 -5.070276 24.837701 42.387096 45.456283 74.182605 52.350532 17.536907 -9.060135 -1.050086 31.005964 22.085508 25.327085 12.492931 29.535688 29.936904 38.474923 -9.658336 39.869366 
16.076652 5.464280 -9.075894 -5.288889 26.249570 43.743819 45.345767 74.896663 53.055111 18.296656 -8.974745 -1.158771 30.524400 22.508199 25.448642 12.681936 29.746726 29.910382 38.800411 -9.951507 40.507697 
16.186149 5.202760 -9.449505 -5.501217 27.743420 45.182388 45.203938 75.599903 53.754908 19.093283 -8.868773 -1.270478 29.983576 22.948855 25.561438 12.876017 29.959607 29.867001 39.105366 -10.218377 41.173868 
16.303537 4.937987 -9.814456 -5.706657 29.321999 46.706010 45.030170 76.292066 54.449563 19.927949 -8.741407 -1.385258 29.381594 23.408269 25.665303 13.075387 30.174705 29.806471 39.388898 -10.457201 41.869193 
16.429373 4.670325 -10.169900 -5.904592 30.988093 48.317938 44.823832 76.972891 55.138710 20.801833 -8.591821 -1.503163 28.716532 23.887247 25.760068 13.280262 30.392402 29.728501 39.650104 -10.666205 42.595010 
16.564226 4.400147 -10.514970 -6.094394 32.744524 50.021478 44.584291 77.642118 55.821980 21.716125 -8.419180 -1.624245 27.986444 24.386608 25.845564 13.490862 30.613088 29.632798 39.888068 -10.843580 43.352676 
16.708675 4.127834 -10.848787 -6.275421 34.594155 51.819984 44.310912 78.299486 56.498995 22.672036 -8.222636 -1.748557 27.189360 24.907187 25.921621 13.707409 30.837164 29.519071 40.101864 -10.987488 44.143573 
16.863307 3.853779 -11.170454 -6.447022 36.539884 53.716858 44.003056 78.944735 57.169375 23.670788 -8.001327 -1.876153 26.323286 25.449830 25.988068 13.930131 31.065039 29.387026 40.290549 -11.096058 44.969106 
17.028723 3.578384 -11.479060 -6.608531 38.584648 55.715554 43.660083 79.577602 57.832732 24.713619 -7.754384 -2.007090 25.386204 26.015399 26.044736 14.159256 31.297133 29.236372 40.453170 -11.167388 45.830701 
