-9.279995 2.478911 0.221219 -6.011849 -0.679442 -11.871440 -3.336110 -4.005312 -3.304423 -0.688933 5.863632 -2.902600 3.822416 9.029278 -5.775726 -2.155253 5.305796 10.761422 6.556185 -0.636367 3.202417 1.534082 -2.879744 0.797784 -6.508107 -3.811176 2.608386 -2.831280 
-9.106296 2.318000 0.351490 -5.885421 -0.790480 -10.567207 -3.104268 -3.274853 -3.220526 -0.753032 5.310513 -2.669046 3.051615 8.469543 -5.719022 -2.036127 5.410253 10.110768 5.687197 -0.649156 2.698606 1.443979 -3.315408 0.510232 -6.720478 -3.250418 2.320066 -2.793480 
-8.929241 2.161774 0.472358 -5.763921 -0.892684 -9.340233 -2.885756 -2.588705 -3.141433 -0.812442 4.786222 -2.450991 2.325114 7.926927 -5.658740 -1.920991 5.499044 9.489909 4.872065 -0.659451 2.223304 1.354477 -3.719570 0.240770 -6.906822 -2.727748 2.044349 -2.751590 
-8.749088 2.010238 0.584127 -5.647049 -0.986351 -8.187970 -2.680093 -1.945516 -3.066838 -0.867278 4.289925 -2.247818 1.641671 7.401322 -5.594986 -1.809779 5.572736 8.897954 4.108984 -0.667347 1.775706 1.265722 -4.093118 -0.011145 -7.068089 -2.241779 1.781010 -2.705892 
-8.566091 1.863392 0.687096 -5.534509 -1.071772 -7.107905 -2.486806 -1.343951 -2.996441 -0.917659 3.820798 -2.058919 1.000061 6.892619 -5.527864 -1.702426 5.631884 8.334026 3.396173 -0.672938 1.355016 1.177856 -4.436929 -0.246045 -7.205217 -1.791141 1.529824 -2.656659 
-8.380499 1.721239 0.781562 -5.426011 -1.149235 -6.097562 -2.305426 -0.782694 -2.929948 -0.963699 3.378030 -1.883695 0.399074 6.400705 -5.457480 -1.598870 5.677038 7.797258 2.731879 -0.676319 0.960447 1.091017 -4.751870 -0.464459 -7.319129 -1.374488 1.290568 -2.604159 
-8.192555 1.583777 0.867814 -5.321268 -1.219025 -5.154498 -2.135493 -0.260444 -2.867074 -1.005511 2.960819 -1.721558 -0.162485 5.925467 -5.383938 -1.499046 5.708739 7.286795 2.114374 -0.677583 0.591225 1.005341 -5.038797 -0.666907 -7.410735 -0.990491 1.063020 -2.548654 
-8.002499 1.451002 0.946140 -5.219999 -1.281420 -4.276310 -1.976552 0.224079 -2.807538 -1.043209 2.568374 -1.571927 -0.685793 5.466786 -5.307340 -1.402891 5.727521 6.801796 1.541955 -0.676822 0.246582 0.920958 -5.298557 -0.853901 -7.480933 -0.637846 0.846960 -2.490399 
-7.810564 1.322908 1.016822 -5.121925 -1.336694 -3.460626 -1.828155 0.672142 -2.751065 -1.076906 2.199916 -1.434231 -1.172012 5.024542 -5.227790 -1.310343 5.733907 6.341431 1.012945 -0.674131 -0.074235 0.837994 -5.531986 -1.025948 -7.530605 -0.315265 0.642168 -2.429645 
-7.616981 1.199488 1.080139 -5.026773 -1.385119 -2.705113 -1.689861 1.084989 -2.697389 -1.106712 1.854675 -1.307909 -1.622287 4.598612 -5.145389 -1.221340 5.728415 5.904882 0.525693 -0.669600 -0.371975 0.756573 -5.739910 -1.183546 -7.560620 -0.021484 0.448426 -2.366634 
-7.421974 1.080731 1.136365 -4.934274 -1.426960 -2.007473 -1.561237 1.463852 -2.646249 -1.132736 1.531893 -1.192408 -2.037747 4.188870 -5.060241 -1.135820 5.711555 5.491344 0.078575 -0.663322 -0.647373 0.676814 -5.923146 -1.327188 -7.571832 0.244742 0.265520 -2.301605 
-7.225762 0.966626 1.185771 -4.844163 -1.462479 -1.365443 -1.441853 1.809942 -2.597389 -1.155089 1.230823 -1.087186 -2.419507 3.795188 -4.972446 -1.053722 5.683827 5.100022 -0.330010 -0.655387 -0.901156 0.598831 -6.082497 -1.457357 -7.565085 0.484637 0.093233 -2.234788 
-7.028562 0.857158 1.228622 -4.756179 -1.491933 -0.776796 -1.331290 2.124453 -2.550562 -1.173877 0.950727 -0.991709 -2.768662 3.417436 -4.882104 -0.974985 5.645724 4.730137 -0.701635 -0.645886 -1.134039 0.522736 -6.218761 -1.574533 -7.541206 0.699404 -0.068647 -2.166409 
-6.830584 0.752311 1.265180 -4.670066 -1.515575 -0.239341 -1.229133 2.408563 -2.505526 -1.189209 0.690879 -0.905453 -3.086296 3.055479 -4.789315 -0.899549 5.597731 4.380919 -1.037849 -0.634910 -1.346729 0.448637 -6.332721 -1.679184 -7.501009 0.890225 -0.220334 -2.096688 
-6.632033 0.652067 1.295702 -4.585572 -1.533653 0.249077 -1.134974 2.663429 -2.462046 -1.201189 0.450565 -0.827902 -3.373472 2.709181 -4.694180 -0.827355 5.540325 4.051611 -1.340173 -0.622549 -1.539923 0.376636 -6.425152 -1.771775 -7.445295 1.058264 -0.362037 -2.025837 
-6.433109 0.556404 1.320443 -4.502450 -1.546413 0.690578 -1.048411 2.890195 -2.419894 -1.209922 0.229078 -0.758552 -3.631240 2.378403 -4.596796 -0.758343 5.473975 3.741468 -1.610103 -0.608892 -1.714307 0.306833 -6.496820 -1.852761 -7.374851 1.204660 -0.493966 -1.954064 
-6.234010 0.465301 1.339651 -4.420456 -1.554093 1.087246 -0.969051 3.089985 -2.378845 -1.215513 0.025727 -0.696905 -3.860633 2.063004 -4.497263 -0.692455 5.399142 3.449759 -1.849112 -0.594027 -1.870559 0.239325 -6.548477 -1.922593 -7.290450 1.330536 -0.616329 -1.881571 
-6.034926 0.378733 1.353570 -4.339351 -1.556930 1.441129 -0.896506 3.263905 -2.338686 -1.218065 -0.160173 -0.642474 -4.062668 1.762838 -4.395677 -0.629632 5.316279 3.175762 -2.058643 -0.578044 -2.009344 0.174201 -6.580869 -1.981712 -7.192851 1.436990 -0.729332 -1.808551 
-5.836044 0.296672 1.362443 -4.258901 -1.555154 1.754240 -0.830394 3.413045 -2.299206 -1.217678 -0.329294 -0.594781 -4.238345 1.477760 -4.292137 -0.569817 5.225831 2.918769 -2.240116 -0.561030 -2.131320 0.111552 -6.594729 -2.030553 -7.082801 1.525103 -0.833182 -1.735195 
-5.637546 0.219090 1.366506 -4.178875 -1.548992 2.028554 -0.770341 3.538476 -2.260202 -1.214454 -0.482297 -0.553358 -4.388650 1.207618 -4.186738 -0.512952 5.128234 2.678085 -2.394924 -0.543073 -2.237135 0.051459 -6.590781 -2.069544 -6.961031 1.595934 -0.928080 -1.661684 
-5.439608 0.145955 1.365990 -4.099047 -1.538667 2.266014 -0.715980 3.641253 -2.221477 -1.208492 -0.619833 -0.517745 -4.514551 0.952262 -4.079577 -0.458982 5.023917 2.453026 -2.524436 -0.524260 -2.327424 -0.005996 -6.569737 -2.099106 -6.828260 1.650520 -1.014231 -1.588196 
-5.242402 0.077236 1.361125 -4.019195 -1.524396 2.468523 -0.666949 3.722412 -2.182842 -1.199892 -0.742542 -0.487493 -4.617001 0.711534 -3.970749 -0.407849 4.913303 2.242919 -2.629992 -0.504678 -2.402815 -0.060737 -6.532301 -2.119654 -6.685193 1.689880 -1.091835 -1.514903 
-5.046097 0.012895 1.352135 -3.939103 -1.506394 2.637953 -0.622893 3.782973 -2.144113 -1.188750 -0.851053 -0.462160 -4.696936 0.485279 -3.860349 -0.359497 4.796802 2.047106 -2.712910 -0.484412 -2.463925 -0.112693 -6.479167 -2.131592 -6.532521 1.715010 -1.161092 -1.441967 
-4.850854 -0.047104 1.339239 -3.858556 -1.484869 2.776137 -0.583465 3.823936 -2.105111 -1.175164 -0.945985 -0.441316 -4.755277 0.273335 -3.748471 -0.313872 4.674820 1.864940 -2.774479 -0.463548 -2.511363 -0.161795 -6.411016 -2.135322 -6.370921 1.726887 -1.222199 -1.369549 
-4.656831 -0.102801 1.322652 -3.777346 -1.460027 2.884872 -0.548324 3.846287 -2.065668 -1.159229 -1.027945 -0.424537 -4.792929 0.075539 -3.635209 -0.270919 4.547754 1.695784 -2.815965 -0.442173 -2.545724 -0.207978 -6.328520 -2.131236 -6.201056 1.726467 -1.275354 -1.297800 
-4.464182 -0.154237 1.302588 -3.695268 -1.432067 2.965921 -0.517134 3.850992 -2.025617 -1.141040 -1.097531 -0.411412 -4.810779 -0.108274 -3.520657 -0.230583 4.415993 1.539017 -2.838606 -0.420370 -2.567597 -0.251181 -6.232342 -2.119718 -6.023578 1.714684 -1.320753 -1.226868 
-4.273054 -0.201456 1.279252 -3.612123 -1.401188 3.021011 -0.489569 3.838999 -1.984801 -1.120690 -1.155328 -0.401536 -4.809700 -0.278274 -3.404906 -0.192810 4.279917 1.394026 -2.843615 -0.398223 -2.577560 -0.291349 -6.123135 -2.101148 -5.839122 1.692454 -1.358590 -1.156892 
-4.083592 -0.244505 1.252849 -3.527714 -1.367579 3.051832 -0.465307 3.811241 -1.943069 -1.098272 -1.201912 -0.394515 -4.790548 -0.434631 -3.288049 -0.157548 4.139899 1.260215 -2.832181 -0.375818 -2.576179 -0.328428 -6.001538 -2.075896 -5.648311 1.660670 -1.389056 -1.088008 
-3.895933 -0.283430 1.223576 -3.441851 -1.331430 3.060040 -0.444033 3.768631 -1.900276 -1.073877 -1.237847 -0.389964 -4.754163 -0.577519 -3.170177 -0.124743 3.996303 1.136995 -2.805465 -0.353236 -2.564013 -0.362370 -5.868184 -2.044327 -5.451753 1.620205 -1.412345 -1.020343 
-3.710211 -0.318283 1.191629 -3.354345 -1.292922 3.047254 -0.425440 3.712067 -1.856282 -1.047596 -1.263688 -0.387507 -4.701370 -0.707116 -3.051382 -0.094342 3.849488 1.023793 -2.764602 -0.330562 -2.541610 -0.393129 -5.723695 -2.006798 -5.250044 1.571912 -1.428644 -0.954020 
-3.526557 -0.349115 1.157199 -3.265013 -1.252235 3.015057 -0.409226 3.642426 -1.810956 -1.019519 -1.279978 -0.386778 -4.632976 -0.823599 -2.931753 -0.066295 3.699801 0.920047 -2.710703 -0.307877 -2.509508 -0.420664 -5.568680 -1.963659 -5.043766 1.516623 -1.438145 -0.889155 
-3.345093 -0.375981 1.120471 -3.173678 -1.209543 2.964999 -0.395096 3.560571 -1.764171 -0.989733 -1.287248 -0.387421 -4.549772 -0.927151 -2.811380 -0.040549 3.547583 0.825207 -2.644852 -0.285264 -2.468235 -0.444939 -5.403740 -1.915252 -4.833486 1.455150 -1.441032 -0.825858 
-3.165940 -0.398937 1.081629 -3.080165 -1.165017 2.898590 -0.382764 3.467345 -1.715809 -0.958326 -1.286021 -0.389086 -4.452536 -1.017957 -2.690353 -0.017054 3.393166 0.738735 -2.568108 -0.262804 -2.418309 -0.465919 -5.229466 -1.861913 -4.619759 1.388283 -1.437493 -0.764234 
-2.989212 -0.418041 1.040849 -2.984303 -1.118821 2.817307 -0.371946 3.363575 -1.665756 -0.925385 -1.276807 -0.391435 -4.342026 -1.096204 -2.568759 0.004241 3.236876 0.660105 -2.481504 -0.240579 -2.360237 -0.483576 -5.046439 -1.803972 -4.403125 1.316792 -1.427712 -0.704380 
-2.815020 -0.433355 0.998307 -2.885928 -1.071118 2.722591 -0.362370 3.250069 -1.613906 -0.890994 -1.260107 -0.394139 -4.218986 -1.162082 -2.446688 0.023386 3.079029 0.588804 -2.386047 -0.218669 -2.294520 -0.497884 -4.855227 -1.741749 -4.184110 1.241426 -1.411871 -0.646388 
-2.643468 -0.444941 0.954171 -2.784877 -1.022064 2.615847 -0.353766 3.127620 -1.560160 -0.855239 -1.236409 -0.396878 -4.084145 -1.215783 -2.324226 0.040430 2.919933 0.524330 -2.282719 -0.197153 -2.221644 -0.508821 -4.656391 -1.675559 -3.963228 1.162916 -1.390153 -0.590344 
-2.474657 -0.452864 0.908607 -2.680995 -0.971812 2.498445 -0.345874 2.997000 -1.504422 -0.818203 -1.206193 -0.399341 -3.938212 -1.257503 -2.201460 0.055422 2.759890 0.466195 -2.172475 -0.176113 -2.142089 -0.516370 -4.450480 -1.605709 -3.740978 1.081968 -1.362738 -0.536328 
-2.308683 -0.457191 0.861777 -2.574127 -0.920510 2.371717 -0.338438 2.858967 -1.446607 -0.779967 -1.169925 -0.401227 -3.781885 -1.287440 -2.078477 0.068411 2.599192 0.413922 -2.056245 -0.155627 -2.056323 -0.520517 -4.238033 -1.532501 -3.517846 0.999271 -1.329804 -0.484414 
-2.145636 -0.457991 0.813837 -2.464126 -0.868303 2.236962 -0.331212 2.714259 -1.386633 -0.740614 -1.128064 -0.402244 -3.615841 -1.305794 -1.955363 0.079445 2.438123 0.367045 -1.934933 -0.135775 -1.964805 -0.521251 -4.019579 -1.456226 -3.294304 0.915491 -1.291529 -0.434670 
-1.985603 -0.455335 0.764940 -2.350847 -0.815329 2.095442 -0.323953 2.563597 -1.324427 -0.700223 -1.081055 -0.402109 -3.440745 -1.312769 -1.832202 0.088572 2.276960 0.325112 -1.809418 -0.116633 -1.867983 -0.518568 -3.795638 -1.377172 -3.070811 0.831275 -1.248090 -0.387156 
-1.828664 -0.449297 0.715235 -2.234152 -0.761724 1.948383 -0.316427 2.407685 -1.259920 -0.658873 -1.029334 -0.400547 -3.257243 -1.308571 -1.709079 0.095837 2.115972 0.287684 -1.680552 -0.098282 -1.766297 -0.512464 -3.566717 -1.295616 -2.847810 0.747249 -1.199661 -0.341930 
-1.674897 -0.439952 0.664868 -2.113903 -0.707618 1.796976 -0.308406 2.247210 -1.193051 -0.616644 -0.973325 -0.397296 -3.065967 -1.293409 -1.586078 0.101289 1.955419 0.254330 -1.549163 -0.080797 -1.660175 -0.502941 -3.333315 -1.211832 -2.625733 0.664017 -1.146416 -0.299039 
-1.524373 -0.427377 0.613977 -1.989971 -0.653139 1.642375 -0.299668 2.082840 -1.123765 -0.573611 -0.913442 -0.392099 -2.867532 -1.267495 -1.463283 0.104973 1.795554 0.224636 -1.416050 -0.064256 -1.550037 -0.490006 -3.095919 -1.126084 -2.404996 0.582164 -1.088526 -0.258528 
-1.377159 -0.411653 0.562699 -1.862228 -0.598408 1.485700 -0.289998 1.915226 -1.052013 -0.529851 -0.850089 -0.384712 -2.662536 -1.231041 -1.340776 0.106934 1.636621 0.198197 -1.281991 -0.048735 -1.436291 -0.473667 -2.855008 -1.038630 -2.186005 0.502255 -1.026162 -0.220434 
-1.233317 -0.392861 0.511167 -1.730551 -0.543543 1.328034 -0.279190 1.745002 -0.977754 -0.485440 -0.783658 -0.374897 -2.451563 -1.184265 -1.218641 0.107218 1.478856 0.174623 -1.147734 -0.034311 -1.319338 -0.453939 -2.611048 -0.949720 -1.969147 0.424831 -0.959493 -0.184788 
-1.092905 -0.371084 0.459507 -1.594823 -0.488657 1.170425 -0.267041 1.572784 -0.900952 -0.440450 -0.714531 -0.362428 -2.235180 -1.127387 -1.096958 0.105870 1.322489 0.153532 -1.014004 -0.021059 -1.199565 -0.430838 -2.364498 -0.859598 -1.754800 0.350417 -0.888688 -0.151616 
-0.955975 -0.346410 0.407845 -1.454930 -0.433860 1.013885 -0.253356 1.399171 -0.821577 -0.394956 -0.643078 -0.347086 -2.013936 -1.060628 -0.975808 0.102933 1.167740 0.134557 -0.881498 -0.009054 -1.077353 -0.404385 -2.115804 -0.768500 -1.543326 0.279513 -0.813912 -0.120937 
-0.822575 -0.318925 0.356298 -1.310761 -0.379255 0.859390 -0.237948 1.224744 -0.739607 -0.349029 -0.569660 -0.328664 -1.788368 -0.984214 -0.855273 0.098451 1.014820 0.117345 -0.750888 0.001628 -0.953072 -0.374607 -1.865404 -0.676657 -1.335074 0.212601 -0.735331 -0.092763 
-0.692748 -0.288721 0.304982 -1.162213 -0.324944 0.707880 -0.220634 1.050066 -0.655025 -0.302741 -0.494627 -0.306962 -1.558993 -0.898371 -0.735432 0.092468 0.863936 0.101550 -0.622823 0.010915 -0.827080 -0.341531 -1.613722 -0.584290 -1.130379 0.150142 -0.653109 -0.067102 
-0.566532 -0.255889 0.254009 -1.009183 -0.271023 0.560261 -0.201241 0.875684 -0.567822 -0.256161 -0.418315 -0.281789 -1.326313 -0.803331 -0.616365 0.085026 0.715282 0.086843 -0.497921 0.018731 -0.699727 -0.305191 -1.361177 -0.491614 -0.929562 0.092577 -0.567407 -0.043955 
-0.443961 -0.220525 0.203486 -0.851575 -0.217582 0.417402 -0.179600 0.702125 -0.477994 -0.209358 -0.341055 -0.252966 -1.090817 -0.699326 -0.498151 0.076167 0.569047 0.072905 -0.376779 0.025004 -0.571354 -0.265624 -1.108174 -0.398837 -0.732931 0.040323 -0.478387 -0.023317 
-0.325064 -0.182724 0.153514 -0.689297 -0.164709 0.280134 -0.155550 0.529902 -0.385544 -0.162400 -0.263162 -0.220320 -0.852973 -0.586591 -0.380868 0.065933 0.425413 0.059429 -0.259966 0.029661 -0.442290 -0.222870 -0.855108 -0.306161 -0.540780 -0.006219 -0.386208 -0.005177 
-0.209864 -0.142585 0.104192 -0.522261 -0.112487 0.149258 -0.128935 0.359508 -0.290482 -0.115355 -0.184943 -0.183690 -0.613236 -0.465365 -0.264594 0.054365 0.284551 0.046120 -0.148026 0.032629 -0.312854 -0.176974 -0.602366 -0.213780 -0.353389 -0.046672 -0.291028 0.010483 
-0.098380 -0.100209 0.055616 -0.350382 -0.060994 0.025533 -0.099608 0.191418 -0.192824 -0.068287 -0.106693 -0.142923 -0.372044 -0.335888 -0.149405 0.041504 0.146625 0.032697 -0.041476 0.033837 -0.183358 -0.127984 -0.350322 -0.121880 -0.171025 -0.080678 -0.193004 0.023686 
0.009372 -0.055699 0.007874 -0.173583 -0.010305 -0.090314 -0.067428 0.026091 -0.092590 -0.021263 -0.028698 -0.097875 -0.129819 -0.198405 -0.035380 0.027391 0.011792 0.018889 0.059192 0.033212 -0.054101 -0.075953 -0.099342 -0.030641 0.006059 -0.107900 -0.092292 0.034461 
0.113385 -0.009160 -0.038947 0.008214 0.039511 -0.197592 -0.032258 -0.136032 0.010188 0.025656 0.048770 -0.048412 0.113032 -0.053161 0.077408 0.012065 -0.119799 0.004439 0.153511 0.030684 0.074627 -0.020937 0.150219 0.059764 0.177624 -0.128022 0.010954 0.042844 
0.213652 0.039301 -0.084766 0.195077 0.088388 -0.295646 0.006028 -0.294528 0.115477 0.072404 0.125445 0.005591 0.356119 0.099595 0.188881 -0.004436 -0.248009 -0.010899 0.241040 0.026183 0.202545 0.037003 0.398018 0.149170 0.343444 -0.140747 0.116582 0.048875 
0.310173 0.089575 -0.129504 0.387075 0.136266 -0.383859 0.047552 -0.448990 0.223235 0.118922 0.201077 0.064250 0.599069 0.259610 0.298965 -0.022070 -0.372705 -0.027359 0.321365 0.019637 0.329382 0.097804 0.643718 0.237418 0.503308 -0.145802 0.224441 0.052604 
0.402954 0.141551 -0.173088 0.584268 0.183087 -0.461646 0.092430 -0.599031 0.333413 0.165147 0.275422 0.127670 0.841524 0.426631 0.407586 -0.040802 -0.493763 -0.045162 0.394097 0.010978 0.454880 0.161398 0.886997 0.324357 0.657017 -0.142931 0.334381 0.054082 
0.492004 0.195114 -0.215450 0.786715 0.228799 -0.528461 0.140769 -0.744279 0.445958 0.211021 0.348251 0.195950 1.083142 0.600401 0.514670 -0.060592 -0.611067 -0.064518 0.458872 0.000137 0.578786 0.227712 1.127540 0.409842 0.804387 -0.131900 0.446253 0.053370 
0.577338 0.250149 -0.256524 0.994469 0.273355 -0.583790 0.192671 -0.884382 0.560807 0.256484 0.419344 0.269178 1.323598 0.780660 0.620144 -0.081403 -0.724508 -0.085623 0.515352 -0.012956 0.700860 0.296671 1.365044 0.493736 0.945247 -0.112498 0.559910 0.050534 
0.658974 0.306540 -0.296250 1.207579 0.316710 -0.627160 0.248231 -1.019003 0.677895 0.301480 0.488489 0.347430 1.562581 0.967145 0.723935 -0.103199 -0.833985 -0.108662 0.563226 -0.028369 0.820871 0.368196 1.599216 0.575910 1.079441 -0.084530 0.675207 0.045646 
0.736937 0.364165 -0.334570 1.426091 0.358826 -0.658128 0.307538 -1.147824 0.797147 0.345950 0.555490 0.430778 1.799798 1.159592 0.825971 -0.125942 -0.939408 -0.133808 0.602208 -0.046170 0.938600 0.442202 1.829771 0.656240 1.206823 -0.047825 0.791998 0.038782 
0.811254 0.422904 -0.371433 1.650045 0.399668 -0.676292 0.370671 -1.270544 0.918482 0.389841 0.620158 0.519280 2.034972 1.357733 0.926181 -0.149598 -1.040691 -0.161222 0.632038 -0.066425 1.053833 0.518602 2.056438 0.734610 1.327266 -0.002231 0.910142 0.030028 
0.881960 0.482631 -0.406790 1.879477 0.439204 -0.681281 0.437708 -1.386881 1.041815 0.433096 0.682315 0.612988 2.267842 1.561298 1.024494 -0.174130 -1.137759 -0.191052 0.652480 -0.089202 1.166372 0.597306 2.278954 0.810911 1.440652 0.052381 1.029497 0.019473 
0.949093 0.543221 -0.440596 2.114419 0.477410 -0.672763 0.508715 -1.496568 1.167051 0.475663 0.741796 0.711943 2.498162 1.770012 1.120839 -0.199505 -1.230542 -0.223433 0.663326 -0.114568 1.276023 0.678217 2.497066 0.885042 1.546881 0.116122 1.149922 0.007213 
1.012696 0.604546 -0.472813 2.354899 0.514263 -0.650440 0.583755 -1.599357 1.294092 0.517489 0.798445 0.816177 2.725703 1.983602 1.215148 -0.225686 -1.318982 -0.258491 0.664393 -0.142588 1.382607 0.761236 2.710532 0.956908 1.645862 0.189082 1.271278 -0.006649 
1.072816 0.666476 -0.503404 2.600940 0.549745 -0.614052 0.662883 -1.695017 1.422831 0.558523 0.852117 0.925713 2.950251 2.201787 1.307349 -0.252641 -1.403026 -0.296337 0.655523 -0.173328 1.485952 0.846261 2.919119 1.026421 1.737521 0.271329 1.393429 -0.022006 
1.129507 0.728877 -0.532337 2.852561 0.583844 -0.563371 0.746146 -1.783337 1.553156 0.598713 0.902678 1.040564 3.171610 2.424288 1.397376 -0.280336 -1.482629 -0.337070 0.636585 -0.206852 1.585897 0.933185 3.122608 1.093501 1.821796 0.362912 1.516238 -0.038744 
1.182825 0.791616 -0.559586 3.109777 0.616551 -0.498208 0.833586 -1.864119 1.684949 0.638011 0.950005 1.160735 3.389599 2.650820 1.485160 -0.308737 -1.557756 -0.380778 0.607474 -0.243227 1.682289 1.021896 3.320785 1.158075 1.898641 0.463858 1.639571 -0.056741 
1.232832 0.854555 -0.585128 3.372598 0.647861 -0.418409 0.925239 -1.937185 1.818083 0.676368 0.993985 1.286220 3.604052 2.881097 1.570633 -0.337813 -1.628378 -0.427537 0.568109 -0.282515 1.774988 1.112280 3.513450 1.220076 1.968021 0.574174 1.763294 -0.075871 
1.279597 0.917556 -0.608943 3.641031 0.677775 -0.323855 1.021133 -2.002376 1.952426 0.713737 1.034516 1.417006 3.814821 3.114830 1.653728 -0.367531 -1.694476 -0.477410 0.518435 -0.324780 1.863862 1.204218 3.700411 1.279444 2.029917 0.693846 1.887276 -0.096003 
1.323190 0.980478 -0.631016 3.915076 0.706297 -0.214462 1.121289 -2.059548 2.087842 0.750071 1.071507 1.553068 4.021774 3.351726 1.734380 -0.397860 -1.756037 -0.530448 0.458425 -0.370086 1.948790 1.297588 3.881488 1.336129 2.084321 0.822839 2.011386 -0.116997 
1.363687 1.043178 -0.651337 4.194732 0.733436 -0.090184 1.225723 -2.108575 2.224185 0.785325 1.104878 1.694374 4.224792 3.591492 1.812523 -0.428768 -1.813058 -0.586689 0.388075 -0.418496 2.029658 1.392264 4.056511 1.390085 2.131241 0.961100 2.135494 -0.138709 
1.401171 1.105511 -0.669900 4.479992 0.759205 0.048991 1.334443 -2.149350 2.361303 0.819455 1.134559 1.840881 4.423777 3.833830 1.888091 -0.460226 -1.865541 -0.646160 0.307408 -0.470071 2.106366 1.488114 4.225319 1.441273 2.170697 1.108553 2.259474 -0.160989 
1.435727 1.167329 -0.686702 4.770844 0.783620 0.203039 1.447449 -2.181781 2.499040 0.852416 1.160492 1.992539 4.618643 4.078440 1.961020 -0.492203 -1.913500 -0.708876 0.216473 -0.524874 2.178821 1.585006 4.387763 1.489664 2.202725 1.265100 2.383198 -0.183679 
1.467446 1.228483 -0.701745 5.067273 0.806705 0.371899 1.564739 -2.205797 2.637232 0.884168 1.182629 2.149285 4.809321 4.325020 2.031245 -0.524669 -1.956954 -0.774839 0.115345 -0.582966 2.246941 1.682800 4.543701 1.535233 2.227373 1.430626 2.506543 -0.206617 
1.496423 1.288823 -0.715036 5.369259 0.828485 0.555476 1.686299 -2.221342 2.775708 0.914669 1.200932 2.311051 4.995760 4.573264 2.098703 -0.557595 -1.995931 -0.844039 0.004124 -0.644407 2.310655 1.781354 4.693006 1.577964 2.244702 1.604992 2.629384 -0.229634 
1.522760 1.348193 -0.726585 5.676779 0.848991 0.753638 1.812113 -2.228377 2.914291 0.943878 1.215376 2.477757 5.177923 4.822864 2.163332 -0.590953 -2.030467 -0.916454 -0.117065 -0.709260 2.369899 1.880524 4.835557 1.617847 2.254789 1.788042 2.751598 -0.252555 
1.546561 1.406439 -0.736405 5.989802 0.868258 0.966219 1.942153 -2.226882 3.052798 0.971756 1.225943 2.649314 5.355790 5.073511 2.225069 -0.624715 -2.060606 -0.992050 -0.248069 -0.777583 2.424622 1.980159 4.971246 1.654880 2.257722 1.979595 2.873066 -0.275199 
1.567936 1.463403 -0.744517 6.308298 0.886324 1.193015 2.076391 -2.216855 3.191040 0.998266 1.232631 2.825625 5.529357 5.324890 2.283853 -0.658852 -2.086401 -1.070781 -0.388712 -0.849436 2.474781 2.080105 5.099973 1.689067 2.253605 2.179453 2.993668 -0.297379 
1.587000 1.518924 -0.750942 6.632229 0.903234 1.433789 2.214786 -2.198310 3.328819 1.023369 1.235443 3.006582 5.698635 5.576685 2.339621 -0.693338 -2.107911 -1.152589 -0.538789 -0.924878 2.520343 2.180205 5.221651 1.720420 2.242554 2.387396 3.113286 -0.318902 
1.603872 1.572841 -0.755709 6.961553 0.919036 1.688264 2.357294 -2.171278 3.465934 1.047031 1.234397 3.192068 5.863652 5.828579 2.392314 -0.728146 -2.125204 -1.237401 -0.698073 -1.003968 2.561285 2.280297 5.336201 1.748957 2.224701 2.603183 3.231803 -0.339570 
1.618677 1.624990 -0.758847 7.296224 0.933781 1.956132 2.503863 -2.135811 3.602176 1.069215 1.229521 3.381958 6.024454 6.080249 2.441871 -0.763249 -2.138356 -1.325137 -0.866307 -1.086764 2.597596 2.380216 5.443554 1.774706 2.200188 2.826553 3.349104 -0.359175 
1.631544 1.675204 -0.760394 7.636194 0.947528 2.237046 2.654436 -2.091975 3.737328 1.089888 1.220851 3.576117 6.181099 6.331372 2.488233 -0.798623 -2.147452 -1.415699 -1.043213 -1.173324 2.629272 2.479792 5.543653 1.797698 2.169174 3.057223 3.465076 -0.377509 
1.642607 1.723315 -0.760387 7.981406 0.960335 2.530625 2.808948 -2.039855 3.871170 1.109016 1.208438 3.774400 6.333664 6.581620 2.531341 -0.834241 -2.152584 -1.508983 -1.228483 -1.263705 2.656321 2.578853 5.636451 1.817974 2.131831 3.294893 3.579604 -0.394352 
1.652004 1.769153 -0.758872 8.331804 0.972270 2.836452 2.967326 -1.979552 4.003472 1.126568 1.192341 3.976654 6.482241 6.830666 2.571137 -0.870080 -2.153851 -1.604867 -1.421785 -1.357964 2.678758 2.677222 5.721910 1.835581 2.088343 3.539238 3.692579 -0.409481 
1.659879 1.812545 -0.755895 8.687323 0.983402 3.154074 3.129493 -1.911188 4.134001 1.142512 1.172630 4.182716 6.626939 7.078175 2.607563 -0.906114 -2.151363 -1.703221 -1.622763 -1.456157 2.696612 2.774717 5.800002 1.850573 2.038909 3.789914 3.803891 -0.422668 
1.666380 1.853316 -0.751510 9.047897 0.993805 3.483001 3.295364 -1.834899 4.262514 1.156820 1.149387 4.392414 6.767881 7.323815 2.640562 -0.942320 -2.145234 -1.803900 -1.831032 -1.558340 2.709919 2.871154 5.870712 1.863012 1.983743 4.046558 3.913431 -0.433676 
1.671659 1.891289 -0.745773 9.413454 1.003557 3.822709 3.464848 -1.750839 4.388764 1.169460 1.122703 4.605566 6.905210 7.567246 2.670077 -0.978674 -2.135590 -1.906750 -2.046182 -1.664569 2.718726 2.966343 5.934032 1.872966 1.923070 4.308784 4.021093 -0.442264 
1.675876 1.926286 -0.738743 9.783918 1.012742 4.172639 3.637846 -1.659182 4.512498 1.180407 1.092682 4.821981 7.039080 7.808130 2.696052 -1.015155 -2.122562 -2.011601 -2.267780 -1.774899 2.723089 3.060093 5.989966 1.880510 1.857130 4.576187 4.126770 -0.448184 
1.679192 1.958126 -0.730487 10.159210 1.021447 4.532194 3.814253 -1.560117 4.633453 1.189632 1.059436 5.041460 7.169666 8.046124 2.718432 -1.051738 -2.106291 -2.118274 -2.495365 -1.889384 2.723075 3.152206 6.038528 1.885728 1.786177 4.848341 4.230359 -0.451183 
1.681775 1.986625 -0.721073 10.539243 1.029763 4.900743 3.993959 -1.453852 4.751365 1.197111 1.023090 5.263792 7.297155 8.280881 2.737162 -1.088404 -2.086924 -2.226577 -2.728449 -2.008078 2.718761 3.242483 6.079742 1.888708 1.710479 5.124798 4.331756 -0.451001 
1.683797 2.011598 -0.710573 10.923930 1.037786 5.277618 4.176844 -1.340611 4.865958 1.202817 0.983778 5.488760 7.421752 8.512055 2.752187 -1.125129 -2.064619 -2.336304 -2.966520 -2.131034 2.710232 3.330718 6.113642 1.889548 1.630316 5.405091 4.430861 -0.447371 
1.685434 2.032857 -0.699066 11.313178 1.045616 5.662115 4.362784 -1.220637 4.976953 1.206728 0.941648 5.716135 7.543679 8.739293 2.763454 -1.161894 -2.039539 -2.447239 -3.209042 -2.258307 2.697586 3.416704 6.140273 1.888352 1.545983 5.688732 4.527573 -0.440022 
1.686869 2.050215 -0.686633 11.706889 1.053359 6.053497 4.551649 -1.094189 5.084065 1.208821 0.896854 5.945680 7.663172 8.962243 2.770909 -1.198678 -2.011857 -2.559153 -3.455449 -2.389948 2.680927 3.500229 6.159690 1.885230 1.457788 5.975212 4.621794 -0.428675 
1.688287 2.063477 -0.673359 12.104961 1.061123 6.450988 4.743299 -0.961546 5.186999 1.209073 0.849566 6.177149 7.780484 9.180548 2.774500 -1.235461 -1.981752 -2.671806 -3.705152 -2.526011 2.660373 3.581076 6.171958 1.880301 1.366054 6.264003 4.713427 -0.413048 
1.689881 2.072452 -0.659334 12.507288 1.069022 6.853778 4.937590 -0.823002 5.285457 1.207464 0.799959 6.410285 7.895885 9.393850 2.774175 -1.272224 -1.949414 -2.784943 -3.957537 -2.666546 2.636050 3.659026 6.177151 1.873690 1.271117 6.554553 4.802374 -0.392849 
1.691846 2.076943 -0.644653 12.913760 1.077173 7.261022 5.134370 -0.678870 5.379134 1.203974 0.748224 6.644824 8.009659 9.601786 2.769883 -1.308947 -1.915038 -2.898299 -4.211961 -2.811605 2.608093 3.733855 6.175357 1.865529 1.173326 6.846292 4.888543 -0.367782 
1.694382 2.076753 -0.629414 13.324262 1.085699 7.671837 5.333482 -0.529480 5.467717 1.198585 0.694560 6.880492 8.122108 9.803993 2.761572 -1.345612 -1.878829 -3.011598 -4.467759 -2.961239 2.576648 3.805335 6.166669 1.855957 1.073043 7.138629 4.971839 -0.337546 
1.697697 2.071680 -0.613718 13.738675 1.094726 8.085305 5.534761 -0.375180 5.550888 1.191279 0.639178 7.117004 8.233549 10.000104 2.749192 -1.382202 -1.840999 -3.124548 -4.724238 -3.115498 2.541871 3.873234 6.151196 1.845122 0.970647 7.430952 5.052171 -0.301831 
1.701999 2.061524 -0.597674 14.156876 1.104384 8.500474 5.738035 -0.216333 5.628321 1.182040 0.582297 7.354068 8.344316 10.189750 2.732694 -1.418698 -1.801769 -3.236849 -4.980679 -3.274432 2.503928 3.937317 6.129052 1.833176 0.866528 7.722629 5.129450 -0.260324 
1.707504 2.046080 -0.581390 14.578738 1.114810 8.916355 5.943126 -0.053324 5.699686 1.170851 0.524151 7.591381 8.454759 10.372557 2.712028 -1.455084 -1.761367 -3.348186 -5.236338 -3.438091 2.462994 3.997345 6.100364 1.820279 0.761089 8.013007 5.203584 -0.212703 
1.714433 2.025141 -0.564983 15.004127 1.126143 9.331922 6.149850 0.113448 5.764645 1.157698 0.464982 7.828632 8.565242 10.548151 2.687145 -1.491343 -1.720029 -3.458233 -5.490446 -3.606524 2.419254 4.053075 6.065270 1.806601 0.654749 8.301411 5.274488 -0.158643 
1.723009 1.998499 -0.548572 15.432908 1.138526 9.746115 6.358016 0.283565 5.822853 1.142567 0.405044 8.065500 8.676147 10.716155 2.657998 -1.527460 -1.677999 -3.566651 -5.742207 -3.779779 2.372905 4.104258 6.023915 1.792316 0.547940 8.587147 5.342075 -0.097811 
1.733462 1.965943 -0.532280 15.864941 1.152108 10.157839 6.567425 0.456592 5.873960 1.125447 0.344599 8.301656 8.787873 10.876187 2.624539 -1.563418 -1.635531 -3.673091 -5.990800 -3.957905 2.324151 4.150645 5.976458 1.777604 0.441107 8.869500 5.406260 -0.029868 
1.746027 1.927261 -0.516234 16.300080 1.167041 10.565961 6.777873 0.632076 5.917609 1.106325 0.283925 8.536758 8.900832 11.027866 2.586722 -1.599202 -1.592884 -3.777188 -6.235377 -4.140948 2.273207 4.191979 5.923065 1.762657 0.334709 9.147735 5.466959 0.045531 
1.760942 1.882238 -0.500566 16.738176 1.183483 10.969314 6.989148 0.809548 5.953435 1.085191 0.223305 8.770460 9.015455 11.170805 2.544499 -1.634799 -1.550327 -3.878569 -6.475067 -4.328957 2.220299 4.228003 5.863915 1.747669 0.229218 9.421095 5.524091 0.128736 
1.778452 1.830657 -0.485412 17.179076 1.201596 11.366693 7.201033 0.988518 5.981070 1.062036 0.163037 9.002403 9.132188 11.304616 2.497825 -1.670193 -1.508137 -3.976845 -6.708970 -4.521978 2.165662 4.258454 5.799195 1.732844 0.125121 9.688804 5.577575 0.220104 
1.798805 1.772299 -0.470913 17.622621 1.221543 11.756861 7.413302 1.168483 6.000136 1.036851 0.103428 9.232220 9.251493 11.428908 2.446655 -1.705372 -1.466598 -4.071619 -6.936162 -4.720057 2.109540 4.283064 5.729104 1.718392 0.022919 9.950063 5.627331 0.319998 
1.822255 1.706943 -0.457212 18.068651 1.243497 12.138542 7.625725 1.348919 6.010251 1.009628 0.044796 9.459533 9.373848 11.543287 2.390945 -1.740321 -1.426002 -4.162478 -7.155693 -4.923240 2.052189 4.301563 5.653850 1.704531 -0.076875 10.204055 5.673283 0.428788 
1.849059 1.634365 -0.444458 18.516998 1.267630 12.510425 7.838064 1.529286 6.011025 0.980362 -0.012531 9.683958 9.499747 11.647357 2.330649 -1.775029 -1.386649 -4.248999 -7.366587 -5.131573 1.993873 4.313678 5.573652 1.691484 -0.173734 10.449942 5.715352 0.546848 
1.879480 1.554340 -0.432804 18.967491 1.294123 12.871165 8.050074 1.709026 6.002063 0.949047 -0.068212 9.905100 9.629700 11.740719 2.265726 -1.809484 -1.348850 -4.330745 -7.567843 -5.345100 1.934868 4.319128 5.488739 1.679484 -0.267116 10.686862 5.753464 0.674559 
1.913787 1.466641 -0.422406 19.419955 1.323158 13.219380 8.261504 1.887564 5.982962 0.915678 -0.121899 10.122553 9.764234 11.822971 2.196131 -1.843673 -1.312919 -4.407270 -7.758434 -5.563865 1.875456 4.317633 5.399350 1.668769 -0.356467 10.913937 5.787545 0.812308 
1.952252 1.371038 -0.413425 19.874212 1.354923 13.553650 8.472096 2.064307 5.953314 0.880253 -0.173228 10.335904 9.903891 11.893708 2.121823 -1.877585 -1.279182 -4.478113 -7.937305 -5.787914 1.815934 4.308906 5.305734 1.659585 -0.441217 11.130266 5.817524 0.960490 
1.995152 1.267299 -0.406028 20.330077 1.389609 13.872524 8.681585 2.238644 5.912704 0.842769 -0.221830 10.544730 10.049229 11.952524 2.042760 -1.911211 -1.247971 -4.542802 -8.103380 -6.017288 1.756605 4.292657 5.208151 1.652184 -0.520785 11.334927 5.843328 1.119502 
2.042770 1.155191 -0.400382 20.787362 1.427414 14.174512 8.889700 2.409948 5.860709 0.803225 -0.267321 10.748600 10.200824 11.999009 1.958900 -1.944538 -1.219626 -4.600852 -8.255551 -6.252032 1.697784 4.268592 5.106871 1.646827 -0.594575 11.526979 5.864888 1.289751 
2.095391 1.034477 -0.396662 21.245875 1.468537 14.458088 9.096163 2.577573 5.796904 0.761620 -0.309307 10.947071 10.359266 12.032750 1.870203 -1.977559 -1.194497 -4.651766 -8.392691 -6.492189 1.639795 4.236413 5.002174 1.643781 -0.661977 11.705459 5.882136 1.471647 
2.153309 0.904920 -0.395045 21.705419 1.513183 14.721693 9.300691 2.740857 5.720851 0.717956 -0.347385 11.139692 10.525161 12.053332 1.776629 -2.010263 -1.172940 -4.695037 -8.513642 -6.737799 1.582971 4.195819 4.894350 1.643319 -0.722367 11.869384 5.895006 1.665610 
2.216818 0.766279 -0.395714 22.165793 1.561563 14.963729 9.502990 2.899118 5.632112 0.672234 -0.381141 11.326003 10.699132 12.060337 1.678139 -2.042642 -1.155319 -4.730142 -8.617223 -6.988905 1.527658 4.146504 4.783700 1.645723 -0.775109 12.017750 5.903431 1.872060 
2.286222 0.618312 -0.398854 22.626793 1.613889 15.182565 9.702765 3.051659 5.530239 0.624457 -0.410147 11.505536 10.881819 12.053344 1.574693 -2.074687 -1.142007 -4.756549 -8.702225 -7.245548 1.474210 4.088158 4.670536 1.651281 -0.819551 12.149533 5.907348 2.091430 
2.361824 0.460775 -0.404656 23.088207 1.670379 15.376532 9.899710 3.197764 5.414778 0.574629 -0.433968 11.677811 11.073875 12.031931 1.466253 -2.106391 -1.133385 -4.773713 -8.767417 -7.507768 1.422989 4.020469 4.555177 1.660289 -0.855030 12.263687 5.906693 2.324154 
2.443937 0.293421 -0.413315 23.549824 1.731257 15.543928 10.093514 3.336700 5.285268 0.522754 -0.452157 11.842340 11.275973 11.995672 1.352782 -2.137746 -1.129842 -4.781075 -8.811538 -7.775607 1.374369 3.943118 4.437956 1.673048 -0.880868 12.359147 5.901407 2.570674 
2.532876 0.116002 -0.425028 24.011423 1.796749 15.683012 10.283859 3.467717 5.141244 0.468840 -0.464256 11.998626 11.488799 11.944138 1.234242 -2.168746 -1.131774 -4.778067 -8.833303 -8.049104 1.328736 3.855784 4.319214 1.689870 -0.896372 12.434826 5.891428 2.831437 
2.628961 -0.071733 -0.440000 24.472784 1.867086 15.792010 10.470422 3.590046 4.982232 0.412892 -0.469796 12.146163 11.713056 11.876897 1.110596 -2.199384 -1.139586 -4.764106 -8.831403 -8.328298 1.286481 3.758143 4.199303 1.711069 -0.900837 12.489619 5.876698 3.106899 
2.732518 -0.270038 -0.458436 24.933678 1.942503 15.869110 10.652869 3.702902 4.807753 0.354919 -0.468297 12.284434 11.949464 11.793516 0.981809 -2.229654 -1.153690 -4.738599 -8.804501 -8.613229 1.248009 3.649866 4.078585 1.736970 -0.893543 12.522396 5.857160 3.397518 
2.843875 -0.479166 -0.480549 25.393874 2.023241 15.912467 10.830865 3.805482 4.617321 0.294930 -0.459270 12.412915 12.198758 11.693558 0.847846 -2.259551 -1.174508 -4.700939 -8.751235 -8.903934 1.213733 3.530619 3.957432 1.767904 -0.873759 12.532010 5.832758 3.703761 
2.963369 -0.699375 -0.506553 25.853138 2.109544 15.920198 11.004065 3.896965 4.410443 0.232934 -0.442214 12.531070 12.461689 11.576584 0.708670 -2.289070 -1.202467 -4.650509 -8.670216 -9.200452 1.184076 3.400065 3.836226 1.804209 -0.840737 12.517293 5.803439 4.026100 
3.091338 -0.930924 -0.536669 26.311230 2.201659 15.890385 11.172116 3.976513 4.186621 0.168943 -0.416616 12.638357 12.739025 11.442153 0.564248 -2.318207 -1.238006 -4.586677 -8.560031 -9.502821 1.159471 3.257865 3.715362 1.846229 -0.793718 12.477054 5.769148 4.365013 
3.228127 -1.174075 -0.571120 26.767905 2.299841 15.821074 11.334663 4.043270 3.945349 0.102970 -0.381954 12.734223 13.031549 11.289818 0.414547 -2.346958 -1.281568 -4.508801 -8.419242 -9.811077 1.140363 3.103673 3.595241 1.894317 -0.731926 12.410083 5.729834 4.720984 
3.374084 -1.429090 -0.610134 27.222914 2.404347 15.710275 11.491339 4.096363 3.686117 0.035026 -0.337696 12.818104 13.340062 11.119133 0.259532 -2.375319 -1.333607 -4.416226 -8.246382 -10.125257 1.127203 2.937142 3.476277 1.948832 -0.654575 12.315151 5.685447 5.094504 
3.529564 -1.696236 -0.653943 27.676006 2.515438 15.555965 11.641775 4.134902 3.408405 -0.034874 -0.283296 12.889430 13.665378 10.929648 0.099171 -2.403287 -1.394583 -4.308285 -8.039961 -10.445397 1.120455 2.757918 3.358893 2.010140 -0.560864 12.191005 5.635938 5.486068 
3.694925 -1.975780 -0.702784 28.126923 2.633380 15.356081 11.785592 4.157977 3.111689 -0.106715 -0.218200 12.947619 14.008329 10.720911 -0.066567 -2.430860 -1.464964 -4.184300 -7.798462 -10.771533 1.120591 2.565645 3.243524 2.078615 -0.449976 12.036373 5.581260 5.896180 
3.870531 -2.267991 -0.756897 28.575404 2.758444 15.108526 11.922407 4.164663 2.795439 -0.180480 -0.141843 12.992082 14.369764 10.492465 -0.237715 -2.458036 -1.545229 -4.043578 -7.520343 -11.103701 1.128095 2.359964 3.130613 2.154637 -0.321084 11.849964 5.521367 6.325347 
4.056749 -2.573141 -0.816527 29.021183 2.890905 14.811170 12.051827 4.154018 2.459116 -0.256152 -0.053649 13.022219 14.750546 10.243853 -0.414302 -2.484813 -1.635862 -3.885416 -7.204036 -11.441935 1.143459 2.140510 3.020615 2.238593 -0.173345 11.630463 5.456213 6.774085 
4.253953 -2.891505 -0.881924 29.463990 3.031040 14.461843 12.173456 4.125079 2.102177 -0.333713 0.046971 13.037421 15.151556 9.974614 -0.596361 -2.511191 -1.737355 -3.709098 -6.847947 -11.786269 1.167185 1.906915 2.913993 2.330879 -0.005903 11.376537 5.385755 7.242914 
4.462520 -3.223359 -0.953339 29.903551 3.179136 14.058341 12.286889 4.076869 1.724072 -0.413145 0.160613 13.037070 15.573688 9.684285 -0.783919 -2.537169 -1.850209 -3.513897 -6.450456 -12.136738 1.199787 1.658807 2.811224 2.431896 0.182112 11.086832 5.309953 7.732361 
4.682833 -3.568980 -1.031030 30.339587 3.335478 13.598425 12.391715 4.008392 1.324244 -0.494425 0.287887 13.020540 16.017856 9.372399 -0.977007 -2.562746 -1.974934 -3.299073 -6.009918 -12.493374 1.241787 1.395812 2.712791 2.542053 0.391583 10.759973 5.228764 8.242957 
4.915279 -3.928649 -1.115260 30.771815 3.500359 13.079820 12.487517 3.918634 0.902130 -0.577534 0.429411 12.987193 16.484988 9.038488 -1.175653 -2.587924 -2.112046 -3.063873 -5.524661 -12.856211 1.293716 1.117548 2.619190 2.661765 0.623408 10.394563 5.142150 8.775243 
5.160250 -4.302648 -1.206292 31.199949 3.674076 12.500215 12.573869 3.806565 0.457160 -0.662449 0.585817 12.936383 16.976028 8.682080 -1.379886 -2.612702 -2.262071 -2.807534 -4.992989 -13.225281 1.356118 0.823633 2.530927 2.791457 0.878497 9.989186 5.050073 9.329763 
5.418143 -4.691262 -1.304399 31.623696 3.856929 11.857262 12.650342 3.671135 -0.011242 -0.749147 0.757743 12.867455 17.491936 8.302702 -1.589732 -2.637084 -2.425540 -2.529277 -4.413180 -13.600617 1.429544 0.513679 2.448517 2.931557 1.157775 9.542406 4.952497 9.907068 
5.689360 -5.094778 -1.409852 32.042760 4.049224 11.148580 12.716497 3.511280 -0.503659 -0.837602 0.945844 12.779746 18.033689 7.899875 -1.805218 -2.661069 -2.602996 -2.228316 -3.783484 -13.982250 1.514557 0.187294 2.372486 3.082503 1.462180 9.052764 4.849386 10.507715 
5.974307 -5.513483 -1.522931 32.456842 4.251272 10.371749 12.771890 3.325915 -1.020679 -0.927790 1.150780 12.672581 18.602280 7.473122 -2.026372 -2.684662 -2.794987 -1.903849 -3.102128 -14.370211 1.611729 -0.155915 2.303370 3.244740 1.792664 8.518783 4.740708 11.132267 
6.273396 -5.947670 -1.643919 32.865637 4.463384 9.524317 12.816071 3.113940 -1.562897 -1.019685 1.373225 12.545276 19.198716 7.021959 -2.253218 -2.707864 -3.002070 -1.555062 -2.367311 -14.764530 1.721640 -0.516350 2.241716 3.418718 2.150194 7.938964 4.626429 11.781293 
6.587041 -6.397631 -1.773100 33.268836 4.685881 8.603793 12.848581 2.874236 -2.130916 -1.113258 1.613863 12.397141 19.824023 6.545901 -2.485782 -2.730680 -3.224810 -1.181132 -1.577208 -15.165239 1.844884 -0.894411 2.188080 3.604897 2.535747 7.311788 4.506518 12.455368 
6.915665 -6.863660 -1.910768 33.666126 4.919084 7.607652 12.868957 2.605667 -2.725344 -1.208481 1.873389 12.227473 20.479242 6.044462 -2.724088 -2.753112 -3.463780 -0.781220 -0.729968 -15.572366 1.982062 -1.290508 2.143030 3.803742 2.950317 6.635713 4.380948 13.155074 
7.259692 -7.346056 -2.057216 34.057190 5.163321 6.533333 12.876727 2.307079 -3.346795 -1.305326 2.152508 12.035561 21.165429 5.517151 -2.968161 -2.775165 -3.719562 -0.354476 0.176286 -15.985942 2.133785 -1.705049 2.107142 4.015725 3.394911 5.909180 4.249688 13.880998 
7.619553 -7.845117 -2.212743 34.441706 5.418924 5.378238 12.871414 1.977301 -3.995890 -1.403760 2.451937 11.820685 21.883657 4.963475 -3.218024 -2.796845 -3.992743 0.099960 1.143459 -16.405994 2.300676 -2.138451 2.081004 4.241326 3.870550 5.130606 4.112713 14.633734 
7.995683 -8.361145 -2.377653 34.819347 5.686227 4.139736 12.852534 1.615145 -4.673258 -1.503753 2.772402 11.582116 22.635015 4.382939 -3.473700 -2.818156 -4.283922 0.582963 2.173477 -16.832552 2.483365 -2.591131 2.065214 4.481032 4.378267 4.298391 3.969997 15.413880 
8.388522 -8.894444 -2.552254 35.189784 5.965572 2.815157 12.819596 1.219405 -5.379532 -1.605272 3.114641 11.319115 23.420608 3.775043 -3.735211 -2.839103 -4.593703 1.095418 3.268296 -17.265642 2.682494 -3.063512 2.060379 4.735338 4.919110 3.410912 3.821517 16.222043 
