NaN NaN NaN NaN NaN NaN NaN 
NaN NaN NaN NaN NaN NaN NaN 
NaN NaN NaN NaN NaN NaN NaN 
NaN NaN NaN NaN NaN NaN NaN 
NaN NaN NaN NaN NaN NaN NaN 
-2.619457 -4.026205 1.863234 -2.453089 -0.764336 -2.305383 1.792876 
-2.251885 -4.152052 2.211886 -2.222602 -0.903197 -1.580422 1.948747 
-2.313916 -4.524058 2.345673 -2.417137 -0.881429 -1.721893 1.720191 
-2.588654 -4.916589 1.078533 -2.242892 -1.685729 -1.822029 1.639190 
-2.204902 -5.343678 0.774361 -2.014071 -1.734896 -1.764891 1.469762 
-2.001330 -4.866071 0.751486 -1.672194 -1.203012 -2.357593 1.439348 
-1.787550 -5.562594 0.640762 -2.042470 -1.627202 -1.930131 1.467662 
-1.726561 -6.370802 0.157938 -1.402518 -1.438294 -2.621438 1.215760 
-1.849981 -6.679128 -0.207604 -1.762407 -2.327576 -3.014683 1.298656 
-1.824560 -6.443236 -0.342810 -1.439456 -2.991136 -2.904020 1.392257 
-1.489641 -6.755756 0.229973 -2.453444 -2.384887 -2.852442 1.513004 
-1.456703 -7.119232 0.713580 -2.461487 -1.665597 -3.172558 1.441630 
-1.220633 -6.967398 1.387431 -2.842844 -2.368792 -3.299343 1.262747 
-0.917952 -6.883722 2.288852 -2.884998 -2.524628 -3.244169 1.298817 
-1.423529 -6.542943 2.707633 -2.315193 -2.960487 -2.687341 1.663055 
-1.899342 -6.604283 2.816618 -2.186410 -2.775264 -1.894570 1.789941 
-2.259720 -6.286753 3.879720 -2.005947 -2.691071 -2.267206 1.872239 
-1.993840 -5.740761 4.699728 -1.566694 -3.076056 -1.979914 2.266266 
-1.193792 -5.350410 4.665553 -0.339215 -2.693571 -2.209953 2.470812 
-0.964951 -5.359132 4.840862 -0.411366 -2.560973 -1.164547 2.415156 
-1.273227 -5.027680 4.501627 0.246662 -3.277480 -1.268806 2.271743 
-1.082465 -4.417865 3.812531 1.094044 -3.063013 -1.152876 2.027464 
-1.187020 -3.953227 3.109708 1.356767 -1.924554 -0.636181 2.334118 
-0.479826 -3.186596 2.804845 1.451500 -1.149396 -0.105499 2.185574 
-0.029397 -2.684053 2.727553 1.116146 -1.346942 -0.175929 2.480535 
0.081620 -3.047424 2.936091 1.415895 -1.304540 0.210010 2.893500 
0.294283 -3.220938 2.242111 1.230427 -0.754635 1.227134 3.056767 
0.027353 -2.942880 2.099811 1.103948 -0.793761 1.925265 3.044185 
-0.236900 -3.120851 2.546076 0.771338 -0.847327 2.382419 2.932545 
-0.148131 -3.026900 2.223658 0.704471 -0.393958 1.724195 2.743189 
-0.681323 -2.853982 2.319183 0.597389 0.072609 1.850027 2.361172 
-0.999384 -2.619081 2.343246 0.257427 -0.044150 2.281703 2.452059 
-1.014780 -2.746537 2.522559 0.502864 -0.437118 1.666965 2.098238 
-1.404932 -2.989168 2.273975 0.508157 -0.999192 1.479230 2.445367 
-1.352297 -3.461306 2.037463 0.152046 -0.359372 1.212623 2.296569 
-1.445438 -3.847781 1.575282 -0.098963 -0.823419 1.187976 1.731826 
-1.545909 -3.396199 1.154900 0.315822 -1.453980 1.165882 1.527065 
-1.295846 -3.523750 1.110202 -0.211453 -1.111834 0.896118 1.050386 
-0.840312 -2.804984 0.720564 -0.471210 -0.799682 1.043266 0.999153 
-0.843917 -2.457006 0.781746 -0.434336 -0.127385 1.047522 1.129138 
-0.276399 -2.214275 0.253595 -0.699092 0.338651 1.209624 1.414208 
0.044302 -2.094288 0.757237 -1.021608 0.229656 0.679032 1.442064 
-0.003611 -2.207417 0.999846 -0.969402 -0.008042 0.734098 1.668393 
-0.341195 -2.062620 1.204822 -1.446212 -0.446807 -0.137038 1.118271 
-0.398973 -1.155271 1.413306 -1.277140 -1.108089 0.148296 0.856946 
-0.056520 -0.023747 1.954601 -1.344233 -0.757162 0.266370 0.736540 
-0.011448 0.436457 2.679922 -1.004683 -0.124838 -0.223170 0.487559 
-0.088091 0.570790 2.164971 -0.765289 -0.094492 0.030286 0.197921 
-0.466923 0.254349 2.388626 -0.557164 -0.094288 -0.516422 -0.065543 
-0.288851 0.325688 1.830969 0.075666 -0.065491 -0.615904 -0.177594 
-0.338055 0.310858 1.407313 0.088288 -0.348600 -0.554648 -0.306964 
-0.096907 0.180709 0.177248 0.188587 0.045653 -0.640280 -0.671529 
-0.288008 0.532408 -0.415587 0.340073 -0.175241 -0.386330 -0.869302 
-0.050589 0.817296 -1.080606 0.752434 0.152058 0.108267 -0.730122 
0.043795 0.466182 -1.577994 0.370495 0.676597 0.242061 -0.770938 
0.595189 0.747428 -2.641233 0.555533 0.791733 0.015277 -0.901474 
0.456799 0.626489 -2.837864 1.109151 0.465585 -0.040416 -0.959636 
0.455591 1.602796 -2.661469 1.858747 0.579793 -0.403453 -0.795960 
0.398474 1.388317 -3.058500 1.886294 0.261436 -0.147762 -0.744626 
0.711420 1.497850 -2.959201 1.859554 -0.318113 0.232114 -0.928216 
0.834725 1.416750 -2.934276 2.028539 0.162221 -0.246270 -1.031159 
0.369353 2.083969 -1.993218 2.227901 0.776452 0.133659 -0.914601 
1.300617 2.560784 -1.097902 1.992662 1.072137 -0.121360 -0.963870 
1.609187 2.349883 -0.738135 1.949729 1.259028 -0.224286 -1.043581 
1.717104 2.332893 -0.765867 2.612247 1.009598 -0.391818 -1.150863 
0.995206 2.547719 -0.335707 2.480647 1.115066 -0.058076 -0.798995 
1.263852 3.284323 -0.601138 2.031702 1.157260 0.293507 -0.736138 
1.379576 2.914887 -0.511066 1.592756 1.419887 0.578688 -0.273004 
1.640744 3.770220 -0.290658 1.812780 2.194936 0.306309 -0.031855 
1.498370 4.598072 0.275616 1.925223 2.510867 -0.203123 0.246198 
1.515000 5.810453 0.157587 2.129243 2.287369 0.135918 0.173763 
1.693071 6.073907 -0.715917 2.303193 1.257922 -0.115328 0.002253 
1.544294 5.638535 -1.672719 2.045379 1.336641 0.318332 -0.444467 
1.893658 6.416121 -1.858024 2.886350 1.268533 0.721555 -0.439926 
2.364844 7.698771 -1.562018 3.092360 1.615723 0.288569 -0.434387 
2.409517 7.998396 -1.519035 3.550896 1.078711 -0.148686 -0.955057 
2.377079 8.094660 -1.580980 3.994878 1.685170 -0.511828 -0.814852 
2.745240 8.349021 -1.428868 4.195577 1.363397 -0.852547 -0.771302 
2.778923 8.621423 -1.192761 4.201695 0.794976 -0.413324 -0.655091 
2.781882 9.296104 -1.684996 3.887463 0.873594 0.141699 -1.047586 
2.844167 9.227076 -1.117190 4.202355 0.758666 -0.236227 -1.079408 
3.273721 9.951928 -0.110269 5.023515 1.447326 0.716128 -1.100514 
3.161803 10.734415 0.245840 5.787653 2.372602 0.408406 -1.297825 
2.767738 10.767247 0.602278 5.230812 2.818349 0.239164 -1.172045 
2.170648 11.557127 0.733907 4.968021 2.944537 0.625896 -1.260986 
2.920785 11.794705 0.938398 4.946039 2.577889 1.076605 -1.234727 
3.392781 11.687461 0.814779 4.619384 2.678429 0.922343 -1.382339 
3.607389 11.888672 1.005755 4.845620 3.461577 1.139458 -1.874015 
3.776885 12.489945 0.872197 5.435405 4.040985 1.149739 -2.344894 
3.975560 12.723680 1.014576 5.405554 4.831388 0.914785 -2.651669 
4.642070 13.437065 0.676187 4.870829 5.121730 1.928652 -2.841668 
4.758033 14.056242 0.206856 4.750443 4.824476 1.475734 -2.983256 
5.520626 14.929523 -0.612745 5.077647 3.893184 1.930557 -2.777734 
6.069007 16.509064 -1.076659 5.839257 3.869188 2.253201 -3.143991 
6.138466 16.458803 -1.210555 5.871953 3.933079 2.324310 -3.401209 
6.280226 16.826669 -1.590867 6.423146 5.135595 2.234733 -3.353843 
6.285415 17.501350 -1.630109 6.659814 5.435552 3.247707 -3.375016 
6.523539 18.801494 -2.723979 6.516810 5.358921 3.797978 -3.453424 
6.668510 19.312445 -3.503940 6.008255 5.287073 3.755678 -3.607642 
6.783877 19.499819 -3.119148 6.580053 5.208676 3.607935 -3.654044 
7.242703 20.301516 -3.291397 7.503908 5.404201 3.299410 -3.929747 
7.984236 20.350230 -3.433517 7.698272 4.760549 2.338826 -4.053982 
8.190203 21.359260 -3.135149 7.711613 4.842758 1.654015 -4.166984 
8.677511 21.014178 -2.741667 7.288940 4.545882 1.120406 -4.467541 
9.397833 21.575626 -2.926758 7.353837 4.569483 1.562794 -4.760740 
8.948891 22.531898 -2.755255 7.699974 3.917895 1.163433 -4.910068 
8.797063 23.409006 -3.100444 7.864295 3.959284 0.226332 -5.200587 
9.029135 23.543810 -2.136511 8.143814 3.704551 0.412699 -5.527868 
9.936623 24.576193 -1.811901 8.572849 3.609959 1.131874 -5.770280 
10.386219 26.059261 -2.212906 8.182951 3.448597 1.783834 -5.922145 
10.065310 26.771401 -1.522894 7.900351 2.859387 1.045424 -6.195106 
9.680065 27.824827 -1.063993 7.601056 3.750833 1.697336 -6.397176 
9.832463 27.721412 -0.682977 7.454867 4.024021 2.060927 -6.589684 
9.945745 28.905495 -0.444006 7.129027 3.549168 2.014261 -6.795333 
9.163930 29.911009 0.492504 8.083208 2.856624 1.140364 -6.985872 
9.257959 30.412869 0.859073 7.601394 3.480655 1.188477 -7.308974 
9.845215 30.843902 1.599313 7.302819 2.844082 1.274593 -7.667866 
10.050618 31.465556 0.942635 7.814381 3.044280 0.530531 -7.967959 
9.556452 32.343574 1.312603 8.024746 3.882622 0.510156 -8.311082 
9.212813 32.186934 1.519018 8.471800 3.358008 0.610842 -8.615075 
8.642901 32.022212 1.553407 8.414572 3.571304 0.931227 -8.328879 
8.136041 31.834697 1.019663 8.705549 3.448733 1.315552 -8.313701 
8.125249 32.588820 1.181426 9.216632 3.420892 1.436437 -8.593255 
8.257593 32.899559 0.768728 10.014545 4.215734 2.329759 -8.738042 
8.871013 33.141102 0.461995 10.315458 4.719025 2.630783 -8.750641 
9.272708 34.253561 0.590157 10.819587 4.940525 3.453416 -8.708430 
9.483098 35.430124 0.695401 11.160545 5.416696 3.505071 -8.979824 
9.488253 35.901749 1.216068 11.171751 5.565755 3.373723 -8.933475 
9.165885 35.950996 1.183030 11.778722 5.416589 2.913885 -8.877524 
9.201318 36.888809 1.092153 11.402452 5.641009 2.443481 -9.164504 
10.136963 37.276396 0.755452 11.848072 5.691467 3.998054 -9.653877 
11.041379 38.191840 1.098163 12.165375 5.965734 4.324275 -10.078201 
10.758977 39.144837 0.979329 11.997426 6.816402 3.961140 -10.168127 
9.806695 40.037730 1.193242 11.770369 6.754495 3.057864 -10.596066 
10.193233 40.286973 1.335502 11.264160 6.616807 2.736611 -11.143373 
10.556594 40.921179 1.059839 11.016198 5.905746 2.204675 -11.455447 
10.580865 41.320414 0.700695 10.392231 4.660036 3.055373 -11.296455 
10.086684 42.359164 0.972021 10.472498 3.855736 2.834950 -11.332094 
10.533645 43.672361 1.401175 10.219715 2.685529 2.679834 -11.575283 
11.013228 43.785883 1.312621 10.884484 2.325236 3.182735 -11.734868 
10.421980 44.999380 1.402836 11.524122 2.790663 2.498468 -12.432631 
NaN NaN NaN NaN NaN NaN NaN 
NaN NaN NaN NaN NaN NaN NaN 
NaN NaN NaN NaN NaN NaN NaN 
NaN NaN NaN NaN NaN NaN NaN 
