-10.993625 -0.439741 5.184776 -5.478824 3.563907 -9.513971 7.545117 -1.930458 -10.606728 7.096576 -1.935824 -8.820881 6.676716 -3.642923 -4.696334 -9.126650 2.146296 -1.983060 -3.091737 -8.977221 -5.207271 
-10.523757 0.020486 4.992447 -5.035168 3.018700 -9.301906 7.522720 -1.491893 -10.159248 6.353164 -1.801193 -7.455523 6.044655 -3.361528 -4.970561 -8.246784 1.804580 -1.866073 -3.468732 -8.552347 -5.119957 
-10.071406 0.450108 4.793666 -4.615667 2.509116 -9.085519 7.479482 -1.087538 -9.726313 5.646718 -1.678525 -6.171621 5.445778 -3.092712 -5.221010 -7.414018 1.478058 -1.756097 -3.815153 -8.146695 -5.039296 
-9.636048 0.850043 4.589204 -4.219555 2.033913 -8.865229 7.416575 -0.716028 -9.307584 4.976290 -1.567219 -4.966676 4.879120 -2.836173 -5.448378 -6.626959 1.166500 -1.652853 -4.131974 -7.759592 -4.964773 
-9.217166 1.221200 4.379817 -3.846074 1.591865 -8.641448 7.335155 -0.376018 -8.902728 4.340946 -1.466684 -3.838223 4.343727 -2.591615 -5.653355 -5.884232 0.869680 -1.556063 -4.420160 -7.390378 -4.895883 
-8.814251 1.564475 4.166246 -3.494477 1.181766 -8.414579 7.236356 -0.066187 -8.511411 3.739762 -1.376341 -2.783829 3.838655 -2.358743 -5.836621 -5.184481 0.587369 -1.465455 -4.680660 -7.038401 -4.832129 
-8.426800 1.880755 3.949214 -3.164024 0.802430 -8.185020 7.121296 0.214767 -8.133308 3.171826 -1.295619 -1.801091 3.362977 -2.137267 -5.998848 -4.526365 0.319340 -1.380762 -4.914413 -6.703020 -4.773025 
-8.054319 2.170917 3.729429 -2.853987 0.452685 -7.953159 6.991071 0.468123 -7.768094 2.636236 -1.223959 -0.887643 2.915774 -1.926899 -6.140700 -3.908564 0.065366 -1.301718 -5.122347 -6.383604 -4.718094 
-7.696322 2.435826 3.507585 -2.563646 0.131381 -7.719378 6.846763 0.695139 -7.415449 2.132100 -1.160812 -0.041148 2.496143 -1.727353 -6.262832 -3.329771 -0.174779 -1.228065 -5.305375 -6.079532 -4.666868 
-7.352327 2.676335 3.284359 -2.292292 -0.162615 -7.484052 6.689432 0.897050 -7.075056 1.658540 -1.105639 0.740697 2.103192 -1.538348 -6.365891 -2.788699 -0.401324 -1.159546 -5.464398 -5.790193 -4.618890 
-7.021865 2.893288 3.060411 -2.039223 -0.430418 -7.247547 6.520121 1.075072 -6.746602 1.214687 -1.057911 1.460162 1.736039 -1.359605 -6.450514 -2.284080 -0.614492 -1.095910 -5.600308 -5.514986 -4.573710 
-6.704469 3.087520 2.836386 -1.803749 -0.673124 -7.010221 6.339852 1.230398 -6.429777 0.799683 -1.017110 2.119487 1.393818 -1.190848 -6.517332 -1.814659 -0.814512 -1.036909 -5.713980 -5.253322 -4.530890 
-6.399683 3.259851 2.612914 -1.585187 -0.891812 -6.772427 6.149631 1.364200 -6.124277 0.412682 -0.982727 2.720876 1.075675 -1.031804 -6.566964 -1.379201 -1.001608 -0.982301 -5.806282 -5.004619 -4.490000 
-6.107056 3.411093 2.390609 -1.382866 -1.087542 -6.534508 5.950445 1.477627 -5.829797 0.052848 -0.954265 3.266502 0.780765 -0.882204 -6.600023 -0.976490 -1.176005 -0.931846 -5.878064 -4.768307 -4.450620 
-5.826148 3.542048 2.170068 -1.196123 -1.261354 -6.296801 5.743260 1.571808 -5.546040 -0.280642 -0.931237 3.758507 0.508259 -0.741781 -6.617114 -0.605324 -1.337929 -0.885309 -5.930169 -4.543827 -4.412340 
-5.556523 3.653505 1.951874 -1.024304 -1.414273 -6.059634 5.529027 1.647850 -5.272711 -0.588602 -0.913165 4.198998 0.257339 -0.610271 -6.618832 -0.264521 -1.487605 -0.842460 -5.963425 -4.330629 -4.374758 
-5.297754 3.746244 1.736592 -0.866766 -1.547303 -5.823328 5.308676 1.706838 -5.009518 -0.871835 -0.899582 4.590050 0.027199 -0.487414 -6.605762 0.047085 -1.625257 -0.803072 -5.978647 -4.128171 -4.337482 
-5.049422 3.821034 1.524773 -0.722874 -1.661432 -5.588198 5.083118 1.749837 -4.756172 -1.131131 -0.890032 4.933708 -0.182954 -0.372953 -6.578485 0.330641 -1.751110 -0.766923 -5.976640 -3.935926 -4.300131 
-4.811113 3.878632 1.316951 -0.592003 -1.757627 -5.354550 4.853248 1.777889 -4.512391 -1.367271 -0.884069 5.231980 -0.373900 -0.266632 -6.537569 0.587280 -1.865387 -0.733794 -5.958196 -3.753373 -4.262331 
-4.582423 3.919786 1.113646 -0.473539 -1.836838 -5.122682 4.619938 1.792014 -4.277892 -1.581024 -0.881256 5.486846 -0.546409 -0.168201 -6.483575 0.818113 -1.968311 -0.703471 -5.924094 -3.580004 -4.223720 
-4.362955 3.945232 0.915360 -0.366874 -1.899999 -4.892885 4.384046 1.793212 -4.052400 -1.773147 -0.881168 5.700249 -0.701235 -0.077411 -6.417057 1.024238 -2.060107 -0.675745 -5.875102 -3.415318 -4.183944 
-4.152319 3.955696 0.722580 -0.271412 -1.948021 -4.665443 4.146409 1.782461 -3.835639 -1.944389 -0.883389 5.874105 -0.839123 0.005984 -6.338559 1.206731 -2.140998 -0.650409 -5.811974 -3.258827 -4.142658 
-3.950133 3.951893 0.535778 -0.186566 -1.981802 -4.440632 3.907845 1.760717 -3.627342 -2.095484 -0.887515 6.010291 -0.960804 0.082225 -6.248615 1.366655 -2.211205 -0.627262 -5.735453 -3.110051 -4.099528 
-3.756021 3.934527 0.355409 -0.111760 -2.002216 -4.218721 3.669154 1.728914 -3.427240 -2.227157 -0.893150 6.110657 -1.066997 0.151552 -6.147754 1.505053 -2.270953 -0.606106 -5.646271 -2.968523 -4.054229 
-3.569617 3.904293 0.181913 -0.046423 -2.010124 -3.999970 3.431119 1.687965 -3.235072 -2.340124 -0.899910 6.177018 -1.158407 0.214201 -6.036494 1.622951 -2.320462 -0.586749 -5.545144 -2.833783 -4.006444 
-3.390559 3.861873 0.015713 0.010001 -2.006366 -3.784633 3.194501 1.638763 -3.050579 -2.435085 -0.907420 6.211155 -1.235730 0.270405 -5.915345 1.721359 -2.359956 -0.569001 -5.432779 -2.705382 -3.955868 
-3.218497 3.807939 -0.142781 0.058063 -1.991763 -3.572956 2.960044 1.582177 -2.873504 -2.512733 -0.915318 6.214821 -1.299647 0.320395 -5.784808 1.801266 -2.389654 -0.552676 -5.309870 -2.582883 -3.902203 
-3.053084 3.743152 -0.293178 0.098302 -1.967121 -3.365176 2.728475 1.519056 -2.703596 -2.573749 -0.923248 6.189731 -1.350827 0.364396 -5.645377 1.863648 -2.409780 -0.537595 -5.177099 -2.465857 -3.845163 
-2.893983 3.668165 -0.435102 0.131249 -1.933223 -3.161526 2.500501 1.450226 -2.540607 -2.618803 -0.930869 6.137571 -1.389927 0.402634 -5.497536 1.909462 -2.420554 -0.523581 -5.035134 -2.353887 -3.784469 
-2.740864 3.583615 -0.568191 0.157423 -1.890838 -2.962228 2.276808 1.376494 -2.384292 -2.648552 -0.937846 6.059994 -1.417591 0.435330 -5.341761 1.939645 -2.422196 -0.510461 -4.884634 -2.246563 -3.719854 
-2.593404 3.490134 -0.692100 0.177338 -1.840715 -2.767497 2.058068 1.298642 -2.234410 -2.663644 -0.943858 5.958620 -1.434453 0.462701 -5.178518 1.955120 -2.414928 -0.498067 -4.726242 -2.143489 -3.651057 
-2.451289 3.388339 -0.806502 0.191494 -1.783585 -2.577542 1.844930 1.217434 -2.090723 -2.664717 -0.948591 5.835035 -1.441131 0.484961 -5.008269 1.956792 -2.398969 -0.486234 -4.560591 -2.044276 -3.577831 
-2.314211 3.278838 -0.911081 0.200384 -1.720159 -2.392564 1.638028 1.133610 -1.952997 -2.652394 -0.951743 5.690796 -1.438232 0.502324 -4.831461 1.945547 -2.374539 -0.474803 -4.388302 -1.948547 -3.499934 
-2.181869 3.162229 -1.005542 0.204491 -1.651132 -2.212756 1.437975 1.047889 -1.821003 -2.627292 -0.953024 5.527425 -1.426353 0.514998 -4.648538 1.922255 -2.341859 -0.463617 -4.209983 -1.855935 -3.417137 
-2.053970 3.039098 -1.089602 0.204289 -1.577180 -2.038302 1.245367 0.960969 -1.694513 -2.590012 -0.952150 5.346411 -1.406075 0.523188 -4.459932 1.887767 -2.301147 -0.452526 -4.026229 -1.766082 -3.329219 
-1.930231 2.910021 -1.162995 0.200241 -1.498960 -1.869382 1.060778 0.873527 -1.573304 -2.541148 -0.948851 5.149212 -1.377968 0.527097 -4.266069 1.842919 -2.252622 -0.441381 -3.837624 -1.678642 -3.235967 
-1.810371 2.775562 -1.225472 0.192803 -1.417112 -1.706166 0.884768 0.786216 -1.457157 -2.481280 -0.942866 4.937252 -1.342592 0.526925 -4.067365 1.788528 -2.196503 -0.430040 -3.644740 -1.593277 -3.137181 
-1.694123 2.636276 -1.276798 0.182419 -1.332257 -1.548816 0.717876 0.699671 -1.345856 -2.410978 -0.933945 4.711925 -1.300490 0.522868 -3.864227 1.725394 -2.133009 -0.418362 -3.448136 -1.509661 -3.032668 
-1.581221 2.492707 -1.316754 0.169524 -1.244998 -1.397488 0.560622 0.614501 -1.239189 -2.330803 -0.921846 4.474589 -1.252196 0.515121 -3.657054 1.654299 -2.062358 -0.406214 -3.248358 -1.427476 -2.922244 
-1.471412 2.345387 -1.345139 0.154547 -1.155918 -1.252330 0.413507 0.531299 -1.136946 -2.241301 -0.906340 4.226572 -1.198230 0.503872 -3.446237 1.576009 -1.984768 -0.393463 -3.045941 -1.346417 -2.805737 
-1.364448 2.194838 -1.361765 0.137902 -1.065585 -1.113481 0.277016 0.450631 -1.038923 -2.143010 -0.887207 3.969168 -1.139102 0.489311 -3.232159 1.491270 -1.900455 -0.379984 -2.841408 -1.266186 -2.682982 
-1.260087 2.041573 -1.366461 0.119997 -0.974545 -0.981076 0.151613 0.373045 -0.944919 -2.036456 -0.864237 3.703640 -1.075306 0.471621 -3.015192 1.400814 -1.809639 -0.365654 -2.635269 -1.186498 -2.553824 
-1.158097 1.886091 -1.359073 0.101230 -0.883329 -0.855239 0.037744 0.299067 -0.854735 -1.922153 -0.837232 3.431218 -1.007327 0.450984 -2.795703 1.305352 -1.712535 -0.350354 -2.428021 -1.107077 -2.418119 
-1.058253 1.728882 -1.339460 0.081990 -0.792448 -0.736087 -0.064164 0.229199 -0.768176 -1.800606 -0.806003 3.153098 -0.935635 0.427578 -2.574046 1.205581 -1.609361 -0.333970 -2.220150 -1.027656 -2.275731 
-0.960337 1.570426 -1.307499 0.062655 -0.702395 -0.623731 -0.153702 0.163925 -0.685053 -1.672308 -0.770370 2.870445 -0.860689 0.401578 -2.350571 1.102178 -1.500333 -0.316393 -2.012130 -0.947980 -2.126534 
-0.864137 1.411191 -1.263082 0.043595 -0.613644 -0.518273 -0.230480 0.103705 -0.605179 -1.537739 -0.730166 2.584390 -0.782936 0.373157 -2.125617 0.995805 -1.385667 -0.297515 -1.804422 -0.867803 -1.970412 
-0.769452 1.251636 -1.206118 0.025170 -0.526652 -0.419809 -0.294127 0.048979 -0.528369 -1.397372 -0.685232 2.296035 -0.702809 0.342484 -1.899515 0.887103 -1.265578 -0.277236 -1.597474 -0.786889 -1.807256 
-0.676084 1.092206 -1.136530 0.007730 -0.441858 -0.328426 -0.344289 0.000163 -0.454444 -1.251664 -0.635422 2.006444 -0.620731 0.309724 -1.672587 0.776700 -1.140284 -0.255458 -1.391724 -0.705013 -1.636970 
-0.583848 0.933339 -1.054258 -0.008384 -0.359681 -0.244203 -0.380632 -0.042345 -0.383227 -1.101066 -0.580597 1.716654 -0.537110 0.275042 -1.445147 0.665203 -1.009998 -0.232087 -1.187596 -0.621960 -1.459466 
-0.492560 0.775461 -0.959257 -0.022840 -0.280522 -0.167214 -0.402842 -0.078171 -0.314546 -0.946015 -0.520630 1.427665 -0.452342 0.238596 -1.217501 0.553203 -0.874936 -0.207034 -0.985502 -0.537524 -1.274664 
-0.402050 0.618985 -0.851499 -0.035315 -0.204765 -0.097523 -0.410620 -0.106963 -0.248232 -0.786936 -0.455405 1.140447 -0.366814 0.200545 -0.989944 0.441274 -0.735313 -0.180214 -0.785841 -0.451512 -1.082496 
-0.312150 0.464316 -0.730971 -0.045498 -0.132775 -0.035188 -0.403689 -0.128388 -0.184120 -0.624246 -0.384815 0.855936 -0.280896 0.161041 -0.762767 0.329971 -0.591343 -0.151546 -0.589003 -0.363737 -0.882902 
-0.222703 0.311848 -0.597675 -0.053086 -0.064899 0.019742 -0.381789 -0.142137 -0.122046 -0.458350 -0.308764 0.575038 -0.194948 0.120237 -0.536247 0.219834 -0.443240 -0.120954 -0.395361 -0.274025 -0.675832 
-0.133558 0.161964 -0.451630 -0.057783 -0.001464 0.067225 -0.344679 -0.147921 -0.061853 -0.289639 -0.227166 0.298624 -0.109317 0.078279 -0.310657 0.111385 -0.291219 -0.088364 -0.205280 -0.182211 -0.461244 
-0.044571 0.015035 -0.292871 -0.059307 0.057218 0.107225 -0.292137 -0.145473 -0.003387 -0.118497 -0.139945 0.027532 -0.024339 0.035313 -0.086259 0.005126 -0.135492 -0.053708 -0.019111 -0.088142 -0.239108 
0.044392 -0.128577 -0.121448 -0.057381 0.110856 0.139716 -0.223959 -0.134549 0.053504 0.054705 -0.047036 -0.237430 0.059664 -0.008520 0.136692 -0.098456 0.023727 -0.016922 0.162809 0.008328 -0.009403 
0.133462 -0.268522 0.062574 -0.051742 0.159176 0.164678 -0.139959 -0.114923 0.108968 0.229607 0.051616 -0.495488 0.142382 -0.053081 0.357951 -0.198892 0.186224 0.022055 0.340152 0.107332 0.227886 
0.222757 -0.404459 0.259111 -0.042133 0.201923 0.182098 -0.039971 -0.086395 0.163147 0.405860 0.156055 -0.745901 0.223518 -0.098234 0.577282 -0.295729 0.351788 0.063277 0.512605 0.208994 0.472759 
0.312392 -0.536060 0.468066 -0.028307 0.238860 0.191973 0.076152 -0.048782 0.216184 0.583125 0.266317 -0.987959 0.302786 -0.143847 0.794454 -0.388535 0.520206 0.106798 0.679865 0.313429 0.725210 
0.402473 -0.663006 0.689326 -0.010028 0.269769 0.194305 0.208540 -0.001927 0.268213 0.761077 0.382425 -1.220986 0.379912 -0.189789 1.009249 -0.476891 0.691265 0.152665 0.841642 0.420739 0.985224 
0.493097 -0.784989 0.922762 0.012932 0.294448 0.189105 0.357303 0.054309 0.319369 0.939398 0.504394 -1.444339 0.454637 -0.235935 1.221454 -0.560399 0.864754 0.200921 0.997659 0.531019 1.252774 
0.584357 -0.901713 1.168228 0.040791 0.312716 0.176391 0.522534 0.120041 0.369781 1.117783 0.632226 -1.657405 0.526713 -0.282161 1.430867 -0.638676 1.040462 0.251606 1.147651 0.644352 1.527826 
0.676335 -1.012891 1.425563 0.073757 0.324409 0.156189 0.704305 0.195365 0.419574 1.295940 0.765915 -1.859605 0.595902 -0.328346 1.637294 -0.711359 1.218176 0.304754 1.291365 0.760811 1.810334 
0.769107 -1.118248 1.694591 0.112030 0.329381 0.128531 0.902672 0.280354 0.468872 1.473585 0.905444 -2.050394 0.661983 -0.374374 1.840547 -0.778099 1.397686 0.360397 1.428560 0.880460 2.100245 
0.862742 -1.217518 1.975119 0.155799 0.327505 0.093459 1.117670 0.375058 0.517792 1.650446 1.050786 -2.229258 0.724744 -0.420129 2.040451 -0.838567 1.578782 0.418563 1.559007 1.003350 2.397496 
0.957302 -1.310448 2.266939 0.205245 0.318672 0.051020 1.349317 0.479507 0.566450 1.826262 1.201902 -2.395714 0.783987 -0.465501 2.236836 -0.892451 1.761252 0.479272 1.682490 1.129526 2.702012 
1.052838 -1.396794 2.569826 0.260538 0.302792 0.001270 1.597611 0.593711 0.614958 2.000784 1.358746 -2.549315 0.839524 -0.510381 2.429541 -0.939456 1.944887 0.542545 1.798805 1.259021 3.013711 
1.149399 -1.476324 2.883541 0.321839 0.279791 -0.055726 1.862533 0.717656 0.663422 2.173774 1.521259 -2.689644 0.891183 -0.554663 2.618415 -0.979304 2.129476 0.608395 1.907761 1.391855 3.332501 
1.247022 -1.548815 3.207827 0.389301 0.249615 -0.119899 2.144045 0.851307 0.711949 2.345003 1.689371 -2.816317 0.938802 -0.598247 2.803315 -1.011735 2.314811 0.676832 2.009177 1.528043 3.658282 
1.345739 -1.614057 3.542414 0.463065 0.212230 -0.191170 2.442088 0.994609 0.760637 2.514256 1.863006 -2.928984 0.982231 -0.641032 2.984105 -1.036506 2.500682 0.747863 2.102887 1.667586 3.990941 
1.445572 -1.671849 3.887013 0.543265 0.167617 -0.269453 2.756588 1.147482 0.809585 2.681326 2.042072 -3.027325 1.021335 -0.682923 3.160660 -1.053392 2.686880 0.821490 2.188735 1.810476 4.330358 
1.546539 -1.722001 4.241322 0.630024 0.115777 -0.354655 3.087450 1.309829 0.858886 2.846019 2.226472 -3.111054 1.055988 -0.723826 3.332862 -1.062186 2.873196 0.897710 2.266579 1.956696 4.676404 
1.648649 -1.764334 4.605022 0.723455 0.056729 -0.446674 3.434560 1.481527 0.908630 3.008152 2.416095 -3.179918 1.086079 -0.763651 3.500602 -1.062696 3.059423 0.976517 2.336288 2.106217 5.028938 
1.751902 -1.798679 4.977777 0.823664 -0.009490 -0.545402 3.797788 1.662436 0.958902 3.167553 2.610821 -3.233696 1.111508 -0.802313 3.663779 -1.054750 3.245351 1.057900 2.397743 2.259002 5.387812 
1.856292 -1.824880 5.359237 0.930745 -0.082825 -0.650723 4.176983 1.852390 1.009787 3.324060 2.810520 -3.272199 1.132188 -0.839725 3.822301 -1.038191 3.430772 1.141844 2.450839 2.415001 5.752867 
1.961805 -1.842788 5.749036 1.044784 -0.163200 -0.762513 4.571976 2.051205 1.061362 3.477523 3.015051 -3.295272 1.148044 -0.875809 3.976084 -1.012883 3.615481 1.228332 2.495482 2.574156 6.123935 
2.068422 -1.852269 6.146791 1.165858 -0.250525 -0.880640 4.982579 2.258673 1.113704 3.627803 3.224263 -3.302791 1.159014 -0.910486 4.125054 -0.978703 3.799268 1.317338 2.531590 2.736398 6.500840 
2.176112 -1.853196 6.552105 1.294032 -0.344689 -1.004968 5.408587 2.474565 1.166884 3.774772 3.437996 -3.294664 1.165048 -0.943680 4.269143 -0.935549 3.981928 1.408838 2.559094 2.901650 6.883393 
2.284839 -1.845455 6.964563 1.429364 -0.445562 -1.135348 5.849774 2.698633 1.220971 3.918312 3.656078 -3.270834 1.166109 -0.975322 4.408294 -0.883335 4.163253 1.502798 2.577936 3.069821 7.271399 
2.394561 -1.828941 7.383737 1.571901 -0.552999 -1.271627 6.305897 2.930603 1.276029 4.058319 3.878326 -3.231275 1.162170 -1.005341 4.542458 -0.821991 4.343038 1.599183 2.588072 3.240812 7.664652 
2.505227 -1.803562 7.809179 1.721683 -0.666833 -1.413644 6.776694 3.170184 1.332119 4.194695 4.104550 -3.175993 1.153219 -1.033672 4.671593 -0.751467 4.521075 1.697955 2.589470 3.414515 8.062936 
2.616776 -1.769235 8.240430 1.878737 -0.786882 -1.561230 7.261884 3.417059 1.389299 4.327359 4.334546 -3.105028 1.139256 -1.060253 4.795667 -0.671729 4.697160 1.799068 2.582108 3.590810 8.466027 
2.729145 -1.725888 8.677011 2.043083 -0.912943 -1.714208 7.761167 3.670894 1.447623 4.456237 4.568101 -3.018451 1.120293 -1.085024 4.914656 -0.582761 4.871086 1.902475 2.565979 3.769567 8.873690 
2.842259 -1.673459 9.118431 2.214731 -1.044796 -1.872395 8.274226 3.931329 1.507141 4.581267 4.804994 -2.916367 1.096353 -1.107929 5.028545 -0.484563 5.042649 2.008123 2.541086 3.950647 9.285681 
2.956037 -1.611899 9.564180 2.393681 -1.182203 -2.035598 8.800725 4.197986 1.567900 4.702398 5.044990 -2.798913 1.067475 -1.128913 5.137327 -0.377154 5.211643 2.115957 2.507447 4.133899 9.701748 
3.070391 -1.541167 10.013734 2.579925 -1.324907 -2.203620 9.340307 4.470464 1.629942 4.819592 5.287846 -2.666257 1.033705 -1.147928 5.241004 -0.260571 5.377865 2.225915 2.465090 4.319165 10.121627 
3.185225 -1.461235 10.466553 2.773443 -1.472633 -2.376252 9.892599 4.748341 1.693309 4.932818 5.533308 -2.518603 0.995107 -1.164925 5.339586 -0.134865 5.541108 2.337934 2.414055 4.506273 10.545045 
3.300436 -1.372085 10.922080 2.974208 -1.625088 -2.553282 10.457209 5.031172 1.758034 5.042059 5.781112 -2.356183 0.951754 -1.179860 5.433091 -0.000109 5.701170 2.451944 2.354395 4.695044 10.971723 
3.415912 -1.273708 11.379744 3.182182 -1.781960 -2.734487 11.033724 5.318492 1.824151 5.147310 6.030984 -2.179266 0.903732 -1.192692 5.521548 0.143611 5.857847 2.567872 2.286177 4.885287 11.401367 
3.531537 -1.166109 11.838956 3.397319 -1.942920 -2.919638 11.621716 5.609814 1.891688 5.248574 6.282639 -1.988151 0.851140 -1.203382 5.604991 0.296188 6.010934 2.685641 2.209477 5.076802 11.833677 
3.647183 -1.049300 12.299114 3.619562 -2.107618 -3.108498 12.220736 5.904629 1.960671 5.345867 6.535781 -1.783169 0.794089 -1.211896 5.683465 0.457499 6.160230 2.805170 2.124386 5.269377 12.268344 
3.762718 -0.923307 12.759598 3.848845 -2.275689 -3.300824 12.830317 6.202407 2.031120 5.439215 6.790106 -1.564686 0.732702 -1.218202 5.757024 0.627405 6.305530 2.926373 2.031005 5.462793 12.705047 
3.878000 -0.788164 13.219772 4.085092 -2.446749 -3.496362 13.449973 6.502597 2.103054 5.528657 7.045297 -1.333099 0.667115 -1.222269 5.825728 0.805746 6.446632 3.049161 1.929449 5.656818 13.143457 
3.992883 -0.643919 13.678987 4.328220 -2.620393 -3.694855 14.079200 6.804625 2.176488 5.614241 7.301030 -1.088836 0.597476 -1.224073 5.889648 0.992350 6.583335 3.173440 1.819844 5.851212 13.583236 
4.107209 -0.490627 14.136574 4.578134 -2.796201 -3.896034 14.717474 7.107897 2.251431 5.696026 7.556966 -0.832361 0.523946 -1.223590 5.948862 1.187021 6.715435 3.299111 1.702329 6.045722 14.024035 
4.220817 -0.328357 14.591852 4.834731 -2.973734 -4.099626 15.364255 7.411796 2.327891 5.774084 7.812761 -0.564168 0.446697 -1.220800 6.003456 1.389552 6.842731 3.426074 1.577056 6.240087 14.465497 
4.333534 -0.157186 15.044122 5.097896 -3.152532 -4.305348 16.018981 7.715685 2.405871 5.848497 8.068058 -0.284784 0.365916 -1.215687 6.053527 1.599713 6.965022 3.554221 1.444187 6.434037 14.907254 
4.445184 0.022797 15.492670 5.367508 -3.332121 -4.512910 16.681075 8.018903 2.485372 5.919356 8.322488 0.005231 0.281799 -1.208237 6.099179 1.817261 7.082106 3.683442 1.303897 6.627289 15.348931 
4.555581 0.211492 15.936766 5.643434 -3.512005 -4.722017 17.349938 8.320771 2.566389 5.986767 8.575675 0.305285 0.194557 -1.198438 6.140524 2.041933 7.193783 3.813622 1.156376 6.819551 15.790141 
4.664532 0.408788 16.375664 5.925534 -3.691673 -4.932362 18.024954 8.620585 2.648915 6.050844 8.827231 0.614752 0.104412 -1.186283 6.177683 2.273450 7.299851 3.944644 1.001822 7.010523 16.230488 
4.771836 0.614565 16.808602 6.213655 -3.870592 -5.143634 18.705489 8.917622 2.732940 6.111714 9.076758 0.932976 0.011599 -1.171767 6.210786 2.511515 7.400111 4.076383 0.840448 7.199890 16.669568 
4.877285 0.828690 17.234804 6.507638 -4.048214 -5.355513 19.390889 9.211136 2.818448 6.169512 9.323848 1.259266 -0.083635 -1.154889 6.239971 2.755812 7.494362 4.208712 0.672479 7.387332 17.106965 
4.980663 1.051022 17.653475 6.807312 -4.223972 -5.567672 20.080482 9.500360 2.905423 6.224389 9.568081 1.592900 -0.181029 -1.135651 6.265386 3.006010 7.582404 4.341502 0.498151 7.572516 17.542256 
5.081749 1.281407 18.063808 7.112499 -4.397278 -5.779776 20.773578 9.784506 2.993841 6.276502 9.809030 1.933123 -0.280313 -1.114055 6.287184 3.261761 7.664039 4.474615 0.317714 7.755099 17.975008 
5.180312 1.519680 18.464976 7.423009 -4.567530 -5.991483 21.469466 10.062763 3.083678 6.326023 10.046255 2.279148 -0.381201 -1.090111 6.305530 3.522697 7.739066 4.607912 0.131427 7.934730 18.404776 
5.276113 1.765668 18.856139 7.738644 -4.734104 -6.202442 22.167420 10.334299 3.174905 6.373131 10.279307 2.630154 -0.483397 -1.063828 6.320596 3.788433 7.807288 4.741251 -0.060434 8.111044 18.831110 
5.368907 2.019185 19.236442 8.059196 -4.896360 -6.412297 22.866692 10.598262 3.267490 6.418021 10.507725 2.985289 -0.586591 -1.035220 6.332564 4.058570 7.868505 4.874482 -0.257585 8.283669 19.253546 
5.458442 2.280034 19.605011 8.384449 -5.053639 -6.620682 23.566518 10.853776 3.361395 6.460895 10.731040 3.343668 -0.690463 -1.004304 6.341621 4.332687 7.922519 5.007454 -0.459727 8.452222 19.671614 
5.544458 2.548009 19.960959 8.714175 -5.205264 -6.827225 24.266113 11.099946 3.456582 6.501967 10.948771 3.704373 -0.794677 -0.971099 6.347967 4.610348 7.969132 5.140011 -0.666550 8.616310 20.084832 
5.626686 2.822893 20.303381 9.048138 -5.350539 -7.031546 24.964675 11.335853 3.553007 6.541464 11.160427 4.066454 -0.898889 -0.935627 6.351808 4.891100 8.008146 5.271992 -0.877731 8.775529 20.492711 
5.704851 3.104456 20.631358 9.386093 -5.488750 -7.233256 25.661382 11.560557 3.650624 6.579622 11.365508 4.428928 -1.002738 -0.897916 6.353358 5.174471 8.039364 5.403233 -1.092937 8.929467 20.894749 
5.778671 3.392460 20.943955 9.727784 -5.619165 -7.431962 26.355396 11.773099 3.749381 6.616688 11.563503 4.790780 -1.105855 -0.857994 6.352842 5.459973 8.062588 5.533565 -1.311820 9.077698 21.290439 
5.847855 3.686656 21.240220 10.072948 -5.741033 -7.627260 27.045857 11.972495 3.849225 6.652921 11.753889 5.150962 -1.207854 -0.815891 6.350490 5.747100 8.077623 5.662815 -1.534021 9.219790 21.679260 
5.912106 3.986782 21.519187 10.421309 -5.853587 -7.818740 27.731889 12.157742 3.950098 6.688591 11.936135 5.508393 -1.308342 -0.771644 6.346544 6.035328 8.084270 5.790806 -1.759168 9.355299 22.060685 
5.971119 4.292568 21.779871 10.772585 -5.956038 -8.005984 28.412595 12.327813 4.051939 6.723979 12.109699 5.861962 -1.406909 -0.725290 6.341253 6.324117 8.082334 5.917357 -1.986877 9.483770 22.434175 
6.024582 4.603731 22.021275 11.126483 -6.047582 -8.188567 29.087063 12.481662 4.154683 6.759376 12.274028 6.210522 -1.503134 -0.676871 6.334875 6.612908 8.071619 6.042283 -2.216754 9.604739 22.799184 
6.072173 4.919979 22.242384 11.482700 -6.127395 -8.366057 29.754358 12.618221 4.258261 6.795085 12.428560 6.552896 -1.596585 -0.626429 6.327675 6.901126 8.051929 6.165394 -2.448389 9.717733 23.155154 
6.113566 5.241009 22.442167 11.840925 -6.194635 -8.538012 30.413529 12.736398 4.362601 6.831421 12.572721 6.887873 -1.686817 -0.574013 6.319928 7.188178 8.023068 6.286496 -2.681362 9.822266 23.501520 
6.148425 5.566507 22.619580 12.200836 -6.248442 -8.703985 31.063606 12.835082 4.467627 6.868708 12.705928 7.214209 -1.773370 -0.519673 6.311917 7.473453 7.984842 6.405393 -2.915242 9.917844 23.837705 
6.176409 5.896148 22.773558 12.562102 -6.287937 -8.863521 31.703599 12.913140 4.573261 6.907283 12.827588 7.530631 -1.855776 -0.463460 6.303934 7.756324 7.937055 6.521880 -3.149581 10.003962 24.163124 
6.197167 6.229595 22.903026 12.924383 -6.312224 -9.016155 32.332503 12.969418 4.679419 6.947492 12.937097 7.835829 -1.933552 -0.405433 6.296280 8.036144 7.879513 6.635754 -3.383924 10.080105 24.477183 
6.210341 6.566504 23.006888 13.287330 -6.320388 -9.161419 32.949290 13.002737 4.786014 6.989693 13.033839 8.128462 -2.006202 -0.345650 6.289262 8.312252 7.812022 6.746803 -3.617802 10.145748 24.779277 
6.215568 6.906517 23.084037 13.650583 -6.311496 -9.298833 33.552916 13.011902 4.892957 7.034256 13.117192 8.407159 -2.073220 -0.284173 6.283199 8.583967 7.734387 6.854812 -3.850732 10.200356 25.068793 
6.212474 7.249267 23.133346 14.013773 -6.284595 -9.427912 34.142317 12.995692 5.000155 7.081561 13.186519 8.670512 -2.134085 -0.221068 6.278416 8.850592 7.646416 6.959564 -4.082220 10.243384 25.345107 
6.200679 7.594375 23.153676 14.376523 -6.238716 -9.548163 34.716411 12.952867 5.107508 7.132000 13.241176 8.917085 -2.188266 -0.156403 6.275248 9.111412 7.547913 7.060835 -4.311761 10.274276 25.607586 
6.179797 7.941451 23.143868 14.738446 -6.172871 -9.659085 35.274098 12.882163 5.214918 7.185974 13.280508 9.145405 -2.235217 -0.090249 6.274037 9.365695 7.438687 7.158399 -4.538837 10.292466 25.855589 
6.149432 8.290097 23.102750 15.099143 -6.086054 -9.760170 35.814258 12.782297 5.322279 7.243897 13.303849 9.353970 -2.274383 -0.022681 6.275135 9.612690 7.318544 7.252024 -4.762916 10.297379 26.088464 
6.109183 8.639902 23.029134 15.458209 -5.977239 -9.850902 36.335754 12.651963 5.429483 7.306194 13.310522 9.541245 -2.305194 0.046223 6.278902 9.851631 7.187293 7.341475 -4.983455 10.288429 26.305550 
6.058640 8.990444 22.921817 15.815227 -5.845384 -9.930758 36.837429 12.489834 5.536418 7.373300 13.299841 9.705659 -2.327067 0.116383 6.285707 10.081733 7.044739 7.426513 -5.199900 10.265020 26.506175 
5.997384 9.341291 22.779577 16.169773 -5.689427 -9.999206 37.318107 12.294562 5.642969 7.445661 13.271111 9.845614 -2.339410 0.187715 6.295925 10.302194 6.890693 7.506894 -5.411684 10.226546 26.689661 
5.924993 9.692001 22.601178 16.521411 -5.508289 -10.055709 37.776596 12.064775 5.749018 7.523736 13.223623 9.959475 -2.341615 0.260133 6.309943 10.512194 6.724961 7.582370 -5.618226 10.172389 26.855317 
5.841033 10.042120 22.385370 16.869697 -5.300872 -10.099721 38.211682 11.799083 5.854441 7.607992 13.156661 10.045576 -2.333065 0.333547 6.328156 10.710898 6.547352 7.652690 -5.818935 10.101925 27.002444 
5.745065 10.391185 22.130885 17.214177 -5.066059 -10.130687 38.622134 11.496072 5.959113 7.698910 13.069497 10.102220 -2.313126 0.407863 6.350965 10.897450 6.357676 7.717597 -6.013207 10.014516 27.130333 
5.636642 10.738719 21.836440 17.554388 -4.802717 -10.148047 39.006703 11.154307 6.062903 7.796980 12.961394 10.127674 -2.281157 0.482987 6.378781 11.070979 6.155741 7.776832 -6.200425 9.909515 27.238268 
5.515309 11.084239 21.500735 17.889858 -4.509692 -10.151232 39.364120 10.772331 6.165680 7.902704 12.831602 10.120175 -2.236501 0.558820 6.412025 11.230596 5.941357 7.830129 -6.379962 9.786266 27.325519 
5.380604 11.427246 21.122456 18.220104 -4.185814 -10.139667 39.693099 10.348668 6.267304 8.016595 12.679365 10.077928 -2.178490 0.635259 6.451124 11.375395 5.714334 7.877220 -6.551175 9.644101 27.391351 
5.232059 11.767235 20.700272 18.544634 -3.829893 -10.112766 39.992333 9.881817 6.367637 8.139177 12.503913 9.999103 -2.106443 0.712200 6.496516 11.504451 5.474481 7.917833 -6.713412 9.482344 27.435016 
5.069194 12.103688 20.232837 18.862948 -3.440722 -10.069940 40.260499 9.370257 6.466534 8.270985 12.304468 9.881840 -2.019666 0.789534 6.548645 11.616824 5.221609 7.951691 -6.866009 9.300307 27.455759 
4.891528 12.436076 19.718788 19.174535 -3.017075 -10.010590 40.496253 8.812446 6.563848 8.412565 12.080239 9.724245 -1.917455 0.867151 6.607965 11.711555 4.955529 7.978512 -7.008286 9.097292 27.452813 
4.698566 12.763860 19.156747 19.478874 -2.557707 -9.934108 40.698234 8.206819 6.659426 8.564474 11.830428 9.524391 -1.799091 0.944937 6.674939 11.787667 4.676051 7.998012 -7.139555 8.872592 27.425405 
4.489811 13.086489 18.545320 19.775437 -2.061356 -9.839882 40.865062 7.551792 6.753114 8.727280 11.554224 9.280320 -1.663844 1.022773 6.750037 11.844167 4.382987 8.009900 -7.259114 8.625490 27.372750 
4.264755 13.403404 17.883098 20.063685 -1.526742 -9.727290 40.995338 6.845756 6.844754 8.901562 11.250808 8.990040 -1.510971 1.100541 6.833739 11.880044 4.076147 8.013885 -7.366247 8.355257 27.294054 
4.022883 13.714034 17.168655 20.343068 -0.952565 -9.595703 41.087645 6.087083 6.934183 9.087910 10.919349 8.651528 -1.339718 1.178117 6.926533 11.894270 3.755344 8.009667 -7.460229 8.061156 27.188513 
3.763674 14.017795 16.400550 20.613030 -0.337508 -9.444484 41.140546 5.274124 7.021237 9.286926 10.559006 8.262727 -1.149317 1.255375 7.028915 11.885799 3.420390 7.996945 -7.540322 7.742437 27.055314 
3.486599 14.314095 15.577326 20.873002 0.319765 -9.272990 41.152588 4.405205 7.105744 9.499222 10.168928 7.821549 -0.938988 1.332185 7.141389 11.853568 3.071098 7.975413 -7.605773 7.398344 26.893635 
3.191121 14.602331 14.697509 21.122409 1.020606 -9.080569 41.122295 3.478634 7.187533 9.725422 9.748254 7.325872 -0.707939 1.408415 7.264471 11.796496 2.707278 7.944762 -7.655819 7.028107 26.702645 
2.876696 14.881889 13.759612 21.360663 1.766390 -8.866562 41.048177 2.492695 7.266427 9.966159 9.296113 6.773541 -0.455365 1.483930 7.398680 11.713486 2.328746 7.904675 -7.689686 6.630948 26.481502 
2.542771 15.152143 12.762129 21.587170 2.558505 -8.630302 40.928724 1.445653 7.342246 10.222080 8.811621 6.162371 -0.180449 1.558591 7.544549 11.603422 1.935313 7.854836 -7.706586 6.206078 26.229354 
2.188788 15.412457 11.703540 21.801323 3.398361 -8.371115 40.762405 0.335750 7.414807 10.493841 8.293888 5.490143 0.117638 1.632257 7.702616 11.465170 1.526793 7.794922 -7.705718 5.752698 25.945343 
1.814181 15.662187 10.582309 22.002509 4.287385 -8.088319 40.547672 -0.838795 7.483921 10.782109 7.742010 4.754604 0.439738 1.704783 7.873429 11.297582 1.103001 7.724605 -7.686270 5.269999 25.628597 
