NaN NaN NaN NaN NaN NaN NaN NaN NaN NaN NaN NaN NaN NaN NaN NaN NaN NaN NaN NaN NaN NaN NaN NaN NaN NaN NaN NaN 
NaN NaN NaN NaN NaN NaN NaN NaN NaN NaN NaN NaN NaN NaN NaN NaN NaN NaN NaN NaN NaN NaN NaN NaN NaN NaN NaN NaN 
NaN NaN NaN NaN NaN NaN NaN NaN NaN NaN NaN NaN NaN NaN NaN NaN NaN NaN NaN NaN NaN NaN NaN NaN NaN NaN NaN NaN 
NaN NaN NaN NaN NaN NaN NaN NaN NaN NaN NaN NaN NaN NaN NaN NaN NaN NaN NaN NaN NaN NaN NaN NaN NaN NaN NaN NaN 
NaN NaN NaN NaN NaN NaN NaN NaN NaN NaN NaN NaN NaN NaN NaN NaN NaN NaN NaN NaN NaN NaN NaN NaN NaN NaN NaN NaN 
2.196420 6.184017 3.205315 -4.915347 4.341574 -0.682166 -2.555536 -0.829251 1.312944 -1.576230 -0.949074 -2.363998 3.218445 2.572229 -1.178107 -6.507395 5.663170 0.753284 4.145267 0.700463 -1.799244 -6.109368 -1.255543 -0.260522 -0.651869 0.412581 -1.455560 1.800672 
2.436406 5.893470 3.198017 -4.751687 4.205028 -1.010694 -2.960520 -0.456436 0.951792 -1.544066 -0.623047 -2.403604 2.910310 2.503932 -0.866087 -6.124618 5.353176 0.759738 3.224368 0.417761 -2.089213 -6.454864 -1.780308 0.170218 -0.610480 0.251903 -1.401788 1.677813 
2.658498 5.615565 3.182518 -4.589770 4.072190 -1.313512 -3.333542 -0.102138 0.617006 -1.511827 -0.314095 -2.429907 2.621506 2.438806 -0.573744 -5.755794 5.063768 0.771436 2.365898 0.161483 -2.354228 -6.768636 -2.270249 0.573685 -0.566555 0.102511 -1.348399 1.563427 
2.863152 5.349874 3.159290 -4.429647 3.942944 -1.591473 -3.675575 0.233916 0.307639 -1.479513 -0.021915 -2.443653 2.351335 2.376661 -0.300494 -5.400657 4.793993 0.787902 1.567771 -0.069550 -2.595152 -7.051581 -2.726234 0.950604 -0.520382 -0.035974 -1.295432 1.457137 
3.050821 5.095972 3.128796 -4.271366 3.817175 -1.845418 -3.987582 0.552000 0.022756 -1.447129 0.253791 -2.445581 2.099106 2.317309 -0.045762 -5.058947 4.542916 0.808669 0.827927 -0.276496 -2.812835 -7.304583 -3.149125 1.301690 -0.472245 -0.163922 -1.242923 1.358570 
3.221948 4.853440 3.091491 -4.114977 3.694770 -2.076176 -4.270512 0.852384 -0.238563 -1.414676 0.513321 -2.436414 1.864138 2.260564 0.191021 -4.730403 4.309613 0.833277 0.144337 -0.460498 -3.008115 -7.528521 -3.539775 1.627650 -0.422420 -0.281700 -1.190913 1.267361 
3.376974 4.621865 3.047820 -3.960530 3.575615 -2.284569 -4.525302 1.135335 -0.477224 -1.382158 0.756972 -2.416864 1.645761 2.206246 0.410413 -4.414769 4.093177 0.861276 -0.485000 -0.622677 -3.181818 -7.724259 -3.899028 1.929180 -0.371181 -0.389669 -1.139437 1.183149 
3.516334 4.400839 2.998218 -3.808076 3.459597 -2.471404 -4.752876 1.401120 -0.694121 -1.349579 0.985038 -2.387631 1.443314 2.154176 0.612966 -4.111792 3.892715 0.892221 -1.062060 -0.764138 -3.334758 -7.892655 -4.227718 2.206968 -0.318794 -0.488184 -1.088535 1.105582 
3.640454 4.189961 2.943112 -3.657666 3.346605 -2.637481 -4.954147 1.650003 -0.890134 -1.316941 1.197812 -2.349401 1.256147 2.104178 0.799226 -3.821222 3.707346 0.925678 -1.588785 -0.885965 -3.467738 -8.034556 -4.526671 2.461692 -0.265522 -0.577596 -1.038244 1.034311 
3.749760 3.988833 2.882918 -3.509350 3.236528 -2.783588 -5.130013 1.882244 -1.066130 -1.284249 1.395587 -2.302850 1.083618 2.056079 0.969728 -3.542812 3.536208 0.961222 -2.067094 -0.989224 -3.581548 -8.150798 -4.796706 2.694021 -0.211622 -0.658249 -0.988602 0.968994 
3.844667 3.797064 2.818045 -3.363182 3.129256 -2.910503 -5.281362 2.098103 -1.222961 -1.251507 1.578651 -2.248639 0.925098 2.009711 1.125000 -3.276316 3.378450 0.998432 -2.498875 -1.074965 -3.676967 -8.242209 -5.038632 2.904615 -0.157347 -0.730484 -0.939646 0.909297 
3.925588 3.614269 2.748890 -3.219212 3.024681 -3.018994 -5.409067 2.297837 -1.361466 -1.218719 1.747295 -2.187419 0.779965 1.964905 1.265564 -3.021493 3.233237 1.036900 -2.885987 -1.144215 -3.754761 -8.309606 -5.253249 3.094125 -0.102944 -0.794635 -0.891415 0.854890 
3.992928 3.440068 2.675843 -3.077493 2.922692 -3.109816 -5.513992 2.481701 -1.482472 -1.185890 1.901804 -2.119826 0.647607 1.921500 1.391932 -2.778106 3.099747 1.076224 -3.230263 -1.197985 -3.815685 -8.353797 -5.441349 3.263191 -0.048654 -0.851032 -0.843946 0.805449 
4.047089 3.274086 2.599285 -2.938078 2.823184 -3.183716 -5.596983 2.649947 -1.586790 -1.153025 2.042464 -2.046488 0.527425 1.879335 1.504609 -2.545919 2.977174 1.116009 -3.533506 -1.237268 -3.860482 -8.375579 -5.603715 3.412445 0.005284 -0.899997 -0.797275 0.760657 
4.088466 3.115954 2.519584 -2.801020 2.726050 -3.241431 -5.658879 2.802826 -1.675219 -1.120129 2.169560 -1.968015 0.418826 1.838251 1.604094 -2.324698 2.864725 1.155871 -3.797490 -1.263035 -3.889883 -8.375742 -5.741121 3.542511 0.058640 -0.941849 -0.751441 0.720202 
4.117447 2.965308 2.437104 -2.666373 2.631183 -3.283684 -5.700503 2.940586 -1.748544 -1.087208 2.283373 -1.885009 0.321229 1.798095 1.690874 -2.114215 2.761624 1.195431 -4.023964 -1.276243 -3.904607 -8.355063 -5.854333 3.654001 0.111187 -0.976903 -0.706482 0.683781 
4.134417 2.821791 2.352196 -2.534191 2.538478 -3.311192 -5.722668 3.063473 -1.807538 -1.054267 2.384184 -1.798058 0.234063 1.758716 1.765432 -1.914243 2.667107 1.234321 -4.214644 -1.277825 -3.905360 -8.314310 -5.944108 3.747520 0.162702 -1.005464 -0.662433 0.651093 
4.139753 2.685051 2.265203 -2.404528 2.447832 -3.324658 -5.726171 3.171730 -1.852957 -1.021312 2.472272 -1.707738 0.156766 1.719965 1.828243 -1.724558 2.580426 1.272180 -4.371221 -1.268701 -3.892839 -8.254243 -6.011195 3.823662 0.212969 -1.027838 -0.619334 0.621845 
4.133829 2.554739 2.176458 -2.277439 2.359141 -3.324775 -5.711800 3.265599 -1.885548 -0.988349 2.547916 -1.614612 0.088787 1.681697 1.879771 -1.544940 2.500845 1.308656 -4.495356 -1.249767 -3.867725 -8.175610 -6.056334 3.883013 0.261776 -1.044319 -0.577220 0.595751 
4.117011 2.430515 2.086286 -2.152980 2.272302 -3.312228 -5.680327 3.345320 -1.906040 -0.955385 2.611391 -1.519230 0.029584 1.643770 1.920475 -1.375171 2.427647 1.343404 -4.588684 -1.221904 -3.830691 -8.079151 -6.080254 3.926149 0.308916 -1.055202 -0.536128 0.572529 
4.089661 2.312043 1.995002 -2.031205 2.187214 -3.287688 -5.632516 3.411129 -1.915152 -0.922427 2.662971 -1.422133 -0.021375 1.606044 1.950805 -1.215036 2.360124 1.376087 -4.652808 -1.185973 -3.782396 -7.965594 -6.083680 3.953637 0.354189 -1.060771 -0.496097 0.551906 
4.052134 2.198993 1.902911 -1.912171 2.103775 -3.251819 -5.569114 3.463261 -1.913587 -0.889482 2.702931 -1.323845 -0.064612 1.568383 1.971205 -1.064324 2.297588 1.406379 -4.689306 -1.142817 -3.723487 -7.835660 -6.067325 3.966036 0.397398 -1.061309 -0.457162 0.533611 
4.004781 2.091039 1.810310 -1.795934 2.021887 -3.205271 -5.490859 3.501950 -1.902036 -0.856556 2.731540 -1.224881 -0.100638 1.530655 1.982110 -0.922825 2.239361 1.433958 -4.699726 -1.093259 -3.654600 -7.690058 -6.031893 3.963892 0.438351 -1.057092 -0.419361 0.517383 
3.947947 1.987863 1.717486 -1.682550 1.941449 -3.148685 -5.398473 3.527425 -1.881176 -0.823658 2.749070 -1.125742 -0.129955 1.492728 1.983945 -0.790334 2.184781 1.458513 -4.685587 -1.038105 -3.576359 -7.529488 -5.978081 3.947747 0.476862 -1.048390 -0.382730 0.502965 
3.881970 1.889151 1.624717 -1.572078 1.862362 -3.082694 -5.292667 3.539914 -1.851670 -0.790794 2.755788 -1.026918 -0.153057 1.454477 1.977130 -0.666648 2.133202 1.479742 -4.648382 -0.978141 -3.489375 -7.354640 -5.906577 3.918129 0.512750 -1.035470 -0.347306 0.490105 
3.807184 1.794593 1.532271 -1.464574 1.784530 -3.007915 -5.174142 3.539644 -1.814169 -0.757974 2.751962 -0.928884 -0.170424 1.415777 1.962078 -0.551568 2.083991 1.497348 -4.589573 -0.914135 -3.394248 -7.166194 -5.818060 3.875559 0.545839 -1.018591 -0.313127 0.478561 
3.723916 1.703888 1.440409 -1.360096 1.707856 -2.924961 -5.043582 3.526838 -1.769308 -0.725206 2.737856 -0.832107 -0.182530 1.376507 1.939190 -0.444895 2.036528 1.511045 -4.510597 -0.846836 -3.291565 -6.964822 -5.713201 3.820549 0.575957 -0.998007 -0.280227 0.468094 
3.632490 1.616739 1.349379 -1.258703 1.632243 -2.834428 -4.901661 3.501719 -1.717711 -0.692497 2.713735 -0.737037 -0.189836 1.336548 1.908864 -0.346437 1.990211 1.520555 -4.412858 -0.776974 -3.181904 -6.751184 -5.592661 3.753600 0.602939 -0.973970 -0.248645 0.458470 
3.533220 1.532853 1.259423 -1.160453 1.557597 -2.736907 -4.749041 3.464504 -1.659987 -0.659857 2.679860 -0.644115 -0.192796 1.295788 1.871488 -0.256001 1.944450 1.525606 -4.297735 -0.705262 -3.065828 -6.525931 -5.457093 3.675206 0.626624 -0.946722 -0.218416 0.449465 
3.426420 1.451945 1.170772 -1.065406 1.483824 -2.632975 -4.586370 3.415413 -1.596731 -0.627295 2.636492 -0.553768 -0.191851 1.254112 1.827440 -0.173401 1.898671 1.525936 -4.166579 -0.632393 -2.943889 -6.289704 -5.307141 3.585850 0.646855 -0.916504 -0.189577 0.440857 
3.312393 1.373733 1.083648 -0.973620 1.410828 -2.523199 -4.414284 3.354658 -1.528527 -0.594820 2.583890 -0.466410 -0.187435 1.211413 1.777095 -0.098451 1.852311 1.521291 -4.020710 -0.559040 -2.816627 -6.043134 -5.143442 3.486005 0.663483 -0.883547 -0.162164 0.432433 
3.191440 1.297944 0.998265 -0.885156 1.338519 -2.408137 -4.233406 3.282454 -1.455942 -0.562442 2.522311 -0.382444 -0.179970 1.167584 1.720816 -0.030970 1.804827 1.511426 -3.861423 -0.485861 -2.684571 -5.786844 -4.966623 3.376139 0.676361 -0.848082 -0.136214 0.423985 
3.063855 1.224306 0.914826 -0.800074 1.266805 -2.288336 -4.044348 3.199011 -1.379533 -0.530170 2.452012 -0.302261 -0.169869 1.122524 1.658960 0.029224 1.755686 1.496102 -3.689981 -0.413492 -2.548237 -5.521445 -4.777301 3.256705 0.685349 -0.810331 -0.111762 0.415311 
2.929927 1.152556 0.833525 -0.718434 1.195593 -2.164332 -3.847707 3.104536 -1.299840 -0.498015 2.373247 -0.226238 -0.157535 1.076132 1.591876 0.082304 1.704371 1.475091 -3.507622 -0.342552 -2.408129 -5.247539 -4.576087 3.128150 0.690312 -0.770512 -0.088845 0.406214 
2.789939 1.082436 0.754548 -0.640298 1.124795 -2.036649 -3.644070 2.999236 -1.217392 -0.465987 2.286268 -0.154741 -0.143361 1.028311 1.519905 0.128445 1.650380 1.448170 -3.315554 -0.273641 -2.264741 -4.965718 -4.363581 2.990913 0.691118 -0.728837 -0.067499 0.396506 
2.644167 1.013692 0.678070 -0.565727 1.054320 -1.905804 -3.434009 2.883316 -1.132704 -0.434097 2.191328 -0.088123 -0.127730 0.978967 1.443382 0.167817 1.593224 1.415128 -3.114955 -0.207340 -2.118553 -4.676566 -4.140377 2.845419 0.687642 -0.685513 -0.047759 0.386002 
2.492885 0.946077 0.604258 -0.494783 0.984081 -1.772300 -3.218086 2.756976 -1.046276 -0.402355 2.088675 -0.026724 -0.111015 0.928011 1.362630 0.200586 1.532431 1.375758 -2.906979 -0.144211 -1.970033 -4.380653 -3.907058 2.692089 0.679765 -0.640742 -0.029663 0.374525 
2.336358 0.879349 0.533270 -0.427527 0.913989 -1.636632 -2.996849 2.620416 -0.958597 -0.370773 1.978557 0.029127 -0.093581 0.875355 1.277968 0.226919 1.467541 1.329865 -2.692747 -0.084798 -1.819638 -4.078544 -3.664198 2.531331 0.667370 -0.594721 -0.013245 0.361903 
2.174848 0.813272 0.465252 -0.364023 0.843957 -1.499284 -2.770833 2.473833 -0.870140 -0.339361 1.861223 0.079114 -0.075779 0.820913 1.189706 0.246974 1.398109 1.277259 -2.473356 -0.029628 -1.667813 -3.770792 -3.412365 2.363546 0.650348 -0.547641 0.001459 0.347971 
2.008608 0.747614 0.400345 -0.304333 0.773900 -1.360727 -2.540561 2.317422 -0.781367 -0.308133 1.736915 0.122933 -0.057954 0.764605 1.098147 0.260912 1.323706 1.217762 -2.249871 0.020795 -1.514992 -3.457939 -3.152117 2.189125 0.628593 -0.499688 0.014413 0.332569 
1.837889 0.682150 0.338677 -0.248521 0.703733 -1.221426 -2.306545 2.151376 -0.692723 -0.277098 1.605879 0.160294 -0.040439 0.706352 1.003583 0.268888 1.243916 1.151200 -2.023330 0.065982 -1.361595 -3.140520 -2.884001 2.008448 0.602005 -0.451043 0.025581 0.315544 
1.662934 0.616660 0.280369 -0.196651 0.633371 -1.081832 -2.069282 1.975886 -0.604643 -0.246271 1.468355 0.190917 -0.023558 0.646079 0.906303 0.271053 1.158337 1.077410 -1.794743 0.105463 -1.208032 -2.819057 -2.608559 1.821888 0.570490 -0.401880 0.034927 0.296748 
1.483982 0.550930 0.225532 -0.148786 0.562729 -0.942386 -1.829257 1.791140 -0.517546 -0.215663 1.324585 0.214536 -0.007624 0.583712 0.806584 0.267558 1.066584 0.996237 -1.565092 0.138788 -1.054699 -2.494066 -2.326322 1.629809 0.533958 -0.352370 0.042417 0.276041 
1.301265 0.484751 0.174266 -0.104991 0.491727 -0.803519 -1.586944 1.597323 -0.431840 -0.185286 1.174807 0.230896 0.007058 0.519183 0.704697 0.258548 0.968283 0.907532 -1.335330 0.165526 -0.901982 -2.166049 -2.037813 1.432563 0.492323 -0.302678 0.048014 0.253288 
1.115011 0.417920 0.126665 -0.065331 0.420281 -0.665652 -1.342803 1.394621 -0.347916 -0.155155 1.019259 0.239757 0.020195 0.452426 0.600906 0.244168 0.863077 0.811158 -1.106381 0.185262 -0.750255 -1.835502 -1.743548 1.230496 0.445506 -0.252962 0.051684 0.228358 
0.925440 0.350239 0.082812 -0.029871 0.348311 -0.529195 -1.097282 1.183215 -0.266155 -0.125281 0.858175 0.240888 0.031503 0.383376 0.495466 0.224559 0.750623 0.706982 -0.879142 0.197603 -0.599879 -1.502908 -1.444031 1.023942 0.393433 -0.203378 0.053391 0.201130 
0.732770 0.281516 0.042780 0.001322 0.275736 -0.394548 -0.850817 0.963284 -0.186921 -0.095678 0.691791 0.234073 0.040707 0.311975 0.388624 0.199857 0.630592 0.594883 -0.654480 0.202172 -0.451203 -1.168744 -1.139759 0.813228 0.336033 -0.154074 0.053100 0.171486 
0.537209 0.211563 0.006634 0.028184 0.202477 -0.262099 -0.603829 0.735005 -0.110569 -0.066361 0.520339 0.219106 0.047544 0.238164 0.280620 0.170197 0.502669 0.474745 -0.433237 0.198612 -0.304565 -0.833472 -0.831222 0.598669 0.273242 -0.105193 0.050775 0.139316 
0.338964 0.140200 -0.025571 0.050646 0.128455 -0.132226 -0.356729 0.498554 -0.037435 -0.037343 0.344050 0.195796 0.051759 0.161889 0.171686 0.135711 0.366556 0.346463 -0.216222 0.186584 -0.160291 -0.497550 -0.518898 0.380575 0.205001 -0.056874 0.046382 0.104515 
0.138232 0.067251 -0.053788 0.068644 0.053592 -0.005298 -0.109916 0.254103 0.032154 -0.008638 0.163154 0.163963 0.053107 0.083099 0.062046 0.096528 0.221966 0.209939 -0.004220 0.165770 -0.018695 -0.161422 -0.203259 0.159241 0.131255 -0.009249 0.039885 0.066983 
-0.064792 -0.007454 -0.077982 0.082109 -0.022188 0.118328 0.136227 0.001823 0.097886 0.019739 -0.022122 0.123439 0.051354 0.001746 -0.048084 0.052774 0.068629 0.065082 0.202016 0.135866 0.119921 0.174477 0.115232 -0.065042 0.051955 0.037554 0.031250 0.026629 
-0.269921 -0.084080 -0.098124 0.090974 -0.098961 0.238304 0.381325 -0.258117 0.159464 0.047774 -0.211551 0.074068 0.046277 -0.082215 -0.158495 0.004571 -0.093711 -0.088190 0.401759 0.096591 0.255268 0.509720 0.436123 -0.291996 -0.032943 0.083413 0.020441 -0.016634 
-0.476972 -0.162786 -0.114197 0.095170 -0.176804 0.354296 0.625020 -0.525551 0.216602 0.075451 -0.404908 0.015709 0.037659 -0.168827 -0.268987 -0.047961 -0.265298 -0.249949 0.594311 0.047681 0.387067 0.843891 0.758967 -0.521349 -0.123479 0.128210 0.007424 -0.062887 
-0.685769 -0.243726 -0.126192 0.094630 -0.255790 0.465975 0.866963 -0.800316 0.269030 0.102755 -0.601970 -0.051770 0.025296 -0.258127 -0.379367 -0.104705 -0.446356 -0.420261 0.779002 -0.011110 0.515052 1.176585 1.083329 -0.752842 -0.219686 0.171834 -0.007835 -0.112204 
-0.896140 -0.327047 -0.134109 0.089285 -0.335994 0.573029 1.106820 -1.082249 0.316490 0.129671 -0.802515 -0.128486 0.008994 -0.350153 -0.489450 -0.165547 -0.637101 -0.599183 0.955191 -0.080008 0.638969 1.507405 1.408781 -0.986222 -0.321594 0.214179 -0.025373 -0.164654 
-1.107920 -0.412893 -0.137958 0.079065 -0.417487 0.675150 1.344267 -1.371191 0.358737 0.156183 -1.006323 -0.214545 -0.011432 -0.444937 -0.599059 -0.230376 -0.837730 -0.786763 1.122265 -0.159222 0.758576 1.835964 1.734904 -1.221246 -0.429226 0.255143 -0.045222 -0.220298 
-1.320949 -0.501400 -0.137757 0.063900 -0.500343 0.772046 1.578996 -1.666985 0.395541 0.182275 -1.213175 -0.310041 -0.036158 -0.542510 -0.708024 -0.299084 -1.048428 -0.983044 1.279639 -0.248939 0.873641 2.161885 2.061287 -1.457682 -0.542602 0.294631 -0.067419 -0.279192 
-1.535073 -0.592700 -0.133536 0.043722 -0.584631 0.863431 1.810709 -1.969475 0.426685 0.207930 -1.422854 -0.415054 -0.065349 -0.642897 -0.816184 -0.371567 -1.269363 -1.188055 1.426758 -0.349332 0.983948 2.484802 2.387528 -1.695307 -0.661735 0.332553 -0.091997 -0.341388 
-1.750143 -0.686918 -0.125331 0.018459 -0.670424 0.949033 2.039120 -2.278509 0.451966 0.233132 -1.635145 -0.529653 -0.099159 -0.746124 -0.923384 -0.447722 -1.500691 -1.401823 1.563092 -0.460553 1.089288 2.804357 2.713235 -1.933904 -0.786634 0.368822 -0.118990 -0.406929 
-1.966016 -0.784176 -0.113189 -0.011959 -0.757790 1.028590 2.263958 -2.593935 0.471193 0.257864 -1.849833 -0.653894 -0.137735 -0.852210 -1.029480 -0.527450 -1.742552 -1.624363 1.688143 -0.582733 1.189468 3.120203 3.038024 -2.173269 -0.917303 0.403361 -0.148434 -0.475852 
-2.182554 -0.884587 -0.097167 -0.047604 -0.846797 1.101847 2.484963 -2.915606 0.484190 0.282110 -2.066706 -0.787822 -0.181211 -0.961173 -1.134332 -0.610655 -1.995073 -1.855682 1.801440 -0.715989 1.284304 3.432001 3.361517 -2.413206 -1.053740 0.436092 -0.180362 -0.548191 
-2.399626 -0.988263 -0.077330 -0.088546 -0.937515 1.168565 2.701887 -3.243374 0.490794 0.305851 -2.285554 -0.931467 -0.229713 -1.073030 -1.237810 -0.697243 -2.258364 -2.095781 1.902538 -0.860416 1.373626 3.739425 3.683349 -2.653528 -1.195939 0.466949 -0.214808 -0.623970 
-2.617104 -1.095306 -0.053752 -0.134858 -1.030009 1.228510 2.914497 -3.577097 0.490855 0.329071 -2.506167 -1.084848 -0.283356 -1.187790 -1.339792 -0.787126 -2.532524 -2.344650 1.991025 -1.016091 1.457275 4.042156 4.003161 -2.894057 -1.343888 0.495866 -0.251808 -0.703210 
-2.834869 -1.205814 -0.026517 -0.186612 -1.124346 1.281464 3.122569 -3.916631 0.484238 0.351751 -2.728337 -1.247974 -0.342246 -1.305463 -1.440164 -0.880215 -2.817634 -2.602273 2.066513 -1.183074 1.535103 4.339885 4.320603 -3.134626 -1.497570 0.522785 -0.291394 -0.785923 
-3.052805 -1.319882 0.004281 -0.243881 -1.220592 1.327214 3.325894 -4.261838 0.470819 0.373873 -2.951858 -1.420837 -0.406480 -1.426054 -1.538817 -0.976426 -3.113764 -2.868624 2.128645 -1.361403 1.606976 4.632315 4.635334 -3.375074 -1.656964 0.547652 -0.333601 -0.872119 
-3.270802 -1.437595 0.038540 -0.306738 -1.318812 1.365562 3.524275 -4.612580 0.450491 0.395419 -3.176525 -1.603420 -0.476142 -1.549566 -1.635653 -1.075678 -3.420966 -3.143671 2.177091 -1.551101 1.672771 4.919156 4.947022 -3.615254 -1.822044 0.570420 -0.378462 -0.961797 
-3.488757 -1.559036 0.076149 -0.375256 -1.419068 1.396318 3.717528 -4.968722 0.423158 0.416370 -3.402135 -1.795692 -0.551308 -1.675999 -1.730581 -1.177893 -3.739279 -3.427372 2.211550 -1.752170 1.732377 5.200131 5.255343 -3.855023 -1.992776 0.591046 -0.426013 -1.054955 
-3.706571 -1.684281 0.116986 -0.449509 -1.521424 1.419304 3.905480 -5.330130 0.388738 0.436707 -3.628487 -1.997611 -0.632045 -1.805349 -1.823517 -1.282995 -4.068729 -3.719677 2.231749 -1.964595 1.785693 5.474968 5.559982 -4.094251 -2.169125 0.609493 -0.476285 -1.151580 
-3.924152 -1.813401 0.160921 -0.529571 -1.625942 1.434350 4.087972 -5.696675 0.347163 0.456412 -3.855381 -2.209122 -0.718408 -1.937610 -1.914385 -1.390912 -4.409326 -4.020528 2.237443 -2.188339 1.832632 5.743410 5.860632 -4.332817 -2.351049 0.625728 -0.529314 -1.251657 
-4.141412 -1.946461 0.207814 -0.615518 -1.732683 1.441300 4.264857 -6.068227 0.298378 0.475465 -4.082617 -2.430157 -0.810445 -2.072772 -2.003118 -1.501575 -4.761065 -4.329859 2.228417 -2.423351 1.873120 6.005206 6.156996 -4.570607 -2.538499 0.639724 -0.585133 -1.355162 
-4.358270 -2.083521 0.257517 -0.707423 -1.841708 1.440006 4.436002 -6.444660 0.242341 0.493846 -4.310000 -2.660636 -0.908190 -2.210822 -2.089655 -1.614917 -5.123927 -4.647596 2.204483 -2.669559 1.907092 6.260118 6.448785 -4.807518 -2.731425 0.651461 -0.643775 -1.462067 
-4.574649 -2.224635 0.309872 -0.805363 -1.953077 1.430331 4.601283 -6.825849 0.179025 0.511535 -4.537334 -2.900468 -1.011671 -2.351746 -2.173944 -1.730874 -5.497881 -4.973656 2.165480 -2.926871 1.934497 6.507914 6.735719 -5.043456 -2.929769 0.660921 -0.705274 -1.572337 
-4.790480 -2.369851 0.364711 -0.909413 -2.066848 1.412149 4.760592 -7.211674 0.108417 0.528512 -4.764425 -3.149547 -1.120904 -2.495524 -2.255940 -1.849387 -5.882877 -5.307949 2.111279 -3.195178 1.955295 6.748375 7.017525 -5.278336 -3.133468 0.668094 -0.769664 -1.685931 
-5.005697 -2.519213 0.421857 -1.019649 -2.183079 1.385345 4.913832 -7.602015 0.030514 0.544757 -4.991080 -3.407757 -1.235895 -2.642134 -2.335607 -1.970397 -6.278853 -5.650375 2.041776 -3.474353 1.969458 6.981291 7.293940 -5.512083 -3.342455 0.672975 -0.836977 -1.802802 
-5.220241 -2.672759 0.481125 -1.136148 -2.301827 1.349812 5.060919 -7.996753 -0.054669 0.560248 -5.217110 -3.674968 -1.356641 -2.791553 -2.412916 -2.093850 -6.685734 -6.000827 1.956896 -3.764248 1.976970 7.206460 7.564711 -5.744631 -3.556659 0.675562 -0.907248 -1.922897 
-5.434060 -2.830519 0.542319 -1.258988 -2.423149 1.305457 5.201781 -8.395773 -0.147108 0.574966 -5.442325 -3.951038 -1.483129 -2.943752 -2.487846 -2.219694 -7.103427 -6.359190 1.856594 -4.064699 1.977828 7.423693 7.829591 -5.975922 -3.776000 0.675862 -0.980509 -2.046156 
-5.647104 -2.992522 0.605235 -1.388244 -2.547101 1.252195 5.336358 -8.798963 -0.246760 0.588889 -5.666537 -4.235815 -1.615336 -3.098701 -2.560384 -2.347881 -7.531828 -6.725340 1.740852 -4.375521 1.972038 7.632807 8.088344 -6.205910 -4.000398 0.673884 -1.056794 -2.172515 
-5.859331 -3.158788 0.669659 -1.523995 -2.673736 1.189953 5.464606 -9.206212 -0.353574 0.601994 -5.889560 -4.529130 -1.753228 -3.256365 -2.630524 -2.478365 -7.970817 -7.099146 1.609680 -4.696512 1.959621 7.833632 8.340741 -6.434554 -4.229763 0.669644 -1.136135 -2.301901 
-6.070706 -3.329332 0.735368 -1.666320 -2.803110 1.118667 5.586488 -9.617410 -0.467483 0.614262 -6.111211 -4.830806 -1.896762 -3.416708 -2.698268 -2.611103 -8.420257 -7.480467 1.463117 -5.027451 1.940609 8.026007 8.586562 -6.661827 -4.464004 0.663163 -1.218566 -2.434238 
-6.281195 -3.504164 0.802130 -1.815296 -2.935274 1.038284 5.701985 -10.032452 -0.588405 0.625669 -6.331305 -5.140650 -2.045886 -3.579690 -2.763626 -2.746056 -8.880002 -7.869155 1.301231 -5.368098 1.915045 8.209780 8.825596 -6.887708 -4.703023 0.654467 -1.304120 -2.569442 
-6.490774 -3.683290 0.869703 -1.971003 -3.070281 0.948763 5.811086 -10.451234 -0.716246 0.636193 -6.549662 -5.458461 -2.200537 -3.745269 -2.826618 -2.883187 -9.349886 -8.265053 1.124117 -5.718193 1.882985 8.384809 9.057641 -7.112188 -4.946716 0.643588 -1.392830 -2.707424 
-6.699423 -3.866707 0.937836 -2.133519 -3.208183 0.850072 5.913796 -10.873653 -0.850900 0.645813 -6.766102 -5.784021 -2.360642 -3.913397 -2.887267 -3.022461 -9.829733 -8.667998 0.931900 -6.077461 1.844497 8.550961 9.282503 -7.335263 -5.194976 0.630562 -1.484728 -2.848087 
-6.907127 -4.054410 1.006269 -2.302925 -3.349030 0.742189 6.010130 -11.299609 -0.992245 0.654504 -6.980446 -6.117103 -2.526118 -4.084027 -2.945609 -3.163849 -10.319350 -9.077816 0.724730 -6.445605 1.799659 8.708116 9.499997 -7.556943 -5.447690 0.615432 -1.579847 -2.991330 
-7.113878 -4.246386 1.074732 -2.479301 -3.492872 0.625105 6.100118 -11.729005 -1.140147 0.662245 -7.192518 -6.457465 -2.696872 -4.257106 -3.001684 -3.307322 -10.818529 -9.494325 0.502790 -6.822309 1.748563 8.856160 9.709947 -7.777245 -5.704740 0.598244 -1.678220 -3.137046 
-7.319672 -4.442617 1.142948 -2.662727 -3.639757 0.498818 6.183800 -12.161746 -1.294457 0.669011 -7.402143 -6.804856 -2.872803 -4.432579 -3.055541 -3.452854 -11.327049 -9.917338 0.266288 -7.207242 1.691312 8.994990 9.912184 -7.996195 -5.966002 0.579053 -1.779880 -3.285121 
-7.524512 -4.643081 1.210627 -2.853283 -3.789735 0.363339 6.261231 -12.597738 -1.455014 0.674780 -7.609146 -7.159009 -3.053798 -4.610388 -3.107238 -3.600426 -11.844675 -10.346655 0.015461 -7.600052 1.628022 9.124514 10.106551 -8.213829 -6.231348 0.557916 -1.884860 -3.435434 
-7.728405 -4.847749 1.277473 -3.051052 -3.942851 0.218690 6.332475 -13.036891 -1.621642 0.679527 -7.813357 -7.519646 -3.239735 -4.790472 -3.156839 -3.750016 -12.371156 -10.782072 -0.249425 -8.000366 1.558819 9.244649 10.292896 -8.430192 -6.500646 0.534896 -1.993191 -3.587859 
-7.931366 -5.056586 1.343179 -3.256115 -4.099154 0.064901 6.397614 -13.479116 -1.794153 0.683229 -8.014604 -7.886478 -3.430480 -4.972767 -3.204417 -3.901610 -12.906227 -11.223375 -0.528076 -8.407798 1.483843 9.355321 10.471078 -8.645338 -6.773756 0.510061 -2.104906 -3.742265 
-8.133413 -5.269553 1.407429 -3.468553 -4.258687 -0.097986 6.456737 -13.924327 -1.972345 0.685860 -8.212719 -8.259202 -3.625894 -5.157206 -3.250053 -4.055194 -13.449609 -11.670341 -0.820170 -8.821937 1.403244 9.456467 10.640964 -8.859331 -7.050535 0.483487 -2.220038 -3.898514 
-8.334571 -5.486604 1.469899 -3.688450 -4.421496 -0.269918 6.509948 -14.372438 -2.156002 0.687398 -8.407534 -8.637504 -3.825822 -5.343718 -3.293833 -4.210758 -14.001008 -12.122740 -1.125356 -9.242359 1.317185 9.548033 10.802429 -9.072244 -7.330835 0.455252 -2.338618 -4.056460 
-8.534870 -5.707690 1.530253 -3.915887 -4.587625 -0.450832 6.557365 -14.823368 -2.344894 0.687816 -8.598883 -9.021055 -4.030104 -5.532230 -3.335856 -4.368294 -14.560116 -12.580333 -1.443254 -9.668617 1.225840 9.629975 10.955358 -9.284159 -7.614502 0.425440 -2.460680 -4.215955 
-8.734347 -5.932752 1.588148 -4.150949 -4.757118 -0.640655 6.599115 -15.277038 -2.538779 0.687089 -8.786602 -9.409517 -4.238567 -5.722666 -3.376224 -4.527800 -15.126610 -13.042874 -1.773459 -10.100249 1.129398 9.702260 11.099643 -9.495167 -7.901377 0.394142 -2.586255 -4.376841 
-8.933043 -6.161731 1.643232 -4.393718 -4.930016 -0.839303 6.635342 -15.733369 -2.737401 0.685193 -8.970529 -9.802537 -4.451030 -5.914946 -3.415048 -4.689273 -15.700152 -13.510107 -2.115533 -10.536770 1.028055 9.764863 11.235186 -9.705369 -8.191298 0.361453 -2.715376 -4.538956 
-9.131004 -6.394557 1.695142 -4.644279 -5.106360 -1.046681 6.666197 -16.192286 -2.940489 0.682102 -9.150501 -10.199751 -4.667301 -6.108989 -3.452450 -4.852716 -16.280392 -13.981770 -2.469013 -10.977681 0.922023 9.817768 11.361898 -9.914875 -8.484093 0.327473 -2.848073 -4.702132 
-9.328285 -6.631159 1.743506 -4.902717 -5.286192 -1.262685 6.691849 -16.653716 -3.147760 0.677790 -9.326360 -10.600783 -4.887178 -6.304709 -3.488555 -5.018132 -16.866962 -14.457591 -2.833406 -11.422461 0.811524 9.860973 11.479698 -10.123804 -8.779591 0.292308 -2.984380 -4.866194 
-9.524943 -6.871458 1.787944 -5.169115 -5.469552 -1.487199 6.712477 -17.117588 -3.358918 0.672230 -9.497948 -11.005243 -5.110451 -6.502017 -3.523498 -5.185531 -17.459482 -14.937291 -3.208192 -11.870571 0.696791 9.894481 11.588512 -10.332284 -9.077612 0.256069 -3.124329 -5.030961 
-9.721042 -7.115371 1.828066 -5.443559 -5.656478 -1.720098 6.728271 -17.583834 -3.573651 0.665396 -9.665107 -11.412730 -5.336897 -6.700822 -3.557424 -5.354921 -18.057557 -15.420580 -3.592821 -12.321456 0.578073 9.918307 11.688278 -10.540454 -9.377972 0.218872 -3.267950 -5.196246 
-9.916652 -7.362807 1.863472 -5.726134 -5.847009 -1.961243 6.739437 -18.052385 -3.791636 0.657263 -9.827683 -11.822829 -5.566285 -6.901029 -3.590482 -5.526318 -18.660777 -15.907165 -3.986717 -12.774537 0.455625 9.932477 11.778940 -10.748461 -9.680482 0.180840 -3.415276 -5.361858 
-10.111847 -7.613671 1.893755 -6.016927 -6.041182 -2.210490 6.746191 -18.523179 -4.012536 0.647802 -9.985523 -12.235116 -5.798374 -7.102541 -3.622830 -5.699738 -19.268719 -16.396739 -4.389273 -13.229222 0.329720 9.937024 11.860452 -10.956460 -9.984947 0.142099 -3.566339 -5.527596 
-10.306709 -7.867864 1.918495 -6.316023 -6.239033 -2.467679 6.748762 -18.996154 -4.235999 0.636987 -10.138475 -12.649151 -6.032914 -7.305257 -3.654636 -5.875199 -19.880943 -16.888992 -4.799855 -13.684897 0.200638 9.931993 11.932776 -11.164618 -10.291169 0.102781 -3.721169 -5.693257 
-10.501324 -8.125279 1.937266 -6.623510 -6.440599 -2.732644 6.747393 -19.471248 -4.461661 0.624790 -10.286387 -13.064483 -6.269642 -7.509074 -3.686073 -6.052725 -20.496996 -17.383601 -5.217801 -14.140930 0.068673 9.917437 11.995883 -11.373109 -10.598943 0.063025 -3.879800 -5.858628 
-10.695784 -8.385805 1.949632 -6.939474 -6.645913 -3.005206 6.742337 -19.948405 -4.689144 0.611183 -10.429113 -13.480650 -6.508288 -7.713886 -3.717324 -6.232342 -21.116412 -17.880239 -5.642420 -14.596670 -0.065868 9.893421 12.049753 -11.582118 -10.908060 0.022973 -4.042261 -6.023493 
-10.890186 -8.649324 1.955146 -7.264003 -6.855011 -3.285175 6.733862 -20.427569 -4.918056 0.596140 -10.566503 -13.897175 -6.748572 -7.919581 -3.748577 -6.414077 -21.738707 -18.378567 -6.072992 -15.051449 -0.202669 9.860018 12.094374 -11.791837 -11.218305 -0.017228 -4.208586 -6.187630 
-11.084633 -8.915715 1.953354 -7.597185 -7.067926 -3.572352 6.722247 -20.908686 -5.147992 0.579630 -10.698414 -14.313570 -6.990201 -8.126049 -3.780030 -6.597962 -22.363386 -18.878242 -6.508771 -15.504579 -0.341399 9.817312 12.129743 -12.002470 -11.529458 -0.057422 -4.378804 -6.350807 
-11.279234 -9.184848 1.943792 -7.939108 -7.284689 -3.866527 6.707784 -21.391706 -5.378533 0.561627 -10.824700 -14.729335 -7.232877 -8.333172 -3.811889 -6.784032 -22.989937 -19.378908 -6.948981 -15.955352 -0.481717 9.765395 12.155866 -12.214228 -11.841296 -0.097452 -4.552947 -6.512791 
-11.474104 -9.456591 1.925986 -8.289860 -7.505333 -4.167479 6.690777 -21.876580 -5.609247 0.542101 -10.945219 -15.143958 -7.476287 -8.540832 -3.844367 -6.972323 -23.617835 -19.880205 -7.392816 -16.403045 -0.623269 9.704372 12.172756 -12.427333 -12.153588 -0.137153 -4.731047 -6.673340 
-11.669362 -9.730804 1.899453 -8.649531 -7.729888 -4.474978 6.671544 -22.363262 -5.839689 0.521023 -11.059830 -15.556912 -7.720112 -8.748908 -3.877685 -7.162876 -24.246539 -20.381763 -7.839446 -16.846912 -0.765690 9.634353 12.180438 -12.642015 -12.466100 -0.176356 -4.913134 -6.832206 
-11.865133 -10.007342 1.863702 -9.018210 -7.958384 -4.788782 6.650415 -22.851706 -6.069400 0.498365 -11.168394 -15.967662 -7.964022 -8.957274 -3.912071 -7.355735 -24.875497 -20.883203 -8.288008 -17.286192 -0.908604 9.555463 12.178942 -12.858514 -12.778592 -0.214886 -5.099239 -6.989135 
-12.061550 -10.286056 1.818230 -9.395987 -8.190851 -5.108639 6.627731 -23.341870 -6.297906 0.474096 -11.270773 -16.375655 -8.207675 -9.165803 -3.947762 -7.550946 -25.504138 -21.384138 -8.737615 -17.720104 -1.051619 9.467832 12.168308 -13.077080 -13.090818 -0.252563 -5.289395 -7.143870 
-12.258748 -10.566789 1.762527 -9.782952 -8.427316 -5.434286 6.603847 -23.833715 -6.524721 0.448187 -11.366830 -16.780332 -8.450722 -9.374363 -3.985003 -7.748557 -26.131879 -21.884176 -9.187347 -18.147847 -1.194336 9.371605 12.148587 -13.297969 -13.402530 -0.289202 -5.483631 -7.296142 
-12.456870 -10.849380 1.696074 -10.179196 -8.667807 -5.765450 6.579131 -24.327203 -6.749345 0.420608 -11.456431 -17.181116 -8.692802 -9.582821 -4.024045 -7.948621 -26.758122 -22.382911 -9.636260 -18.568604 -1.336342 9.266931 12.119835 -13.521451 -13.713471 -0.324612 -5.681978 -7.445682 
-12.656064 -11.133663 1.618341 -10.584809 -8.912351 -6.101847 6.553962 -24.822298 -6.971265 0.391329 -11.539443 -17.577421 -8.933546 -9.791040 -4.065149 -8.151194 -27.382255 -22.879935 -10.083378 -18.981536 -1.477211 9.153974 12.082118 -13.747801 -14.023383 -0.358597 -5.884468 -7.592210 
-12.856483 -11.419465 1.528790 -10.999883 -9.160973 -6.443184 6.528733 -25.318967 -7.189955 0.360318 -11.615733 -17.968647 -9.172573 -9.998880 -4.108582 -8.356332 -28.003652 -23.374827 -10.527700 -19.385789 -1.616506 9.032905 12.035512 -13.977307 -14.331998 -0.390956 -6.091130 -7.735444 
-13.058286 -11.706609 1.426872 -11.424509 -9.413699 -6.789156 6.503848 -25.817179 -7.404874 0.327546 -11.685172 -18.354183 -9.409494 -10.206198 -4.154621 -8.564098 -28.621670 -23.867159 -10.968195 -19.780488 -1.753780 8.903904 11.980100 -14.210263 -14.639048 -0.421482 -6.301996 -7.875092 
-13.261638 -11.994910 1.312032 -11.858781 -9.670553 -7.139448 6.479725 -26.316905 -7.615467 0.292982 -11.747631 -18.733405 -9.643909 -10.412847 -4.203547 -8.774556 -29.235655 -24.356497 -11.403803 -20.164739 -1.888570 8.767163 11.915975 -14.446974 -14.944257 -0.449964 -6.517097 -8.010860 
-13.466709 -12.284181 1.183702 -12.302790 -9.931557 -7.493733 6.456795 -26.818117 -7.821168 0.256593 -11.802983 -19.105676 -9.875408 -10.618678 -4.255653 -8.987772 -29.844935 -24.842396 -11.833437 -20.537631 -2.020405 8.622884 11.843238 -14.687754 -15.247345 -0.476184 -6.736462 -8.142445 
-13.673676 -12.574227 1.041308 -12.756629 -10.196735 -7.851676 6.435498 -27.320793 -8.021396 0.218349 -11.851103 -19.470347 -10.103571 -10.823540 -4.311238 -9.203816 -30.448827 -25.324405 -12.255980 -20.898234 -2.148800 8.471275 11.761997 -14.932927 -15.548026 -0.499920 -6.960122 -8.269539 
-13.882719 -12.864847 0.884263 -13.220391 -10.466109 -8.212931 6.416291 -27.824909 -8.215556 0.178218 -11.891866 -19.826758 -10.327970 -11.027276 -4.370608 -9.422761 -31.046630 -25.802063 -12.670289 -21.245598 -2.273258 8.312559 11.672372 -15.182824 -15.846009 -0.520944 -7.188108 -8.391827 
-14.094025 -13.155837 0.711975 -13.694171 -10.739698 -8.577140 6.399641 -28.330445 -8.403039 0.136167 -11.925151 -20.174234 -10.548164 -11.229730 -4.434078 -9.644684 -31.637631 -26.274901 -13.075190 -21.578755 -2.393272 8.146965 11.574489 -15.437788 -16.140999 -0.539022 -7.420449 -8.508990 
-14.307788 -13.446986 0.523839 -14.178062 -11.017524 -8.943935 6.386028 -28.837383 -8.583225 0.092165 -11.950837 -20.512089 -10.763704 -11.430739 -4.501971 -9.869663 -32.221103 -26.742443 -13.469483 -21.896720 -2.508320 7.974734 11.468485 -15.698170 -16.432695 -0.553918 -7.657177 -8.620700 
-14.524206 -13.738076 0.319244 -14.672159 -11.299605 -9.312938 6.375945 -29.345709 -8.755479 0.046178 -11.968804 -20.839626 -10.974132 -11.630140 -4.574616 -10.097779 -32.796301 -27.204204 -13.851939 -22.198487 -2.617871 7.796115 11.354502 -15.964330 -16.720791 -0.565386 -7.898322 -8.726626 
-14.743481 -14.028886 0.097567 -15.176556 -11.585959 -9.683761 6.369897 -29.855408 -8.919151 -0.001826 -11.978935 -21.156134 -11.178978 -11.827764 -4.652352 -10.329118 -33.362470 -27.659691 -14.221300 -22.483032 -2.721381 7.611367 11.232695 -16.236638 -17.004977 -0.573178 -8.143912 -8.826428 
-14.965825 -14.319189 -0.141824 -15.691349 -11.876605 -10.056004 6.368402 -30.366469 -9.073580 -0.051880 -11.981113 -21.460889 -11.377762 -12.023442 -4.735525 -10.563768 -33.918838 -28.108403 -14.576279 -22.749313 -2.818293 7.420761 11.103225 -16.515472 -17.284937 -0.577040 -8.393979 -8.919763 
-15.191451 -14.608751 -0.399568 -16.216634 -12.171559 -10.429257 6.371990 -30.878883 -9.218090 -0.104017 -11.975224 -21.753156 -11.569996 -12.217001 -4.824488 -10.801819 -34.464618 -28.549829 -14.915563 -22.996268 -2.908039 7.224576 10.966262 -16.801221 -17.560349 -0.576711 -8.648553 -9.006280 
-15.420581 -14.897334 -0.676315 -16.752506 -12.470837 -10.803102 6.381204 -31.392644 -9.351992 -0.158272 -11.961155 -22.032188 -11.755182 -12.408263 -4.919602 -11.043365 -34.999010 -28.983453 -15.237809 -23.222819 -2.990041 7.023100 10.821985 -17.094282 -17.830888 -0.571928 -8.907663 -9.085621 
-15.653441 -15.184694 -0.972725 -17.299062 -12.774454 -11.177105 6.396599 -31.907747 -9.474583 -0.214678 -11.938795 -22.297224 -11.932810 -12.597049 -5.021238 -11.288502 -35.521199 -29.408748 -15.541645 -23.427866 -3.063705 6.816632 10.670582 -17.395062 -18.096222 -0.562420 -9.171339 -9.157424 
-15.890262 -15.470581 -1.289465 -17.856399 -13.082424 -11.550828 6.418743 -32.424189 -9.585147 -0.273269 -11.908033 -22.547491 -12.102361 -12.783177 -5.129771 -11.537331 -36.030355 -29.825180 -15.825673 -23.610293 -3.128428 6.605481 10.512249 -17.703976 -18.356015 -0.547911 -9.439611 -9.221320 
-16.131282 -15.754740 -1.627214 -18.424614 -13.394761 -11.923817 6.448216 -32.941971 -9.682954 -0.334080 -11.868762 -22.782206 -12.263307 -12.966461 -5.245588 -11.789953 -36.525635 -30.232206 -16.088465 -23.768964 -3.183595 6.389965 10.347191 -18.021451 -18.609927 -0.528120 -9.712509 -9.276934 
-16.376745 -16.036910 -1.986658 -19.003804 -13.711478 -12.295610 6.485613 -33.461095 -9.767261 -0.397144 -11.820873 -23.000570 -12.415109 -13.146713 -5.369080 -12.046474 -37.006180 -30.629277 -16.328563 -23.902724 -3.228578 6.170413 10.175622 -18.347920 -18.857609 -0.502762 -9.990063 -9.323885 
-16.626897 -16.316825 -2.368493 -19.594068 -14.032585 -12.665735 6.531537 -33.981564 -9.837311 -0.462499 -11.764263 -23.201773 -12.557220 -13.323740 -5.500648 -12.307004 -37.471116 -31.015833 -16.544486 -24.010400 -3.262738 5.947163 9.997764 -18.683828 -19.098712 -0.471545 -10.272301 -9.361785 
-16.881995 -16.594213 -2.773425 -20.195503 -14.358095 -13.033709 6.586608 -34.503386 -9.892334 -0.530177 -11.698827 -23.384995 -12.689080 -13.497349 -5.640701 -12.571652 -37.919557 -31.391307 -16.734718 -24.090801 -3.285423 5.720561 9.813848 -19.029628 -19.332879 -0.434172 -10.559254 -9.390243 
-17.142297 -16.868797 -3.202169 -20.808209 -14.688017 -13.399037 6.651455 -35.026568 -9.931545 -0.600215 -11.624464 -23.549400 -12.810122 -13.667342 -5.789654 -12.840535 -38.350601 -31.755124 -16.897720 -24.142716 -3.295970 5.490967 9.624113 -19.385781 -19.559747 -0.390342 -10.850950 -9.408858 
-17.408070 -17.140295 -3.655448 -21.432285 -15.022360 -13.761216 6.726723 -35.551123 -9.954149 -0.672648 -11.541072 -23.694141 -12.919767 -13.833518 -5.947932 -13.113769 -38.763331 -32.106701 -17.031922 -24.164917 -3.293704 5.258746 9.428808 -19.752759 -19.778951 -0.339746 -11.147420 -9.417225 
-17.679583 -17.408418 -4.133996 -22.067830 -15.361134 -14.119730 6.813066 -36.077063 -9.959332 -0.747513 -11.448553 -23.818361 -13.017427 -13.995673 -6.115966 -13.391474 -39.156816 -32.445445 -17.135725 -24.156155 -3.277938 5.024277 9.228190 -20.131044 -19.990118 -0.282073 -11.448692 -9.414932 
-17.957114 -17.672872 -4.638555 -22.714944 -15.704345 -14.474055 6.911152 -36.604404 -9.946272 -0.824846 -11.346808 -23.921186 -13.102504 -14.153600 -6.294196 -13.673774 -39.530111 -32.770758 -17.207505 -24.115164 -3.247972 4.787946 9.022525 -20.521125 -20.192873 -0.217004 -11.754796 -9.401563 
-18.240945 -17.933357 -5.169877 -23.373727 -16.052001 -14.823654 7.021664 -37.133162 -9.914130 -0.904682 -11.235743 -24.001734 -13.174390 -14.307089 -6.483069 -13.960795 -39.882256 -33.082030 -17.245606 -24.040659 -3.203096 4.550150 8.812086 -20.923503 -20.386832 -0.144216 -12.065761 -9.376693 
-18.531364 -18.189570 -5.728724 -24.044281 -16.404107 -15.167981 7.145293 -37.663359 -9.862055 -0.987060 -11.115263 -24.059107 -13.232468 -14.455929 -6.683040 -14.252667 -40.212277 -33.378646 -17.248346 -23.931336 -3.142587 4.311296 8.597158 -21.338685 -20.571609 -0.063380 -12.381616 -9.339893 
-18.828664 -18.441199 -6.315865 -24.726706 -16.760669 -15.506479 7.282747 -38.195016 -9.789182 -1.072014 -10.985275 -24.092398 -13.276110 -14.599902 -6.894573 -14.549522 -40.519185 -33.659981 -17.214014 -23.785874 -3.065710 4.071799 8.378030 -21.767189 -20.746812 0.025836 -12.702390 -9.290727 
-19.133144 -18.687929 -6.932080 -25.421103 -17.121692 -15.838582 7.434742 -38.728156 -9.694631 -1.159584 -10.845687 -24.100686 -13.304678 -14.738790 -7.118137 -14.851495 -40.801977 -33.925403 -17.140869 -23.602930 -2.971719 3.832086 8.155005 -22.209544 -20.912044 0.123774 -13.028111 -9.228754 
-19.445108 -18.929438 -7.578159 -26.127575 -17.487177 -16.163711 7.602011 -39.262808 -9.577512 -1.249807 -10.696410 -24.083037 -13.317525 -14.872371 -7.354212 -15.158724 -41.059635 -34.174270 -17.027145 -23.381146 -2.859855 3.592592 7.928390 -22.666285 -21.066903 0.230776 -13.358810 -9.153525 
-19.764867 -19.165400 -8.254899 -26.846224 -17.857130 -16.481277 7.785296 -39.798999 -9.436918 -1.342719 -10.537356 -24.038505 -13.313992 -15.000420 -7.603284 -15.471350 -41.291126 -34.405934 -16.871044 -23.119143 -2.729346 3.353764 7.698503 -23.137958 -21.210982 0.347193 -13.694515 -9.064587 
NaN NaN NaN NaN NaN NaN NaN NaN NaN NaN NaN NaN NaN NaN NaN NaN NaN NaN NaN NaN NaN NaN NaN NaN NaN NaN NaN NaN 
NaN NaN NaN NaN NaN NaN NaN NaN NaN NaN NaN NaN NaN NaN NaN NaN NaN NaN NaN NaN NaN NaN NaN NaN NaN NaN NaN NaN 
NaN NaN NaN NaN NaN NaN NaN NaN NaN NaN NaN NaN NaN NaN NaN NaN NaN NaN NaN NaN NaN NaN NaN NaN NaN NaN NaN NaN 
NaN NaN NaN NaN NaN NaN NaN NaN NaN NaN NaN NaN NaN NaN NaN NaN NaN NaN NaN NaN NaN NaN NaN NaN NaN NaN NaN NaN 
