NaN NaN NaN NaN NaN NaN NaN NaN NaN NaN NaN NaN NaN NaN NaN NaN NaN NaN NaN NaN NaN 
NaN NaN NaN NaN NaN NaN NaN NaN NaN NaN NaN NaN NaN NaN NaN NaN NaN NaN NaN NaN NaN 
NaN NaN NaN NaN NaN NaN NaN NaN NaN NaN NaN NaN NaN NaN NaN NaN NaN NaN NaN NaN NaN 
NaN NaN NaN NaN NaN NaN NaN NaN NaN NaN NaN NaN NaN NaN NaN NaN NaN NaN NaN NaN NaN 
NaN NaN NaN NaN NaN NaN NaN NaN NaN NaN NaN NaN NaN NaN NaN NaN NaN NaN NaN NaN NaN 
2.558337 -3.175620 -0.136549 2.045688 -1.901206 -0.878833 4.231588 -9.059752 -8.709842 -5.273714 -0.199258 -5.951039 12.047049 -0.762725 -2.068695 0.566009 -4.345435 0.126905 -1.726591 0.666435 3.428927 
2.255206 -3.326176 -0.014164 1.916283 -1.766616 -1.161233 3.461431 -9.122323 -8.527760 -4.434570 -0.440218 -6.095655 11.594791 -0.754443 -1.842713 0.469374 -4.483059 0.012306 -1.828911 0.381381 3.265989 
1.973869 -3.457785 0.105241 1.800266 -1.635865 -1.417510 2.737719 -9.162150 -8.343293 -3.644395 -0.661037 -6.215791 11.155314 -0.740403 -1.627438 0.375742 -4.601709 -0.090648 -1.915849 0.115650 3.116706 
1.713476 -3.571209 0.221512 1.696876 -1.508962 -1.648705 2.059126 -9.180186 -8.156626 -2.901788 -0.862485 -6.312471 10.728317 -0.721042 -1.422625 0.285177 -4.702108 -0.182496 -1.988150 -0.131335 2.980322 
1.473185 -3.667201 0.334497 1.605365 -1.385913 -1.855841 1.424344 -9.177370 -7.967945 -2.205365 -1.045319 -6.386702 10.313500 -0.696788 -1.228035 0.197741 -4.784969 -0.263768 -2.046546 -0.360149 2.856094 
1.252169 -3.746501 0.444050 1.524998 -1.266723 -2.039929 0.832079 -9.154626 -7.777432 -1.553762 -1.210284 -6.439477 9.910569 -0.668060 -1.043430 0.113493 -4.850997 -0.334988 -2.091758 -0.571359 2.743292 
1.049612 -3.809839 0.550026 1.455052 -1.151399 -2.201963 0.281051 -9.112866 -7.585267 -0.945632 -1.358113 -6.471774 9.519232 -0.635270 -0.868579 0.032488 -4.900885 -0.396668 -2.124496 -0.765527 2.641199 
0.864707 -3.857933 0.652284 1.394819 -1.039947 -2.342922 -0.230004 -9.052987 -7.391629 -0.379647 -1.489529 -6.484556 9.139200 -0.598821 -0.703251 -0.045219 -4.935316 -0.449314 -2.145456 -0.943209 2.549109 
0.696662 -3.891491 0.750686 1.343603 -0.932373 -2.463769 -0.702334 -8.975870 -7.196694 0.145502 -1.605240 -6.478772 8.770187 -0.559108 -0.547223 -0.119579 -4.954963 -0.493422 -2.155325 -1.104954 2.466329 
0.544694 -3.911207 0.845096 1.300721 -0.828682 -2.565453 -1.137173 -8.882387 -7.000637 0.631105 -1.705946 -6.455354 8.411911 -0.516518 -0.400272 -0.190547 -4.960491 -0.529480 -2.154777 -1.251308 2.392179 
0.408034 -3.917768 0.935384 1.265504 -0.728880 -2.648907 -1.535742 -8.773390 -6.803630 1.078436 -1.792331 -6.415222 8.064092 -0.471429 -0.262183 -0.258076 -4.952553 -0.557968 -2.144472 -1.382808 2.325990 
0.285923 -3.911847 1.021419 1.237295 -0.632971 -2.715048 -1.899243 -8.649722 -6.605843 1.488748 -1.865070 -6.359278 7.726453 -0.424212 -0.132740 -0.322127 -4.931791 -0.579355 -2.125063 -1.499988 2.267107 
0.177614 -3.894106 1.103077 1.215452 -0.540961 -2.764780 -2.228867 -8.512209 -6.407445 1.863276 -1.924825 -6.288411 7.398723 -0.375226 -0.011736 -0.382663 -4.898841 -0.594105 -2.097188 -1.603373 2.214885 
0.082372 -3.865196 1.180235 1.199343 -0.452855 -2.798989 -2.525787 -8.361664 -6.208601 2.203238 -1.972246 -6.203494 7.080630 -0.324828 0.101037 -0.439647 -4.854325 -0.602671 -2.061473 -1.693486 2.168695 
-0.000527 -3.825757 1.252773 1.188352 -0.368657 -2.818548 -2.791162 -8.198887 -6.009475 2.509831 -2.007972 -6.105388 6.771909 -0.273360 0.205779 -0.493048 -4.798857 -0.605497 -2.018534 -1.770840 2.127917 
-0.071794 -3.776418 1.320576 1.181875 -0.288371 -2.824312 -3.026136 -8.024663 -5.810230 2.784237 -2.032630 -5.994934 6.472295 -0.221161 0.302690 -0.542838 -4.733041 -0.603021 -1.968975 -1.835945 2.091945 
-0.132131 -3.717797 1.383531 1.179321 -0.212002 -2.817124 -3.231839 -7.839764 -5.611027 3.027615 -2.046833 -5.872963 6.181528 -0.168559 0.391962 -0.588990 -4.657469 -0.595670 -1.913387 -1.889304 2.060186 
-0.182225 -3.650500 1.441527 1.180112 -0.139555 -2.797809 -3.409385 -7.644945 -5.412022 3.241110 -2.051185 -5.740288 5.899352 -0.115874 0.473786 -0.631482 -4.572726 -0.583864 -1.852350 -1.931415 2.032058 
-0.222754 -3.575123 1.494457 1.183683 -0.071032 -2.767177 -3.559872 -7.440951 -5.213371 3.425845 -2.046276 -5.597708 5.625510 -0.063418 0.548349 -0.670294 -4.479386 -0.568013 -1.786433 -1.962770 2.006991 
-0.254383 -3.492249 1.542219 1.189484 -0.006437 -2.726026 -3.684385 -7.228510 -5.015230 3.582926 -2.032686 -5.446008 5.359754 -0.011496 0.615832 -0.705409 -4.378011 -0.548520 -1.716191 -1.983854 1.984430 
-0.277767 -3.402451 1.584712 1.196976 0.054226 -2.675133 -3.783993 -7.008339 -4.817749 3.713441 -2.010982 -5.285957 5.101835 0.039598 0.676416 -0.736813 -4.269156 -0.525777 -1.642171 -1.995147 1.963831 
-0.293546 -3.306291 1.621838 1.205633 0.110953 -2.615265 -3.859750 -6.781139 -4.621079 3.818460 -1.981718 -5.118308 4.851508 0.089577 0.730274 -0.764497 -4.153364 -0.500171 -1.564904 -1.997124 1.944660 
-0.302352 -3.204319 1.653502 1.214944 0.163742 -2.547171 -3.912696 -6.547596 -4.425367 3.899031 -1.945439 -4.943803 4.608532 0.138161 0.777578 -0.788451 -4.031169 -0.472078 -1.484913 -1.990252 1.926399 
-0.304804 -3.097075 1.679615 1.224409 0.212590 -2.471585 -3.943854 -6.308385 -4.230758 3.956188 -1.902676 -4.763164 4.372669 0.185080 0.818494 -0.808671 -3.903094 -0.441865 -1.402706 -1.974995 1.908541 
-0.301508 -2.985087 1.700088 1.233543 0.257494 -2.389226 -3.954233 -6.064164 -4.037398 3.990944 -1.853949 -4.577103 4.143683 0.230072 0.853186 -0.825155 -3.769653 -0.409892 -1.318782 -1.951808 1.890590 
-0.293061 -2.868871 1.714835 1.241873 0.298451 -2.300797 -3.944828 -5.815581 -3.845428 4.004294 -1.799764 -4.386313 3.921343 0.272883 0.881813 -0.837906 -3.631350 -0.376510 -1.233627 -1.921142 1.872066 
-0.280046 -2.748933 1.723777 1.248938 0.335459 -2.206988 -3.916618 -5.563265 -3.654986 3.997214 -1.740618 -4.191474 3.705420 0.313266 0.904532 -0.846926 -3.488678 -0.342060 -1.147714 -1.883443 1.852498 
-0.263036 -2.625769 1.726833 1.254294 0.368517 -2.108471 -3.870567 -5.307834 -3.466211 3.970663 -1.676995 -3.993252 3.495687 0.350985 0.921492 -0.852223 -3.342121 -0.306877 -1.061508 -1.839149 1.831428 
-0.242591 -2.499860 1.723928 1.257505 0.397621 -2.005903 -3.807624 -5.049893 -3.279239 3.925580 -1.609368 -3.792296 3.291924 0.385811 0.932843 -0.853808 -3.192153 -0.271285 -0.975458 -1.788693 1.808412 
-0.219260 -2.371679 1.714991 1.258152 0.422770 -1.899928 -3.728724 -4.790031 -3.094202 3.862885 -1.538195 -3.589242 3.093909 0.417522 0.938728 -0.851694 -3.039237 -0.235601 -0.890003 -1.732504 1.783016 
-0.193581 -2.241688 1.699951 1.255828 0.443963 -1.791172 -3.634784 -4.528823 -2.911233 3.783483 -1.463926 -3.384709 2.901428 0.445906 0.939287 -0.845897 -2.883827 -0.200132 -0.805572 -1.671002 1.754821 
-0.166079 -2.110335 1.678744 1.250139 0.461198 -1.680247 -3.526710 -4.266832 -2.730460 3.688256 -1.386997 -3.179302 2.714267 0.470758 0.934657 -0.836437 -2.726367 -0.165179 -0.722580 -1.604603 1.723419 
-0.137269 -1.978060 1.651305 1.240703 0.474474 -1.567750 -3.405391 -4.004604 -2.552012 3.578070 -1.307832 -2.973613 2.532216 0.491884 0.924969 -0.823335 -2.567291 -0.131032 -0.641430 -1.533717 1.688413 
-0.107653 -1.845289 1.617576 1.227153 0.483789 -1.454262 -3.271701 -3.742675 -2.376013 3.453773 -1.226844 -2.768217 2.355069 0.509094 0.910353 -0.806618 -2.407021 -0.097972 -0.562516 -1.458747 1.649422 
-0.077721 -1.712439 1.577500 1.209134 0.489144 -1.340349 -3.126499 -3.481563 -2.202588 3.316192 -1.144434 -2.563674 2.182622 0.522210 0.890932 -0.786314 -2.245973 -0.066274 -0.486216 -1.380093 1.606074 
-0.047954 -1.579915 1.531024 1.186305 0.490536 -1.226562 -2.970630 -3.221774 -2.031856 3.166139 -1.060991 -2.360530 2.014675 0.531061 0.866829 -0.762453 -2.084550 -0.036203 -0.412901 -1.298146 1.558012 
-0.018819 -1.448111 1.478096 1.158337 0.487967 -1.113436 -2.804921 -2.963801 -1.863938 3.004404 -0.976892 -2.159315 1.851031 0.535483 0.838159 -0.735071 -1.923144 -0.008015 -0.342926 -1.213293 1.504888 
0.009229 -1.317408 1.418670 1.124914 0.481435 -1.001492 -2.630188 -2.708122 -1.698951 2.831761 -0.892502 -1.960546 1.691495 0.535323 0.805036 -0.704204 -1.762142 0.018042 -0.276638 -1.125914 1.446371 
0.035745 -1.188179 1.352701 1.085735 0.470940 -0.891233 -2.447230 -2.455199 -1.537009 2.648965 -0.808174 -1.764722 1.535877 0.530433 0.767568 -0.669894 -1.601915 0.041729 -0.214369 -1.036385 1.382138 
0.060297 -1.060784 1.280150 1.040510 0.456483 -0.783150 -2.256831 -2.205484 -1.378226 2.456751 -0.724249 -1.572332 1.383989 0.520677 0.725862 -0.632183 -1.442827 0.062815 -0.156442 -0.945073 1.311881 
0.082463 -0.935571 1.200977 0.988963 0.438063 -0.677716 -2.059760 -1.959413 -1.222714 2.255838 -0.641058 -1.383844 1.235646 0.505923 0.680019 -0.591118 -1.285234 0.081078 -0.103167 -0.852342 1.235303 
0.101834 -0.812878 1.115149 0.930832 0.415682 -0.575391 -1.856771 -1.717406 -1.070580 2.046923 -0.558917 -1.199716 1.090668 0.486052 0.630136 -0.546748 -1.129477 0.096304 -0.054841 -0.758550 1.152122 
0.118012 -0.693033 1.022634 0.865867 0.389340 -0.476618 -1.648604 -1.479874 -0.921933 1.830689 -0.478132 -1.020389 0.948876 0.460949 0.576307 -0.499127 -0.975892 0.108289 -0.011751 -0.664048 1.062064 
0.130612 -0.576350 0.923403 0.793830 0.359037 -0.381826 -1.435982 -1.247209 -0.776876 1.607798 -0.398997 -0.846289 0.810094 0.430510 0.518622 -0.448308 -0.824802 0.116835 0.025828 -0.569180 0.964872 
0.139259 -0.463133 0.817432 0.714499 0.324775 -0.291427 -1.219616 -1.019791 -0.635514 1.378892 -0.321795 -0.677828 0.674152 0.394639 0.457167 -0.394352 -0.676520 0.121755 0.057633 -0.474288 0.860298 
0.143589 -0.353676 0.704697 0.627663 0.286554 -0.205819 -1.000198 -0.797988 -0.497947 1.144597 -0.246795 -0.515401 0.540880 0.353247 0.392024 -0.337318 -0.531351 0.122869 0.083412 -0.379704 0.748108 
0.143253 -0.248261 0.585181 0.533125 0.244377 -0.125385 -0.778409 -0.582152 -0.364273 0.905521 -0.174255 -0.359392 0.410112 0.306254 0.323272 -0.277273 -0.389589 0.120008 0.102927 -0.285757 0.628081 
0.137910 -0.147157 0.458867 0.430701 0.198245 -0.050491 -0.554912 -0.372619 -0.234590 0.662250 -0.104422 -0.210166 0.281687 0.253589 0.250985 -0.214282 -0.251516 0.113008 0.115948 -0.192768 0.500006 
0.127232 -0.050625 0.325743 0.320219 0.148159 0.018509 -0.330356 -0.169716 -0.108992 0.415355 -0.037530 -0.068075 0.155446 0.195188 0.175234 -0.148417 -0.117408 0.101716 0.122261 -0.101055 0.363686 
0.110903 0.041087 0.185799 0.201521 0.094122 0.081281 -0.105377 0.026248 0.012428 0.165388 0.026198 0.066544 0.031231 0.130997 0.096085 -0.079752 0.012472 0.085988 0.121661 -0.010928 0.218938 
0.088619 0.127742 0.039028 0.074463 0.036136 0.137503 0.119408 0.214976 0.129579 -0.087120 0.086552 0.193368 -0.091109 0.060967 0.013601 -0.008362 0.137870 0.065686 0.113955 0.077309 0.065588 
0.060086 0.209115 -0.114572 -0.061087 -0.025797 0.186868 0.343393 0.396187 0.242373 -0.341653 0.143333 0.312092 -0.211725 -0.014938 -0.072159 0.065673 0.258543 0.040682 0.098962 0.163358 -0.096524 
0.025024 0.284990 -0.275002 -0.205247 -0.091675 0.229087 0.565990 0.569610 0.350723 -0.597717 0.196354 0.422421 -0.330764 -0.096750 -0.161139 0.142270 0.374256 0.010858 0.076513 0.246924 -0.267544 
-0.016838 0.355164 -0.442259 -0.358123 -0.161494 0.263883 0.786623 0.734993 0.454544 -0.854834 0.245440 0.524081 -0.448367 -0.184490 -0.253289 0.221344 0.484785 -0.023897 0.046452 0.327721 -0.447609 
-0.065758 0.419446 -0.616336 -0.519808 -0.235253 0.290997 1.004736 0.892094 0.553754 -1.112544 0.290427 0.616807 -0.564677 -0.278172 -0.348560 0.302806 0.589918 -0.063685 0.008631 0.405468 -0.636841 
-0.121982 0.477653 -0.797225 -0.690381 -0.312947 0.310184 1.219781 1.040687 0.648273 -1.370408 0.331166 0.700353 -0.679829 -0.377801 -0.446910 0.386564 0.689448 -0.108601 -0.037082 0.479890 -0.835349 
-0.185744 0.529616 -0.984913 -0.869907 -0.394573 0.321215 1.431232 1.180560 0.738022 -1.628005 0.367515 0.774486 -0.793958 -0.483375 -0.548298 0.472525 0.783184 -0.158728 -0.090810 0.550716 -1.043233 
-0.257268 0.575176 -1.179384 -1.058440 -0.480129 0.323875 1.638573 1.311513 0.822924 -1.884929 0.399349 0.838988 -0.907195 -0.594881 -0.652689 0.560589 0.870940 -0.214144 -0.152663 0.617683 -1.260578 
-0.336766 0.614186 -1.380621 -1.256019 -0.569610 0.317966 1.841305 1.433362 0.902905 -2.140798 0.426550 0.893657 -1.019667 -0.712302 -0.760051 0.650658 0.952543 -0.274917 -0.222741 0.680534 -1.487457 
-0.424438 0.646510 -1.588600 -1.462672 -0.663013 0.303304 2.038944 1.545937 0.977894 -2.395244 0.449016 0.938305 -1.131499 -0.835608 -0.870355 0.742627 1.027829 -0.341105 -0.301129 0.739016 -1.723930 
-0.520471 0.672022 -1.803298 -1.678412 -0.760333 0.279720 2.231021 1.649080 1.047819 -2.647919 0.466654 0.972759 -1.242811 -0.964763 -0.983577 0.836390 1.096644 -0.412759 -0.387904 0.792883 -1.970046 
-0.625042 0.690608 -2.024685 -1.903240 -0.861566 0.247062 2.417081 1.742649 1.112612 -2.898495 0.479385 0.996861 -1.353723 -1.099724 -1.099698 0.931836 1.158845 -0.489922 -0.483128 0.841895 -2.225841 
-0.738316 0.702166 -2.252731 -2.137143 -0.966708 0.205193 2.596686 1.826515 1.172208 -3.146660 0.487141 1.010468 -1.464348 -1.240438 -1.218699 1.028854 1.214296 -0.572627 -0.586853 0.885817 -2.491339 
-0.860447 0.706603 -2.487402 -2.380095 -1.075755 0.153989 2.769410 1.900563 1.226542 -3.392122 0.489865 1.013451 -1.574800 -1.386843 -1.340569 1.127328 1.262874 -0.660899 -0.699120 0.924420 -2.766550 
-0.991576 0.703841 -2.728660 -2.632057 -1.188701 0.093344 2.934845 1.964693 1.275551 -3.634607 0.487513 1.005699 -1.685185 -1.538870 -1.465299 1.227138 1.304465 -0.754755 -0.819957 0.957483 -3.051474 
-1.131833 0.693809 -2.976464 -2.892978 -1.305542 0.023165 3.092597 2.018817 1.319177 -3.873860 0.480053 0.987112 -1.795611 -1.696443 -1.592884 1.328164 1.338965 -0.854202 -0.949379 0.984788 -3.346097 
-1.281336 0.676450 -3.230771 -3.162792 -1.426272 -0.056623 3.242286 2.062862 1.357360 -4.109643 0.467463 0.957606 -1.906179 -1.859474 -1.723322 1.430281 1.366281 -0.959240 -1.087393 1.006123 -3.650393 
-1.440194 0.651716 -3.491534 -3.441422 -1.550887 -0.146082 3.383548 2.096770 1.390045 -4.341739 0.449736 0.917114 -2.016988 -2.027871 -1.856617 1.533361 1.386327 -1.069859 -1.233990 1.021284 -3.964323 
-1.608499 0.619573 -3.758702 -3.728776 -1.679380 -0.245257 3.516034 2.120496 1.417178 -4.569947 0.426875 0.865581 -2.128134 -2.201530 -1.992774 1.637273 1.399030 -1.186042 -1.389153 1.030071 -4.287836 
-1.786337 0.579996 -4.032223 -4.024749 -1.811745 -0.354180 3.639409 2.134007 1.438707 -4.794086 0.398895 0.802970 -2.239710 -2.380341 -2.131805 1.741884 1.404327 -1.307762 -1.552850 1.032291 -4.620870 
-1.973778 0.532972 -4.312040 -4.329224 -1.947978 -0.472865 3.753354 2.137289 1.454581 -5.013993 0.365822 0.729255 -2.351806 -2.564184 -2.273724 1.847057 1.402162 -1.434984 -1.725040 1.027756 -4.963349 
-2.170884 0.478498 -4.598094 -4.642071 -2.088072 -0.601313 3.857566 2.130336 1.464754 -5.229524 0.327696 0.644429 -2.464508 -2.752934 -2.418549 1.952652 1.392492 -1.567665 -1.905668 1.016284 -5.315185 
-2.377702 0.416584 -4.890322 -4.963145 -2.232020 -0.739509 3.951754 2.113161 1.469180 -5.440553 0.284567 0.548498 -2.577900 -2.946453 -2.566301 2.058527 1.375283 -1.705752 -2.094670 0.997699 -5.676277 
-2.594270 0.347250 -5.188659 -5.292290 -2.379817 -0.887421 4.035644 2.085788 1.467813 -5.646971 0.236498 0.441481 -2.692062 -3.144599 -2.717008 2.164535 1.350511 -1.849185 -2.291967 0.971831 -6.046513 
-2.820613 0.270528 -5.493036 -5.629336 -2.531455 -1.045003 4.108978 2.048255 1.460614 -5.848691 0.183564 0.323416 -2.807070 -3.347218 -2.870698 2.270529 1.318161 -1.997894 -2.497470 0.938515 -6.425767 
-3.056744 0.186461 -5.803380 -5.974099 -2.686928 -1.212196 4.171510 2.000616 1.447542 -6.045641 0.125850 0.194353 -2.922999 -3.554152 -3.027405 2.376356 1.278230 -2.151803 -2.711079 0.897593 -6.813902 
-3.302666 0.095102 -6.119617 -6.326384 -2.846228 -1.388921 4.223013 1.942937 1.428560 -6.237770 0.063456 0.054357 -3.039919 -3.765230 -3.187167 2.481861 1.230724 -2.310823 -2.932681 0.848913 -7.210767 
-3.558369 -0.003482 -6.441668 -6.685981 -3.009349 -1.575088 4.263270 1.875299 1.403631 -6.425044 -0.003509 -0.096490 -3.157898 -3.980276 -3.350025 2.586887 1.175658 -2.474860 -3.162152 0.792327 -7.616201 
-3.823831 -0.109217 -6.769452 -7.052667 -3.176282 -1.770590 4.292084 1.797797 1.372723 -6.607448 -0.074923 -0.258094 -3.276999 -4.199105 -3.516024 2.691273 1.113058 -2.643811 -3.399355 0.727695 -8.030029 
-4.099021 -0.222014 -7.102885 -7.426208 -3.347022 -1.975303 4.309269 1.710538 1.335804 -6.784986 -0.150651 -0.430344 -3.397285 -4.421523 -3.685214 2.794855 1.042960 -2.817564 -3.644142 0.654882 -8.452063 
-4.383892 -0.341775 -7.441878 -7.806354 -3.521559 -2.189090 4.314656 1.613646 1.292845 -6.957679 -0.230549 -0.613115 -3.518814 -4.647328 -3.857647 2.897467 0.965411 -2.995997 -3.896355 0.573758 -8.882105 
-4.678390 -0.468389 -7.786342 -8.192843 -3.699885 -2.411799 4.308092 1.507258 1.243817 -7.125569 -0.314457 -0.806265 -3.641639 -4.876311 -4.033379 2.998938 0.880465 -3.178982 -4.155821 0.484199 -9.319941 
-4.982446 -0.601736 -8.136181 -8.585400 -3.881993 -2.643261 4.289437 1.391523 1.188696 -7.288713 -0.402207 -1.009642 -3.765814 -5.108252 -4.212473 3.099096 0.788189 -3.366381 -4.422357 0.386089 -9.765347 
-5.295981 -0.741683 -8.491300 -8.983738 -4.067875 -2.883292 4.258566 1.266607 1.127458 -7.447189 -0.493618 -1.223073 -3.891386 -5.342925 -4.394991 3.197765 0.688658 -3.558046 -4.695770 0.279315 -10.218088 
-5.618903 -0.888086 -8.851597 -9.387555 -4.257521 -3.131694 4.215371 1.132687 1.060082 -7.601094 -0.588495 -1.446375 -4.018400 -5.580094 -4.581003 3.294765 0.581959 -3.753824 -4.975852 0.163772 -10.677913 
-5.951111 -1.040792 -9.216970 -9.796538 -4.450923 -3.388253 4.159757 0.989956 0.986548 -7.750541 -0.686634 -1.679347 -4.146900 -5.819518 -4.770581 3.389916 0.468187 -3.953551 -5.262385 0.039360 -11.144561 
-6.292489 -1.199634 -9.587312 -10.210357 -4.648072 -3.652738 4.091644 0.838621 0.906840 -7.895664 -0.787818 -1.921775 -4.276923 -6.060943 -4.963800 3.483033 0.347449 -4.157054 -5.555138 -0.094016 -11.617758 
-6.642912 -1.364434 -9.962513 -10.628674 -4.848959 -3.924906 4.010969 0.678901 0.820943 -8.036614 -0.891817 -2.173429 -4.408507 -6.304111 -5.160741 3.573927 0.219859 -4.364152 -5.853871 -0.236444 -12.097218 
-7.002242 -1.535006 -10.342461 -11.051134 -5.053575 -4.204496 3.917681 0.511032 0.728842 -8.173561 -0.998390 -2.434064 -4.541683 -6.548752 -5.361488 3.662407 0.085544 -4.574658 -6.158330 -0.388006 -12.582642 
-7.370330 -1.711148 -10.727040 -11.477371 -5.261910 -4.491233 3.811748 0.335260 0.630527 -8.306693 -1.107286 -2.703422 -4.676482 -6.794591 -5.566128 3.748280 -0.055361 -4.788371 -6.468249 -0.548779 -13.073719 
-7.747014 -1.892651 -11.116130 -11.907004 -5.473954 -4.784826 3.693149 0.151850 0.525989 -8.436217 -1.218239 -2.981226 -4.812929 -7.041343 -5.774752 3.831349 -0.202709 -5.005087 -6.783352 -0.718835 -13.570125 
-8.132123 -2.079293 -11.509610 -12.339641 -5.689698 -5.084970 3.561880 -0.038924 0.415221 -8.562358 -1.330973 -3.267189 -4.951047 -7.288715 -5.987457 3.911414 -0.356346 -5.224590 -7.103349 -0.898237 -14.071525 
-8.525471 -2.270841 -11.907354 -12.774876 -5.909132 -5.391343 3.417952 -0.236771 0.298218 -8.685361 -1.445200 -3.561006 -5.090858 -7.536405 -6.204340 3.988271 -0.516104 -5.446657 -7.427941 -1.087045 -14.577569 
-8.926864 -2.467050 -12.309234 -13.212289 -6.132246 -5.703608 3.261390 -0.441387 0.174976 -8.805487 -1.560618 -3.862358 -5.232378 -7.784104 -6.425506 4.061716 -0.681809 -5.671055 -7.756814 -1.285313 -15.087898 
-9.336094 -2.667665 -12.715118 -13.651447 -6.359028 -6.021415 3.092235 -0.652454 0.045496 -8.923018 -1.676917 -4.170910 -5.375620 -8.031493 -6.651062 4.131539 -0.853275 -5.897544 -8.089646 -1.493087 -15.602138 
-9.752942 -2.872419 -13.124872 -14.091907 -6.589469 -6.344395 2.910544 -0.869639 -0.090223 -9.038252 -1.793771 -4.486315 -5.520595 -8.278248 -6.881117 4.197528 -1.030306 -6.125874 -8.426100 -1.710409 -16.119904 
-10.177176 -3.081034 -13.538357 -14.533208 -6.823558 -6.672166 2.716385 -1.092598 -0.232176 -9.151508 -1.910846 -4.808207 -5.667311 -8.524032 -7.115788 4.259468 -1.212696 -6.355788 -8.765830 -1.937316 -16.640798 
-10.608555 -3.293222 -13.955434 -14.974879 -7.061283 -7.004331 2.509846 -1.320969 -0.380359 -9.263122 -2.027792 -5.136208 -5.815772 -8.768504 -7.355191 4.317142 -1.400229 -6.587019 -9.108475 -2.173837 -17.164408 
-11.046824 -3.508683 -14.375957 -15.416436 -7.302634 -7.340476 2.291027 -1.554379 -0.534764 -9.373448 -2.144252 -5.469925 -5.965979 -9.011313 -7.599451 4.370328 -1.592680 -6.819292 -9.453665 -2.419995 -17.690314 
-11.491718 -3.727104 -14.799779 -15.857380 -7.547599 -7.680174 2.060043 -1.792440 -0.695382 -9.482860 -2.259852 -5.808949 -6.117929 -9.252098 -7.848692 4.418802 -1.789813 -7.052324 -9.801018 -2.675810 -18.218079 
-11.942960 -3.948163 -15.226751 -16.297200 -7.796167 -8.022981 1.817026 -2.034750 -0.862202 -9.591750 -2.374210 -6.152856 -6.271618 -9.490493 -8.103046 4.462337 -1.991383 -7.285822 -10.150138 -2.941293 -18.747256 
-12.400260 -4.171527 -15.656718 -16.735373 -8.048326 -8.368437 1.562120 -2.280894 -1.035210 -9.700527 -2.486930 -6.501209 -6.427038 -9.726122 -8.362646 4.500703 -2.197133 -7.519485 -10.500621 -3.216452 -19.277385 
-12.863318 -4.396850 -16.089523 -17.171360 -8.304064 -8.716069 1.295487 -2.530440 -1.214391 -9.809622 -2.597605 -6.853552 -6.584176 -9.958600 -8.627629 4.533668 -2.406798 -7.753005 -10.852047 -3.501286 -19.807994 
-13.331822 -4.623776 -16.525008 -17.604612 -8.563369 -9.065387 1.017302 -2.782947 -1.399727 -9.919480 -2.705815 -7.209420 -6.743018 -10.187534 -8.898138 4.560995 -2.620103 -7.986063 -11.203988 -3.795791 -20.338598 
-13.805447 -4.851938 -16.963009 -18.034564 -8.826228 -9.415887 0.727755 -3.037955 -1.591200 -10.030567 -2.811131 -7.568327 -6.903546 -10.412525 -9.174319 4.582445 -2.836761 -8.218334 -11.556001 -4.099956 -20.868700 
-14.283860 -5.080958 -17.403361 -18.460641 -9.092630 -9.767047 0.427053 -3.294993 -1.788787 -10.143369 -2.913109 -7.929777 -7.065740 -10.633163 -9.456319 4.597777 -3.056477 -8.449481 -11.907635 -4.413763 -21.397791 
-14.766711 -5.310445 -17.845893 -18.882252 -9.362561 -10.118334 0.115416 -3.553576 -1.992465 -10.258387 -3.011294 -8.293256 -7.229574 -10.849030 -9.744294 4.606744 -3.278946 -8.679162 -12.258424 -4.737190 -21.925348 
-15.253643 -5.539999 -18.290433 -19.298795 -9.636009 -10.469196 -0.206920 -3.813204 -2.202208 -10.376143 -3.105220 -8.658236 -7.395022 -11.059701 -10.038400 4.609100 -3.503851 -8.907024 -12.607891 -5.070209 -22.450838 
-15.744285 -5.769207 -18.736807 -19.709653 -9.912961 -10.819067 -0.539705 -4.073363 -2.417989 -10.497176 -3.194408 -9.024175 -7.562052 -11.264743 -10.338798 4.604592 -3.730868 -9.132707 -12.955549 -5.412785 -22.973713 
-16.238255 -5.997646 -19.184835 -20.114198 -10.193403 -11.167366 -0.882673 -4.333525 -2.639777 -10.622044 -3.278367 -9.390515 -7.730632 -11.463712 -10.645652 4.592967 -3.959660 -9.355840 -13.300897 -5.764877 -23.493415 
-16.735160 -6.224882 -19.634336 -20.511787 -10.477323 -11.513497 -1.235544 -4.593150 -2.867542 -10.751325 -3.356596 -9.756683 -7.900725 -11.656158 -10.959132 4.573968 -4.189881 -9.576048 -13.643424 -6.126441 -24.009372 
-17.234593 -6.450468 -20.085125 -20.901764 -10.764705 -11.856847 -1.598021 -4.851682 -3.101250 -10.885614 -3.428581 -10.122092 -8.072289 -11.841623 -11.279411 4.547335 -4.421178 -9.792942 -13.982605 -6.497423 -24.521000 
-17.736139 -6.673949 -20.537013 -21.283462 -11.055537 -12.196790 -1.969794 -5.108550 -3.340864 -11.025523 -3.493795 -10.486139 -8.245283 -12.019639 -11.606663 4.512805 -4.653182 -10.006128 -14.317907 -6.877766 -25.027703 
-18.239368 -6.894855 -20.989811 -21.656199 -11.349805 -12.532682 -2.350538 -5.363172 -3.586347 -11.171685 -3.551700 -10.848207 -8.419660 -12.189732 -11.941071 4.470110 -4.885520 -10.215202 -14.648780 -7.267407 -25.528872 
-18.743840 -7.112708 -21.443322 -22.019280 -11.647495 -12.863867 -2.739912 -5.614951 -3.837658 -11.324752 -3.601747 -11.207664 -8.595371 -12.351416 -12.282818 4.418984 -5.117805 -10.419753 -14.974668 -7.666276 -26.023887 
-19.249103 -7.327017 -21.897351 -22.371997 -11.948592 -13.189671 -3.137560 -5.863275 -4.094757 -11.485391 -3.643373 -11.563863 -8.772362 -12.504201 -12.632091 4.359152 -5.349642 -10.619358 -15.295000 -8.074297 -26.512113 
-19.754694 -7.537280 -22.351696 -22.713629 -12.253081 -13.509406 -3.543112 -6.107518 -4.357599 -11.654290 -3.676006 -11.916141 -8.950578 -12.647587 -12.989084 4.290340 -5.580626 -10.813590 -15.609193 -8.491390 -26.992905 
-20.260138 -7.742984 -22.806154 -23.043442 -12.560948 -13.822368 -3.956182 -6.347042 -4.626137 -11.832157 -3.699060 -12.263822 -9.129960 -12.781063 -13.353991 4.212270 -5.810340 -11.002011 -15.916653 -8.917468 -27.465604 
-20.764948 -7.943606 -23.260517 -23.360689 -12.872178 -14.127839 -4.376369 -6.581192 -4.900325 -12.019714 -3.711938 -12.606213 -9.310445 -12.904115 -13.727012 4.124661 -6.038360 -11.184173 -16.216774 -9.352437 -27.929541 
-21.268625 -8.138610 -23.714577 -23.664610 -13.186756 -14.425083 -4.803259 -6.809303 -5.180111 -12.217706 -3.714029 -12.942609 -9.491969 -13.016216 -14.108351 4.027229 -6.264249 -11.359621 -16.508940 -9.796199 -28.384031 
-21.770659 -8.327449 -24.168119 -23.954431 -13.504667 -14.713352 -5.236419 -7.030692 -5.465445 -12.426894 -3.704714 -13.272286 -9.674463 -13.116834 -14.498215 3.919686 -6.487563 -11.527893 -16.792521 -10.248650 -28.828380 
-22.270529 -8.509567 -24.620929 -24.229365 -13.825895 -14.991881 -5.675405 -7.244665 -5.756270 -12.648058 -3.683359 -13.594509 -9.857855 -13.205426 -14.896815 3.801742 -6.707845 -11.688516 -17.066876 -10.709678 -29.261879 
-22.767702 -8.684393 -25.072785 -24.488614 -14.150424 -15.259890 -6.119756 -7.450512 -6.052532 -12.881996 -3.649320 -13.908526 -10.042071 -13.281443 -15.304367 3.673104 -6.924631 -11.841009 -17.331353 -11.179169 -29.683809 
-23.261631 -8.851349 -25.523466 -24.731364 -14.478239 -15.516582 -6.568997 -7.647511 -6.354172 -13.129526 -3.601939 -14.213571 -10.227033 -13.344326 -15.721088 3.533475 -7.137444 -11.984883 -17.585287 -11.656999 -30.093436 
-23.751761 -9.009842 -25.972746 -24.956789 -14.809324 -15.761149 -7.022636 -7.834923 -6.661130 -13.391482 -3.540549 -14.508862 -10.412658 -13.393509 -16.147202 3.382557 -7.345799 -12.119640 -17.828001 -12.143041 -30.490016 
-24.237524 -9.159271 -26.420396 -25.164051 -15.143662 -15.992762 -7.480169 -8.011999 -6.973344 -13.668720 -3.464468 -14.793603 -10.598864 -13.428417 -16.582936 3.220048 -7.549201 -12.244774 -18.058809 -12.637161 -30.872791 
-24.718339 -9.299021 -26.866184 -25.352297 -15.481237 -16.210582 -7.941074 -8.177974 -7.290748 -13.962111 -3.373004 -15.066983 -10.785563 -13.448467 -17.028519 3.045641 -7.747145 -12.359769 -18.277010 -13.139220 -31.240992 
-25.193615 -9.428469 -27.309876 -25.520661 -15.822032 -16.413751 -8.404816 -8.332067 -7.613277 -14.272547 -3.265452 -15.328176 -10.972663 -13.453067 -17.484187 2.859029 -7.939114 -12.464102 -18.481893 -13.649072 -31.593836 
-25.662749 -9.546977 -27.751233 -25.668267 -16.166030 -16.601398 -8.870845 -8.473487 -7.940863 -14.600938 -3.141098 -15.576341 -11.160072 -13.441618 -17.950177 2.659901 -8.124583 -12.557241 -18.672735 -14.166565 -31.930528 
-26.125125 -9.653899 -28.190014 -25.794221 -16.513216 -16.772636 -9.338595 -8.601427 -8.273434 -14.948210 -2.999212 -15.810621 -11.347692 -13.413511 -18.426731 2.447942 -8.303017 -12.638645 -18.848802 -14.691544 -32.250262 
-26.580118 -9.748576 -28.625974 -25.897620 -16.863570 -16.926562 -9.807485 -8.715065 -8.610918 -15.315310 -2.839055 -16.030147 -11.535423 -13.368132 -18.914096 2.222834 -8.473871 -12.707765 -19.009346 -15.223843 -32.552217 
-27.027090 -9.830339 -29.058866 -25.977545 -17.217077 -17.062257 -10.276920 -8.813567 -8.953241 -15.703205 -2.659875 -16.234032 -11.723163 -13.304854 -19.412522 1.984259 -8.636589 -12.764043 -19.153609 -15.763296 -32.835563 
-27.465389 -9.898507 -29.488438 -26.033067 -17.573718 -17.178790 -10.746289 -8.896085 -9.300326 -16.112876 -2.460908 -16.421376 -11.910803 -13.223045 -19.922261 1.731892 -8.790605 -12.806912 -19.280822 -16.309727 -33.099455 
-27.894357 -9.952388 -29.914438 -26.063241 -17.933477 -17.275212 -11.214966 -8.961754 -9.652094 -16.545326 -2.241379 -16.591263 -12.098236 -13.122064 -20.443571 1.465406 -8.935345 -12.835797 -19.390202 -16.862955 -33.343037 
-28.313318 -9.991279 -30.336608 -26.067109 -18.296333 -17.350559 -11.682312 -9.009700 -10.008465 -17.001575 -2.000500 -16.742763 -12.285348 -13.001261 -20.976714 1.184474 -9.070222 -12.850115 -19.480956 -17.422794 -33.565439 
-28.721589 -10.014465 -30.754687 -26.043702 -18.662271 -17.403852 -12.147670 -9.039030 -10.369355 -17.482663 -1.737473 -16.874930 -12.472023 -12.859979 -21.521954 0.888762 -9.194641 -12.849274 -19.552279 -17.989053 -33.765780 
-29.118473 -10.021222 -31.168414 -25.992037 -19.031271 -17.434097 -12.610370 -9.048840 -10.734681 -17.989646 -1.451484 -16.986805 -12.658142 -12.697552 -22.079562 0.577935 -9.307998 -12.832673 -19.603354 -18.561533 -33.943166 
-29.503263 -10.010811 -31.577520 -25.911116 -19.403315 -17.440284 -13.069727 -9.038213 -11.104355 -18.523601 -1.141713 -17.077412 -12.843583 -12.513305 -22.649809 0.251654 -9.409676 -12.799702 -19.633351 -19.140029 -34.096691 
-29.875238 -9.982485 -31.981738 -25.799931 -19.778385 -17.421388 -13.525039 -9.006214 -11.478289 -19.085622 -0.807323 -17.145760 -13.028221 -12.306556 -23.232973 -0.090421 -9.499050 -12.749743 -19.641431 -19.724333 -34.225437 
-30.233668 -9.935486 -32.380793 -25.657458 -20.156461 -17.376370 -13.975591 -8.951899 -11.856391 -19.676822 -0.447468 -17.190846 -13.211927 -12.076614 -23.829335 -0.448635 -9.575486 -12.682171 -19.626741 -20.314229 -34.328472 
-30.577810 -9.869042 -32.774410 -25.482663 -20.537524 -17.304173 -14.420654 -8.874305 -12.238569 -20.298332 -0.061289 -17.211649 -13.394569 -11.822779 -24.439178 -0.823336 -9.638336 -12.596350 -19.588417 -20.909495 -34.404853 
NaN NaN NaN NaN NaN NaN NaN NaN NaN NaN NaN NaN NaN NaN NaN NaN NaN NaN NaN NaN NaN 
NaN NaN NaN NaN NaN NaN NaN NaN NaN NaN NaN NaN NaN NaN NaN NaN NaN NaN NaN NaN NaN 
NaN NaN NaN NaN NaN NaN NaN NaN NaN NaN NaN NaN NaN NaN NaN NaN NaN NaN NaN NaN NaN 
NaN NaN NaN NaN NaN NaN NaN NaN NaN NaN NaN NaN NaN NaN NaN NaN NaN NaN NaN NaN NaN 
