NaN NaN NaN NaN NaN NaN NaN 
NaN NaN NaN NaN NaN NaN NaN 
NaN NaN NaN NaN NaN NaN NaN 
NaN NaN NaN NaN NaN NaN NaN 
NaN NaN NaN NaN NaN NaN NaN 
-0.313615 1.286776 1.422738 -1.241270 2.389977 0.783072 -0.139026 
-0.671864 1.152910 1.579122 -1.157179 2.418076 0.609572 -0.238296 
-0.730410 1.102855 1.893212 -1.528797 2.082873 0.300956 -0.490489 
-1.070863 1.207168 1.891771 -1.504928 1.664187 0.056279 -0.430651 
-1.101560 1.297180 1.757841 -1.750915 1.563649 -0.029168 -0.690871 
-0.923687 1.239554 1.481665 -2.028000 1.235496 -0.301121 -0.698570 
-1.244145 1.172960 1.864980 -1.536204 1.087669 0.046313 -0.743508 
-1.143514 0.868930 1.930395 -1.124320 0.983069 0.001650 -0.776390 
-1.421919 0.546980 2.500856 -1.159160 1.031892 -0.018543 -0.891738 
-1.709364 0.571726 2.590683 -1.256300 1.194777 -0.574076 -0.829948 
-1.888645 0.197438 2.850036 -1.632031 0.734075 -0.597039 -0.931909 
-1.820291 0.141155 3.210055 -1.836548 0.529163 -0.646602 -0.808607 
-1.978600 -0.042204 3.268082 -1.709781 0.269905 -0.792109 -0.963963 
-2.223459 -0.435243 3.090518 -2.477344 0.165278 -0.573897 -1.092901 
-2.262515 -1.093752 3.101707 -2.593491 0.195014 -0.752084 -1.140806 
-2.778097 -1.342727 3.039574 -2.722378 0.254622 -0.934460 -1.348014 
-2.586888 -1.632415 2.640853 -3.024384 0.441441 -1.404621 -1.258216 
-2.840559 -1.544126 2.727643 -3.655463 0.594316 -1.606204 -1.165341 
-2.899130 -1.551599 2.155506 -3.441736 0.402472 -1.858421 -1.197677 
-3.068642 -1.344443 1.993520 -3.916430 0.421632 -1.529487 -1.130547 
-3.014012 -1.244270 1.787035 -4.059095 0.564173 -1.833656 -1.206534 
-2.965414 -1.357316 1.375411 -4.268943 0.941486 -1.988694 -1.356762 
-2.751685 -1.292206 0.742343 -4.314166 1.117157 -1.638932 -1.260645 
-2.317871 -0.925079 0.785567 -3.932495 1.189965 -1.321938 -1.370626 
-2.178077 -0.498535 1.423816 -3.591983 1.066316 -1.446119 -1.198413 
-1.962992 -0.224210 1.498220 -3.281597 0.949122 -1.166455 -1.101779 
-2.390782 -0.224849 1.328643 -3.490562 0.801821 -1.088850 -1.182362 
-2.278283 -0.252367 0.884900 -3.107385 0.678558 -1.138237 -1.149830 
-1.911266 -0.134390 0.692747 -3.264480 0.528869 -1.161457 -0.978142 
-1.824382 -0.354257 0.529629 -2.869822 0.321012 -1.399334 -0.899608 
-1.601230 -0.182633 0.065740 -2.962517 0.299973 -1.335281 -0.746513 
-1.568719 0.008708 0.645235 -2.508908 0.055319 -0.967182 -0.657427 
-1.562138 0.108779 1.114812 -2.747653 -0.040596 -0.844638 -0.588018 
-1.153085 0.350529 1.431636 -2.179004 0.289432 -0.871841 -0.221197 
-1.212469 0.391583 1.081540 -2.332955 0.435654 -0.527204 -0.081113 
-1.336844 -0.052123 1.329976 -2.167493 0.537114 -0.402358 0.064843 
-1.075821 -0.145040 1.547512 -1.594123 0.788334 -0.241474 0.112603 
-0.944851 -0.075507 1.711607 -1.521827 0.529202 -0.172831 0.233149 
-0.945180 -0.151893 1.850194 -1.058457 0.718554 -0.220311 0.123265 
-0.529330 -0.471130 2.119710 -0.615155 0.863451 0.029585 0.029425 
-0.596355 -0.531137 2.239005 -0.192095 0.742611 0.081826 0.022047 
-0.512017 -0.454029 1.658939 0.050599 0.734965 -0.165555 0.147026 
-0.374997 -0.600095 1.685892 0.396664 0.802502 -0.158520 0.176577 
-0.914317 -1.017397 1.093996 -0.014207 0.210778 -0.332399 -0.074595 
-0.912558 -1.196296 0.976474 -0.088707 0.289340 -0.572916 -0.048760 
-0.678585 -0.854701 0.489540 -0.150199 0.006824 -0.847659 -0.122035 
-0.591135 -0.922605 0.163697 0.139120 -0.329506 -0.559949 -0.066019 
-0.558413 -0.790251 -0.104219 0.199141 0.079627 -0.465028 -0.105484 
-0.524429 -0.436289 -0.089351 0.091728 0.111244 0.232256 -0.144934 
-0.620036 -0.256988 -0.165696 -0.145766 -0.046138 -0.000633 -0.121516 
-0.297607 -0.170739 -0.378250 -0.184843 -0.155955 0.361699 -0.067173 
-0.216469 -0.016122 -0.345937 -0.386119 -0.042153 0.433919 0.084105 
0.004992 0.308845 -0.566998 -0.441092 -0.229616 0.137581 0.152220 
0.172502 0.784798 -0.527349 -0.183951 -0.107416 0.165551 0.214820 
0.505185 0.876862 -0.890703 0.227250 -0.283218 0.401938 -0.011930 
0.785653 0.866942 -1.080438 0.035652 -0.147902 0.936504 0.020634 
0.909080 1.291639 -0.795800 -0.224414 0.002615 0.452381 0.145902 
1.127412 1.194261 -0.778396 0.357833 -0.436049 0.119435 -0.068108 
1.420537 0.995428 -1.096745 0.431060 -0.541268 -0.389211 -0.061965 
1.871558 0.927875 -1.487661 0.082347 -0.661285 0.168779 -0.070813 
1.650282 0.929006 -1.812654 0.332766 -0.736638 -0.143331 -0.367162 
1.733568 0.735586 -2.125625 -0.022360 -0.745482 0.064230 -0.887463 
1.761031 0.814688 -2.326855 0.459443 -0.985079 0.433287 -1.086193 
2.053486 0.497397 -2.438246 0.607436 -1.129530 0.584042 -1.446480 
2.151885 0.508236 -2.423501 0.280406 -1.491437 0.007734 -1.702024 
1.953444 0.449439 -2.737703 0.511157 -1.628000 -0.392877 -1.840208 
1.927076 -0.003952 -3.259438 0.139966 -1.837762 -0.159595 -2.186959 
2.040402 -0.077733 -3.488916 -0.432342 -1.943166 0.000126 -2.165928 
2.001814 -0.184589 -3.312229 -0.378844 -1.996060 0.045956 -2.322316 
1.356237 -0.191600 -3.315355 -0.323014 -1.938686 -0.148655 -2.588674 
1.222826 -0.225485 -3.295141 -0.622843 -1.862071 -0.343379 -2.705539 
1.258869 -0.386508 -3.505330 -0.473279 -2.273750 -0.508263 -2.713663 
0.852855 -0.743605 -3.817533 -1.063924 -2.219575 -0.984645 -2.965339 
0.727209 -0.757308 -4.281719 -1.383484 -2.242897 -1.297218 -3.313680 
0.368400 -0.707671 -4.565011 -2.012878 -2.206108 -1.226307 -3.559901 
0.104610 -0.832617 -4.777926 -2.668487 -2.316994 -1.367769 -3.987532 
-0.116973 -0.779426 -4.853065 -2.516543 -2.452783 -1.345412 -4.273508 
-0.529996 -0.810563 -5.193317 -3.213610 -2.434935 -1.113933 -4.728032 
-0.500398 -0.960371 -5.919133 -3.720324 -2.695583 -1.408973 -5.260762 
-0.249105 -0.926502 -6.859064 -3.997053 -2.847222 -1.559468 -5.583846 
-0.349990 -1.045758 -6.864322 -4.503483 -3.246333 -1.552840 -5.978568 
-0.603987 -1.199801 -7.057922 -5.088723 -3.528645 -1.496790 -6.337628 
-0.497593 -1.361849 -7.523262 -5.815917 -3.437293 -1.379421 -6.824847 
-0.686582 -1.640991 -7.591079 -6.370679 -3.379889 -1.846276 -6.939223 
-0.950189 -1.981498 -8.407198 -6.237579 -3.503440 -1.450337 -7.097104 
-0.793032 -1.893737 -8.700247 -6.477023 -3.750137 -1.516738 -7.507331 
-0.426016 -1.887389 -9.560560 -7.443104 -4.190172 -1.566381 -7.897352 
-0.559003 -2.094846 -10.205790 -7.029333 -4.356325 -1.657294 -8.291431 
-0.994096 -2.348508 -10.036369 -7.850668 -4.462787 -1.442538 -8.457121 
-1.571760 -2.721708 -10.018467 -8.372525 -4.768743 -1.522587 -8.733708 
-1.331025 -3.215742 -10.932690 -8.977082 -4.660139 -1.959483 -8.953655 
-1.379438 -3.590644 -11.771129 -8.905179 -4.482634 -2.746834 -9.412222 
-1.232846 -3.818194 -12.576979 -8.551440 -4.865918 -2.869677 -9.575651 
-1.437681 -4.249832 -13.446653 -8.979932 -5.455423 -3.072655 -9.999464 
-1.436353 -4.601724 -13.768863 -9.983450 -5.799391 -3.896606 -10.368034 
-1.776011 -5.183555 -14.825506 -10.314601 -5.986704 -4.028407 -10.532054 
-1.949840 -5.923128 -15.047480 -10.475827 -5.993738 -4.372470 -10.838297 
-2.211920 -6.215488 -15.326900 -11.509534 -6.133765 -5.122847 -11.210528 
-2.270168 -6.711428 -15.923719 -11.207203 -6.214874 -5.450097 -11.501707 
-2.153969 -6.705468 -16.544303 -11.351350 -6.152330 -5.961990 -11.999978 
-2.309861 -6.792476 -17.116391 -11.361851 -6.436565 -5.799889 -12.357028 
-2.514213 -7.000590 -17.432194 -12.054787 -7.011533 -5.987786 -12.746685 
-3.059521 -7.262672 -17.556432 -12.804147 -7.193955 -6.465026 -13.371685 
-3.015511 -7.395597 -18.048607 -12.633818 -7.253372 -6.306338 -13.700143 
-3.262265 -7.761961 -18.547325 -12.700093 -7.514417 -6.132364 -14.132353 
-3.390862 -7.924349 -18.641527 -12.689964 -7.372413 -6.616124 -14.482352 
-3.774051 -7.824648 -19.254169 -13.548463 -7.774775 -6.852897 -14.834106 
-3.682325 -8.311012 -19.930869 -13.665252 -8.197579 -6.809751 -14.932409 
-4.110686 -8.437964 -20.803868 -14.595667 -8.996104 -7.383417 -15.430944 
-4.135387 -9.178461 -21.021080 -15.260832 -9.265974 -7.651643 -15.795437 
-4.699080 -9.608133 -21.103273 -16.077354 -9.461928 -7.972657 -16.309066 
-5.018809 -9.832090 -21.326227 -16.587523 -9.383328 -7.335968 -16.652666 
-5.137463 -10.109667 -22.060784 -16.811251 -9.725038 -7.631674 -16.597849 
-5.368511 -10.484742 -22.682531 -17.946645 -10.043480 -7.705970 -16.867337 
-5.702393 -10.613633 -23.393595 -17.858772 -10.568614 -7.864256 -17.180613 
-6.152478 -10.984857 -23.668987 -18.578246 -11.203085 -7.773220 -17.603126 
-6.531634 -11.416657 -24.113705 -18.687054 -11.085654 -8.066060 -17.956091 
-6.790293 -11.640529 -24.802027 -19.003759 -11.092543 -8.428844 -18.595360 
-6.978968 -11.958422 -24.998785 -19.447916 -11.154627 -7.984593 -18.999242 
-7.501220 -12.229037 -25.555534 -19.679703 -11.716094 -7.872510 -19.254979 
-7.993759 -12.489154 -25.696993 -20.123835 -12.183475 -8.126355 -19.460712 
-8.445694 -12.972310 -26.373159 -19.955458 -12.698257 -8.650558 -19.765892 
-8.801939 -13.187441 -26.612852 -20.594488 -13.219141 -8.151685 -20.352114 
-9.447899 -13.490070 -26.938377 -20.762641 -13.519798 -8.536027 -20.784136 
-9.599257 -14.099370 -26.719797 -21.343121 -13.895718 -8.685805 -21.288226 
-9.874981 -14.670682 -27.395116 -21.583732 -14.024536 -8.843632 -21.703211 
-10.063375 -14.977133 -27.697693 -21.493925 -14.302468 -9.148771 -22.100282 
-10.250305 -15.301756 -27.767984 -21.856911 -15.045996 -8.520851 -22.455914 
-10.419450 -15.614479 -28.475767 -21.656515 -15.515296 -9.106648 -22.870162 
-10.730563 -15.798343 -28.611768 -22.055077 -16.039362 -9.578182 -23.335886 
-10.575112 -16.399295 -29.432523 -21.612395 -16.491887 -9.506306 -23.842001 
-10.506368 -16.558831 -29.326360 -22.148612 -16.545707 -10.048992 -24.115659 
-11.088848 -17.010987 -29.481456 -22.509559 -16.614555 -10.627269 -24.427129 
-11.797465 -17.432715 -29.871479 -22.764248 -17.098792 -10.978249 -24.867325 
-11.901823 -17.614872 -30.657119 -23.179726 -17.288611 -11.245026 -25.287318 
-11.729923 -17.879163 -30.465173 -23.706678 -17.665798 -12.065377 -25.420512 
-12.455722 -18.169258 -31.121252 -23.977671 -18.197072 -11.925049 -25.642217 
-13.373969 -18.462698 -31.111482 -24.264468 -18.411866 -12.623671 -25.949022 
-14.144887 -18.773586 -31.221234 -25.155729 -18.524976 -12.845005 -26.094937 
-14.196919 -19.262492 -31.717898 -25.383899 -18.471685 -13.017137 -26.233282 
-14.588406 -19.630627 -31.815898 -25.547860 -18.801791 -13.011949 -26.489568 
NaN NaN NaN NaN NaN NaN NaN 
NaN NaN NaN NaN NaN NaN NaN 
NaN NaN NaN NaN NaN NaN NaN 
NaN NaN NaN NaN NaN NaN NaN 
