NaN NaN NaN NaN NaN NaN NaN 
NaN NaN NaN NaN NaN NaN NaN 
NaN NaN NaN NaN NaN NaN NaN 
NaN NaN NaN NaN NaN NaN NaN 
NaN NaN NaN NaN NaN NaN NaN 
-0.805413 -1.311944 -0.651636 -1.073278 -0.643187 -0.888606 -0.969720 
-0.814064 -1.326419 -0.664979 -1.118390 -0.610924 -0.875365 -0.974050 
-0.823895 -1.336329 -0.688482 -1.160558 -0.572939 -0.842965 -0.965426 
-0.832149 -1.345642 -0.720483 -1.213621 -0.573156 -0.804709 -0.971127 
-0.840811 -1.371482 -0.769858 -1.232110 -0.565219 -0.794368 -0.961086 
-0.882836 -1.408936 -0.793183 -1.257749 -0.576707 -0.780219 -0.964288 
-0.909750 -1.454681 -0.836377 -1.324913 -0.602511 -0.773129 -0.983069 
-0.925455 -1.479215 -0.891773 -1.408688 -0.620833 -0.800883 -0.991506 
-0.923509 -1.502915 -0.929429 -1.480490 -0.613160 -0.807542 -1.003314 
-0.929638 -1.538907 -0.957033 -1.547633 -0.665673 -0.805903 -1.014548 
-0.957986 -1.568553 -1.006687 -1.601271 -0.714776 -0.833545 -1.031710 
-0.969528 -1.577128 -1.069864 -1.622244 -0.732051 -0.839330 -1.037687 
-0.965806 -1.602224 -1.111737 -1.679762 -0.731964 -0.830987 -1.033061 
-0.953475 -1.604363 -1.098798 -1.672944 -0.728073 -0.846942 -1.013804 
-0.937795 -1.575461 -1.119957 -1.684882 -0.753297 -0.840894 -1.006048 
-0.889841 -1.562959 -1.124179 -1.675769 -0.745462 -0.839498 -0.984013 
-0.862166 -1.534887 -1.127819 -1.672621 -0.735458 -0.840451 -0.969760 
-0.855678 -1.510680 -1.122356 -1.653768 -0.709669 -0.790042 -0.951414 
-0.856413 -1.479452 -1.107772 -1.639147 -0.708494 -0.755567 -0.926148 
-0.836980 -1.449258 -1.101707 -1.588503 -0.667244 -0.742206 -0.896368 
-0.799853 -1.409080 -1.091212 -1.534036 -0.619940 -0.683589 -0.858029 
-0.776927 -1.383581 -1.034009 -1.496551 -0.623328 -0.652072 -0.824254 
-0.760769 -1.347816 -0.999694 -1.434090 -0.618009 -0.634093 -0.799697 
-0.764045 -1.348540 -1.014759 -1.439065 -0.619696 -0.629882 -0.792777 
-0.777618 -1.375746 -1.041068 -1.521885 -0.663072 -0.646729 -0.821341 
-0.765264 -1.344098 -1.053164 -1.567551 -0.671783 -0.637929 -0.825556 
-0.746649 -1.304323 -1.029096 -1.516542 -0.656118 -0.597720 -0.788774 
-0.720295 -1.272270 -0.970969 -1.512885 -0.652489 -0.583623 -0.764435 
-0.701805 -1.250619 -0.953764 -1.506652 -0.623471 -0.576114 -0.741558 
-0.698422 -1.211497 -0.909015 -1.481048 -0.611932 -0.548989 -0.720144 
-0.668928 -1.163830 -0.853622 -1.439975 -0.596917 -0.546493 -0.691572 
-0.646395 -1.116492 -0.836286 -1.417583 -0.560027 -0.520131 -0.662089 
-0.618114 -1.090283 -0.815736 -1.370246 -0.524991 -0.499339 -0.638582 
-0.642490 -1.079082 -0.835527 -1.400768 -0.564441 -0.493072 -0.649919 
-0.625581 -1.018046 -0.764563 -1.325992 -0.513279 -0.463840 -0.611080 
-0.596867 -0.970984 -0.706221 -1.260798 -0.467768 -0.447326 -0.578460 
-0.560222 -0.920561 -0.694129 -1.225019 -0.444949 -0.433185 -0.546503 
-0.536432 -0.882279 -0.667734 -1.119304 -0.408096 -0.417548 -0.508055 
-0.520090 -0.818686 -0.610137 -1.048659 -0.391368 -0.378961 -0.466543 
-0.466729 -0.753734 -0.568541 -1.017245 -0.344519 -0.352969 -0.435263 
-0.447240 -0.705577 -0.533181 -0.955983 -0.310534 -0.336465 -0.399558 
-0.406565 -0.639794 -0.475197 -0.878347 -0.296101 -0.300122 -0.374410 
-0.381387 -0.551594 -0.410927 -0.809830 -0.308682 -0.282281 -0.340802 
-0.287052 -0.415869 -0.283931 -0.629553 -0.211712 -0.228227 -0.257451 
-0.229458 -0.311274 -0.211610 -0.479803 -0.129391 -0.170838 -0.176771 
-0.183389 -0.229408 -0.138440 -0.342604 -0.093631 -0.105346 -0.111440 
-0.159525 -0.156421 -0.053289 -0.258816 -0.040232 -0.070968 -0.077956 
-0.110838 -0.073714 -0.028689 -0.173625 -0.010149 -0.040072 -0.043429 
-0.065566 -0.011238 -0.001537 -0.094213 -0.006995 -0.024009 -0.008392 
-0.032116 0.043713 0.028952 0.020167 -0.003634 0.013787 0.031570 
0.008464 0.100058 0.074212 0.106430 0.013524 0.041181 0.059636 
0.038225 0.138715 0.091340 0.189393 0.043103 0.064300 0.080584 
0.094611 0.182408 0.106811 0.291968 0.093352 0.087379 0.111050 
0.160156 0.212153 0.153985 0.360463 0.134498 0.126378 0.136890 
0.218596 0.279505 0.193438 0.446716 0.140728 0.141704 0.160073 
0.264411 0.333655 0.214691 0.508923 0.164979 0.153689 0.185852 
0.322322 0.380732 0.234721 0.588636 0.171031 0.181439 0.213837 
0.357873 0.424282 0.301832 0.620142 0.187930 0.226455 0.248507 
0.401859 0.466538 0.345847 0.697580 0.215562 0.266578 0.270466 
0.436619 0.533132 0.390974 0.792355 0.246354 0.255439 0.291744 
0.511049 0.574996 0.448007 0.849076 0.269573 0.274405 0.314519 
0.576352 0.629133 0.495572 0.925183 0.283339 0.294456 0.358079 
0.615088 0.676614 0.537160 0.953932 0.312497 0.317735 0.395307 
0.650401 0.728597 0.548007 1.039882 0.327043 0.347756 0.427958 
0.697825 0.754648 0.586380 1.072150 0.341678 0.402587 0.463882 
0.737111 0.795660 0.638707 1.127165 0.356921 0.418838 0.492740 
0.790325 0.851422 0.692823 1.222253 0.376053 0.462882 0.530521 
0.844903 0.922264 0.728443 1.325801 0.399555 0.490949 0.558470 
0.904033 0.985989 0.758106 1.399184 0.459386 0.529071 0.588814 
0.973501 1.038550 0.804589 1.454204 0.473174 0.599339 0.627902 
1.008386 1.096319 0.814568 1.540722 0.495589 0.661740 0.672677 
1.057616 1.177000 0.845266 1.586428 0.532317 0.694293 0.701626 
1.111141 1.238718 0.880146 1.670434 0.555345 0.758527 0.731365 
1.142482 1.296444 0.934502 1.736465 0.579327 0.800857 0.770980 
1.195103 1.347947 0.964295 1.826481 0.611929 0.843736 0.800665 
1.269327 1.413919 1.024589 1.926395 0.642428 0.885430 0.838335 
1.328396 1.486019 1.069278 1.960840 0.656087 0.903163 0.868150 
1.378265 1.533917 1.110978 2.037745 0.681924 0.922944 0.902593 
1.434337 1.593210 1.175523 2.090648 0.678309 0.945519 0.947128 
1.474501 1.652987 1.213251 2.160023 0.701640 0.965384 0.977988 
1.528436 1.716709 1.265624 2.240408 0.739016 1.000560 1.021019 
1.587674 1.766536 1.319943 2.344355 0.775907 1.029107 1.067833 
1.635298 1.827114 1.367110 2.450349 0.766905 1.068511 1.108596 
1.711924 1.901150 1.393863 2.506731 0.764733 1.084371 1.143249 
1.776864 1.994957 1.462255 2.568311 0.829685 1.109649 1.181714 
1.816749 2.052562 1.487510 2.664589 0.857610 1.178851 1.223677 
1.865694 2.101805 1.557339 2.790663 0.919051 1.226329 1.265920 
1.942144 2.179069 1.614904 2.859458 0.946282 1.258489 1.319227 
2.018654 2.248601 1.628695 2.985951 0.984082 1.294175 1.363396 
2.102886 2.315576 1.694713 3.060609 1.034353 1.349854 1.426544 
2.160247 2.415354 1.765596 3.154492 1.077861 1.387233 1.478891 
2.227308 2.503066 1.830170 3.237779 1.110029 1.456523 1.530429 
2.296140 2.607144 1.920658 3.296183 1.200165 1.494493 1.585006 
2.369868 2.692652 1.982141 3.417207 1.255634 1.589534 1.648957 
2.430467 2.775324 2.027457 3.511296 1.291227 1.635346 1.709796 
2.512208 2.864050 2.108974 3.582758 1.348129 1.663598 1.760887 
2.579831 2.968027 2.161328 3.628753 1.402888 1.728574 1.818493 
2.648942 3.027464 2.222813 3.741973 1.456844 1.816073 1.870272 
2.730639 3.128090 2.311971 3.804334 1.493912 1.876630 1.926604 
2.797063 3.207929 2.384923 3.909184 1.537315 1.914653 1.964665 
2.869650 3.269552 2.440476 3.973714 1.580476 1.978900 2.007920 
2.931577 3.348081 2.509410 4.061816 1.650793 2.018046 2.070519 
3.012151 3.412596 2.550560 4.138602 1.680982 2.062861 2.141021 
3.075452 3.492984 2.644431 4.188720 1.735908 2.078523 2.196763 
3.150214 3.569294 2.716264 4.310261 1.804359 2.140536 2.265887 
3.213807 3.662261 2.790189 4.375658 1.843416 2.215545 2.325505 
3.286641 3.720285 2.846949 4.508775 1.878063 2.260428 2.404476 
3.348005 3.826605 2.926917 4.572099 1.934092 2.282914 2.464993 
3.404137 3.899389 3.005384 4.682615 2.038452 2.352998 2.528191 
3.461253 4.002761 3.067342 4.756288 2.090330 2.425557 2.604772 
3.536587 4.088710 3.139308 4.854899 2.138736 2.484138 2.668607 
3.609792 4.152222 3.211504 4.944936 2.163644 2.516091 2.723602 
3.679014 4.242522 3.333694 5.039319 2.210894 2.604232 2.774371 
3.753953 4.337000 3.440893 5.146790 2.277312 2.666141 2.835438 
3.837220 4.423402 3.533671 5.202645 2.303820 2.732677 2.894543 
3.924644 4.499866 3.595891 5.311486 2.374102 2.770783 2.956215 
3.999945 4.585945 3.711438 5.376922 2.426950 2.819346 2.998298 
4.064594 4.677498 3.822814 5.469733 2.467383 2.905284 3.072726 
4.147147 4.775442 3.919197 5.541178 2.470852 2.966903 3.142494 
4.227865 4.841364 4.001405 5.621473 2.531223 3.018153 3.203604 
4.307674 4.921067 4.081224 5.739906 2.587110 3.070016 3.264086 
4.380242 5.016137 4.187686 5.798176 2.641537 3.175006 3.331061 
4.462252 5.072046 4.256047 5.882132 2.693301 3.183114 3.403738 
4.510811 5.161004 4.321454 5.949525 2.743962 3.261493 3.462561 
4.558790 5.260666 4.395383 6.021889 2.803468 3.317103 3.526865 
4.588547 5.364280 4.511063 6.093866 2.829683 3.374381 3.595300 
4.619666 5.470207 4.554162 6.160411 2.856283 3.454867 3.669805 
4.685993 5.546320 4.628317 6.228225 2.919079 3.488980 3.734956 
4.721093 5.645462 4.739605 6.305956 2.994413 3.527349 3.799033 
4.769076 5.749723 4.831005 6.401669 3.053562 3.601892 3.877780 
4.808135 5.868191 4.934476 6.437929 3.095087 3.669166 3.964793 
4.836980 5.967207 4.971498 6.539955 3.118989 3.721341 4.011739 
4.889724 6.064512 5.024542 6.632356 3.168412 3.809491 4.067298 
4.971686 6.159062 5.137001 6.732512 3.236900 3.876748 4.137148 
5.022564 6.237090 5.225578 6.826681 3.268886 3.929114 4.209369 
5.075150 6.335993 5.303617 6.953569 3.331189 4.009505 4.265875 
5.166365 6.422917 5.421375 7.051207 3.419205 4.050666 4.314479 
5.237032 6.526855 5.453459 7.162802 3.460961 4.132348 4.365711 
5.312849 6.602256 5.533477 7.283097 3.519477 4.217389 4.420669 
5.378188 6.686832 5.630033 7.371460 3.555919 4.254590 4.461165 
5.449702 6.778058 5.714803 7.471635 3.625113 4.302796 4.503059 
NaN NaN NaN NaN NaN NaN NaN 
NaN NaN NaN NaN NaN NaN NaN 
NaN NaN NaN NaN NaN NaN NaN 
NaN NaN NaN NaN NaN NaN NaN 
