NaN NaN NaN NaN NaN NaN NaN 
NaN NaN NaN NaN NaN NaN NaN 
NaN NaN NaN NaN NaN NaN NaN 
NaN NaN NaN NaN NaN NaN NaN 
NaN NaN NaN NaN NaN NaN NaN 
-0.821658 -1.022415 -0.518846 -0.858220 -0.865482 -1.083783 -1.000281 
-0.855963 -1.060454 -0.525748 -0.882031 -0.826071 -1.071832 -1.000478 
-0.878983 -1.102952 -0.560908 -0.863877 -0.810142 -1.099259 -0.990432 
-0.846926 -1.131489 -0.581117 -0.900523 -0.772011 -1.051547 -0.972097 
-0.885932 -1.141486 -0.593926 -0.933164 -0.788032 -1.041607 -0.979506 
-0.955779 -1.205611 -0.621387 -0.980279 -0.835111 -1.058963 -0.975162 
-1.003913 -1.253990 -0.652720 -1.081627 -0.889060 -1.086424 -0.987545 
-1.041867 -1.291078 -0.689508 -1.154639 -0.940653 -1.133447 -0.975541 
-1.049508 -1.308969 -0.707992 -1.217640 -0.963932 -1.116465 -0.981648 
-1.032613 -1.374572 -0.740694 -1.301476 -0.949526 -1.138085 -0.986706 
-1.071719 -1.442223 -0.800302 -1.371684 -1.014205 -1.178780 -1.024338 
-1.084331 -1.471563 -0.854445 -1.439745 -1.089031 -1.188842 -1.025164 
-1.111102 -1.479301 -0.898098 -1.479503 -1.083302 -1.159976 -1.011811 
-1.147592 -1.491346 -0.920483 -1.491973 -1.071905 -1.155909 -1.012279 
-1.097640 -1.491440 -0.927894 -1.499624 -1.036564 -1.128251 -0.997998 
-1.029435 -1.443769 -0.913083 -1.485542 -1.006462 -1.105939 -0.973683 
-0.978278 -1.421680 -0.920370 -1.457373 -0.981026 -1.088863 -0.956773 
-0.932890 -1.399689 -0.924397 -1.458023 -0.927864 -1.042402 -0.964073 
-0.927933 -1.372826 -0.929705 -1.457826 -0.901498 -1.000813 -0.963296 
-0.903106 -1.302057 -0.904769 -1.430131 -0.864757 -0.940166 -0.933916 
-0.825953 -1.243685 -0.860896 -1.361719 -0.800496 -0.860156 -0.884471 
-0.770816 -1.181333 -0.819563 -1.270607 -0.739924 -0.829760 -0.838445 
-0.704260 -1.133587 -0.760501 -1.217303 -0.730039 -0.816011 -0.815859 
-0.685318 -1.120939 -0.734490 -1.184793 -0.756861 -0.836723 -0.808868 
-0.732695 -1.154191 -0.761204 -1.237597 -0.805605 -0.868858 -0.835749 
-0.751463 -1.147711 -0.754151 -1.240410 -0.832142 -0.865383 -0.850858 
-0.734274 -1.099779 -0.713306 -1.203602 -0.772316 -0.844919 -0.815611 
-0.678795 -1.076669 -0.653596 -1.145794 -0.733753 -0.844961 -0.780735 
-0.644133 -1.045734 -0.620726 -1.109647 -0.719636 -0.813646 -0.739645 
-0.655014 -1.027395 -0.600099 -1.071795 -0.727002 -0.752735 -0.721766 
-0.633478 -0.989219 -0.577427 -1.026456 -0.691063 -0.735456 -0.682545 
-0.597749 -0.949536 -0.546252 -1.006255 -0.660378 -0.706316 -0.659119 
-0.580963 -0.944293 -0.529778 -1.042783 -0.625897 -0.693509 -0.630588 
-0.589719 -0.954587 -0.574318 -1.103750 -0.646735 -0.701148 -0.644901 
-0.573842 -0.897113 -0.516383 -1.026022 -0.640031 -0.661988 -0.612560 
-0.512836 -0.861197 -0.501637 -1.010387 -0.572759 -0.604514 -0.567363 
-0.469302 -0.830996 -0.494689 -0.979010 -0.554077 -0.582848 -0.544625 
-0.451653 -0.782107 -0.513268 -0.951230 -0.537463 -0.529128 -0.511091 
-0.444886 -0.753641 -0.486734 -0.904905 -0.530578 -0.544108 -0.482786 
-0.394448 -0.705651 -0.451380 -0.882921 -0.524114 -0.545103 -0.452403 
-0.382673 -0.661893 -0.430447 -0.851393 -0.516648 -0.540573 -0.437478 
-0.394982 -0.625420 -0.433598 -0.770521 -0.477507 -0.497477 -0.419438 
-0.362791 -0.542874 -0.420783 -0.710158 -0.424676 -0.445064 -0.394666 
-0.258614 -0.395201 -0.295664 -0.560388 -0.306321 -0.288987 -0.294364 
-0.186760 -0.301540 -0.223595 -0.437675 -0.158215 -0.202311 -0.203914 
-0.156782 -0.219950 -0.169193 -0.310694 -0.099368 -0.170727 -0.135212 
-0.145724 -0.148472 -0.119297 -0.246506 -0.064706 -0.108903 -0.089618 
-0.117048 -0.078657 -0.051389 -0.177212 -0.024607 -0.052654 -0.045615 
-0.077607 -0.010310 -0.005654 -0.074074 0.045139 0.002871 -0.015540 
-0.058937 0.035305 0.012151 0.042365 0.080206 0.039199 0.017401 
-0.017450 0.074160 0.060875 0.102153 0.104410 0.090313 0.043471 
0.034344 0.111860 0.114983 0.166135 0.117033 0.128600 0.081819 
0.080248 0.158875 0.162146 0.250135 0.134992 0.166687 0.123257 
0.115337 0.211169 0.174333 0.327459 0.164540 0.174410 0.156073 
0.193953 0.270954 0.193521 0.378267 0.169056 0.178003 0.181461 
0.229255 0.320621 0.227415 0.452835 0.189931 0.233130 0.217372 
0.275174 0.373014 0.260774 0.517997 0.240557 0.271674 0.255615 
0.340953 0.426785 0.276110 0.589746 0.257406 0.321825 0.279445 
0.417817 0.473832 0.308723 0.630320 0.254410 0.358379 0.318110 
0.472288 0.527742 0.358590 0.681209 0.314370 0.341605 0.361820 
0.524512 0.599701 0.396685 0.787405 0.333444 0.386260 0.421870 
0.598852 0.646744 0.434510 0.844839 0.364725 0.444512 0.467451 
0.635863 0.670267 0.465332 0.926915 0.399931 0.467994 0.503866 
0.660763 0.714753 0.507880 1.005281 0.418405 0.537935 0.535439 
0.718458 0.782694 0.549819 1.080282 0.446668 0.594373 0.570616 
0.801149 0.872305 0.599864 1.125048 0.478801 0.609482 0.592379 
0.912713 0.929882 0.679047 1.221665 0.486754 0.649664 0.640385 
0.958051 0.979001 0.736187 1.272808 0.513556 0.667558 0.679883 
1.010378 1.035556 0.769328 1.339086 0.543621 0.724537 0.721756 
1.106031 1.081887 0.806256 1.412898 0.582440 0.825182 0.767584 
1.166447 1.120790 0.852481 1.429578 0.623313 0.898049 0.790806 
1.220718 1.190714 0.886483 1.479727 0.670084 0.934226 0.821679 
1.280580 1.291135 0.936160 1.550417 0.688861 0.985612 0.862736 
1.349929 1.356389 0.963344 1.584581 0.752959 0.996959 0.893926 
1.390922 1.394710 0.984891 1.630833 0.791220 1.060582 0.938528 
1.450050 1.432758 1.035617 1.699856 0.819610 1.143258 0.995189 
1.486637 1.493224 1.068282 1.743666 0.871825 1.200554 1.032383 
1.545412 1.567413 1.117745 1.828787 0.900211 1.266305 1.067421 
1.610293 1.636489 1.184529 1.895127 0.957148 1.325857 1.106753 
1.642234 1.720183 1.239207 1.987912 0.969150 1.390522 1.154389 
1.721968 1.791443 1.269135 2.086195 1.016099 1.435051 1.216958 
1.784646 1.835739 1.324144 2.155658 1.041838 1.462056 1.276148 
1.833017 1.874194 1.375566 2.254853 1.082867 1.517002 1.326656 
1.914521 1.930982 1.442133 2.353059 1.082404 1.544652 1.380997 
2.016760 1.986040 1.519909 2.445637 1.103042 1.577787 1.441276 
2.077519 2.031185 1.572092 2.529349 1.169092 1.612572 1.488624 
2.152985 2.098626 1.625569 2.623171 1.221814 1.695181 1.529473 
2.224737 2.152015 1.678524 2.711817 1.286874 1.734914 1.595808 
2.274727 2.221153 1.744731 2.772177 1.281911 1.777743 1.658427 
2.377100 2.279839 1.809514 2.831223 1.348608 1.826245 1.700980 
2.417796 2.353659 1.883434 2.924360 1.390829 1.874053 1.762238 
2.500170 2.436602 1.955164 3.039794 1.456160 1.933809 1.813944 
2.567491 2.505005 2.042850 3.110696 1.510422 1.966994 1.872501 
2.636132 2.558157 2.104271 3.180390 1.599045 2.070384 1.939644 
2.703542 2.648134 2.163710 3.265965 1.664679 2.148210 1.997347 
2.790077 2.735900 2.229654 3.353337 1.660330 2.214325 2.064384 
2.843978 2.800586 2.300785 3.434716 1.710838 2.257751 2.125969 
2.930364 2.864294 2.375817 3.539995 1.784866 2.318877 2.191867 
3.010725 2.927284 2.445004 3.646479 1.877357 2.361712 2.261327 
3.081606 3.011492 2.519723 3.741090 1.901434 2.428821 2.332455 
3.178829 3.077552 2.595947 3.818488 1.973370 2.468972 2.385979 
3.236619 3.152262 2.666733 3.887057 2.026988 2.565857 2.451058 
3.338227 3.229084 2.730837 3.962778 2.095005 2.685433 2.528004 
3.414395 3.315928 2.799031 4.059320 2.139290 2.782713 2.602523 
3.467734 3.383494 2.864389 4.140516 2.200766 2.838012 2.668787 
3.544389 3.441406 2.935652 4.211211 2.305094 2.915634 2.728199 
3.659748 3.515077 2.996691 4.314857 2.344490 2.984572 2.819337 
3.739096 3.588969 3.081267 4.352912 2.364288 3.065844 2.892114 
3.837757 3.633003 3.148036 4.443161 2.443875 3.170039 2.964604 
3.901701 3.674721 3.219018 4.537952 2.531068 3.241847 3.033727 
3.994757 3.721376 3.283122 4.605395 2.602918 3.360843 3.098449 
4.090494 3.775137 3.356650 4.677256 2.651440 3.426998 3.170226 
4.172417 3.837695 3.412531 4.745939 2.704664 3.458909 3.234704 
4.244700 3.895697 3.502611 4.827879 2.781182 3.491941 3.284201 
4.354119 3.941629 3.595720 4.902722 2.855845 3.593529 3.353088 
4.446937 4.018134 3.669576 4.968947 2.890210 3.704733 3.410357 
4.517520 4.083682 3.730362 5.031316 2.954867 3.772746 3.473745 
4.586445 4.146207 3.775919 5.105813 2.997288 3.869586 3.544213 
4.637323 4.214767 3.849793 5.177302 3.036131 3.928859 3.606737 
4.730464 4.287630 3.910817 5.233125 3.107101 3.999887 3.677637 
4.813079 4.363949 3.981140 5.305343 3.166420 4.108221 3.753906 
4.903555 4.438387 4.052016 5.363371 3.233608 4.184813 3.815055 
4.973605 4.491570 4.133267 5.440908 3.287165 4.314004 3.873914 
5.034068 4.550513 4.208122 5.493537 3.310057 4.397768 3.956992 
5.095722 4.615634 4.263270 5.543320 3.328464 4.461211 4.024300 
5.151144 4.660975 4.336369 5.617454 3.394894 4.475814 4.105366 
5.199928 4.723186 4.426095 5.693195 3.463135 4.617127 4.164665 
5.256241 4.797054 4.515523 5.758909 3.523236 4.684357 4.225985 
5.339965 4.889336 4.589416 5.795911 3.559311 4.740067 4.288745 
5.390599 4.958156 4.676656 5.860750 3.594019 4.811343 4.351962 
5.427263 5.025373 4.759143 5.940852 3.645051 4.801854 4.418514 
5.456499 5.093740 4.838489 5.990167 3.685292 4.857085 4.493833 
5.509156 5.154666 4.918593 6.058526 3.718506 4.926381 4.558977 
5.613826 5.203276 4.996961 6.127454 3.768772 5.050175 4.632384 
5.634418 5.279567 5.072871 6.197421 3.838442 5.189248 4.710313 
5.670685 5.337572 5.144271 6.271659 3.898703 5.310063 4.772053 
5.718098 5.390625 5.223634 6.340889 3.957700 5.304086 4.831964 
5.777500 5.440631 5.284701 6.431972 4.040278 5.386978 4.902023 
5.819896 5.481909 5.352328 6.536210 4.127851 5.498900 4.955707 
5.866773 5.549176 5.431457 6.607000 4.179556 5.548878 5.032091 
5.924023 5.612191 5.520368 6.636175 4.185823 5.625536 5.099182 
NaN NaN NaN NaN NaN NaN NaN 
NaN NaN NaN NaN NaN NaN NaN 
NaN NaN NaN NaN NaN NaN NaN 
NaN NaN NaN NaN NaN NaN NaN 
