NaN NaN NaN NaN NaN NaN NaN NaN NaN NaN NaN NaN NaN NaN NaN NaN NaN NaN NaN NaN NaN NaN NaN NaN NaN NaN NaN NaN 
NaN NaN NaN NaN NaN NaN NaN NaN NaN NaN NaN NaN NaN NaN NaN NaN NaN NaN NaN NaN NaN NaN NaN NaN NaN NaN NaN NaN 
NaN NaN NaN NaN NaN NaN NaN NaN NaN NaN NaN NaN NaN NaN NaN NaN NaN NaN NaN NaN NaN NaN NaN NaN NaN NaN NaN NaN 
NaN NaN NaN NaN NaN NaN NaN NaN NaN NaN NaN NaN NaN NaN NaN NaN NaN NaN NaN NaN NaN NaN NaN NaN NaN NaN NaN NaN 
NaN NaN NaN NaN NaN NaN NaN NaN NaN NaN NaN NaN NaN NaN NaN NaN NaN NaN NaN NaN NaN NaN NaN NaN NaN NaN NaN NaN 
-0.819914 -1.308456 -1.465205 -1.260949 -0.940459 -0.905352 -0.822284 -0.271749 -0.984689 -0.812842 -0.735473 -0.778432 -1.011303 -0.614411 -0.381596 -0.491397 -1.184723 -1.260224 -1.432525 -1.098413 -0.570849 -1.109712 -0.812440 -1.104046 -0.895120 -0.630491 -0.715135 -0.942909 
-0.848081 -1.290608 -1.443451 -1.283572 -0.954921 -0.918883 -0.824960 -0.328702 -0.972054 -0.823542 -0.699081 -0.855000 -1.008345 -0.633301 -0.419970 -0.514480 -1.206170 -1.283181 -1.415140 -1.094082 -0.644879 -1.150605 -0.876356 -1.084378 -0.893116 -0.615314 -0.727914 -0.966974 
-0.873525 -1.272643 -1.421708 -1.303214 -0.967414 -0.930918 -0.826463 -0.381825 -0.959110 -0.832635 -0.664261 -0.926181 -1.003978 -0.650219 -0.455713 -0.535603 -1.225131 -1.303481 -1.397529 -1.089101 -0.713317 -1.187719 -0.935345 -1.064815 -0.890311 -0.600550 -0.739376 -0.988301 
-0.896311 -1.254543 -1.399952 -1.319950 -0.977982 -0.941467 -0.826824 -0.431212 -0.945859 -0.840157 -0.630964 -0.992090 -0.998258 -0.665217 -0.488879 -0.554808 -1.241651 -1.321170 -1.379671 -1.083460 -0.776319 -1.221142 -0.989528 -1.045343 -0.886716 -0.586178 -0.749533 -1.006962 
-0.916503 -1.236288 -1.378156 -1.333857 -0.986668 -0.950542 -0.826070 -0.476959 -0.932303 -0.846145 -0.599143 -1.052842 -0.991239 -0.678344 -0.519518 -0.572140 -1.255773 -1.336297 -1.361549 -1.077155 -0.834036 -1.250957 -1.039022 -1.025946 -0.882343 -0.572175 -0.758399 -1.023028 
-0.934167 -1.217862 -1.356297 -1.345007 -0.993515 -0.958155 -0.824232 -0.519157 -0.918443 -0.850635 -0.568749 -1.108550 -0.982976 -0.689652 -0.547681 -0.587640 -1.267542 -1.348909 -1.343143 -1.070176 -0.886618 -1.277251 -1.083945 -1.006609 -0.877201 -0.558519 -0.765988 -1.036571 
-0.949364 -1.199245 -1.334349 -1.353474 -0.998565 -0.964318 -0.821337 -0.557899 -0.904281 -0.853663 -0.539736 -1.159325 -0.973521 -0.699189 -0.573420 -0.601350 -1.277002 -1.359051 -1.324434 -1.062519 -0.934213 -1.300106 -1.124411 -0.987317 -0.871303 -0.545189 -0.772313 -1.047660 
-0.962158 -1.180420 -1.312289 -1.359331 -1.001860 -0.969041 -0.817412 -0.593273 -0.889819 -0.855263 -0.512057 -1.205278 -0.962926 -0.707004 -0.596785 -0.613313 -1.284195 -1.366771 -1.305404 -1.054177 -0.976968 -1.319605 -1.160533 -0.968056 -0.864658 -0.532164 -0.777387 -1.056363 
-0.972610 -1.161371 -1.290093 -1.362646 -1.003441 -0.972337 -0.812485 -0.625370 -0.875057 -0.855470 -0.485665 -1.246518 -0.951243 -0.713145 -0.617825 -0.623570 -1.289165 -1.372113 -1.286036 -1.045144 -1.015026 -1.335829 -1.192425 -0.948810 -0.857276 -0.519421 -0.781224 -1.062749 
-0.980780 -1.142081 -1.267739 -1.363491 -1.003348 -0.974219 -0.806583 -0.654275 -0.859998 -0.854318 -0.460515 -1.283153 -0.938519 -0.717659 -0.636590 -0.632162 -1.291954 -1.375124 -1.266312 -1.035413 -1.048529 -1.348858 -1.220197 -0.929567 -0.849169 -0.506942 -0.783837 -1.066883 
-0.986729 -1.122533 -1.245202 -1.361934 -1.001623 -0.974697 -0.799731 -0.680076 -0.844641 -0.851841 -0.436562 -1.315289 -0.924805 -0.720593 -0.653129 -0.639129 -1.292603 -1.375846 -1.246216 -1.024979 -1.077617 -1.358772 -1.243959 -0.910311 -0.840346 -0.494703 -0.785238 -1.068832 
-0.990515 -1.102712 -1.222462 -1.358043 -0.998303 -0.973784 -0.791957 -0.702856 -0.828989 -0.848072 -0.413761 -1.343033 -0.910146 -0.721992 -0.667490 -0.644510 -1.291153 -1.374326 -1.225730 -1.013837 -1.102428 -1.365648 -1.263817 -0.891030 -0.830816 -0.482687 -0.785441 -1.068659 
-0.992196 -1.082602 -1.199496 -1.351883 -0.993429 -0.971492 -0.783284 -0.722700 -0.813043 -0.843042 -0.392068 -1.366488 -0.894591 -0.721902 -0.679721 -0.648345 -1.287646 -1.370606 -1.204838 -1.001981 -1.123098 -1.369565 -1.279880 -0.871708 -0.820589 -0.470871 -0.784460 -1.066429 
-0.991831 -1.062188 -1.176283 -1.343520 -0.987038 -0.967833 -0.773738 -0.739689 -0.796803 -0.836785 -0.371439 -1.385758 -0.878183 -0.720366 -0.689869 -0.650674 -1.282121 -1.364730 -1.183526 -0.989406 -1.139761 -1.370597 -1.292251 -0.852333 -0.809676 -0.459237 -0.782306 -1.062204 
-0.989474 -1.041455 -1.152802 -1.333019 -0.979169 -0.962820 -0.763343 -0.753905 -0.780270 -0.829332 -0.351830 -1.400943 -0.860967 -0.717429 -0.697982 -0.651535 -1.274619 -1.356740 -1.161776 -0.976108 -1.152549 -1.368821 -1.301034 -0.832892 -0.798084 -0.447765 -0.778994 -1.056046 
-0.985183 -1.020389 -1.129034 -1.320442 -0.969860 -0.956466 -0.752123 -0.765426 -0.763445 -0.820714 -0.333199 -1.412145 -0.842986 -0.713133 -0.704105 -0.650965 -1.265179 -1.346680 -1.139575 -0.962081 -1.161591 -1.364309 -1.306331 -0.813371 -0.785823 -0.436435 -0.774536 -1.048015 
-0.979012 -0.998977 -1.104957 -1.305851 -0.959146 -0.948782 -0.740102 -0.774331 -0.746329 -0.810961 -0.315504 -1.419463 -0.824283 -0.707522 -0.708286 -0.649002 -1.253841 -1.334591 -1.116908 -0.947322 -1.167016 -1.357136 -1.308244 -0.793758 -0.772902 -0.425229 -0.768944 -1.038171 
-0.971014 -0.977203 -1.080553 -1.289308 -0.947065 -0.939781 -0.727302 -0.780696 -0.728923 -0.800104 -0.298703 -1.422995 -0.804897 -0.700636 -0.710569 -0.645684 -1.240641 -1.320514 -1.093760 -0.931826 -1.168949 -1.347373 -1.306871 -0.774040 -0.759330 -0.414127 -0.762233 -1.026572 
-0.961243 -0.955056 -1.055802 -1.270872 -0.933652 -0.929476 -0.713746 -0.784597 -0.711226 -0.788172 -0.282753 -1.422837 -0.784868 -0.692516 -0.711000 -0.641046 -1.225619 -1.304490 -1.070117 -0.915588 -1.167515 -1.335092 -1.302309 -0.754203 -0.745115 -0.403110 -0.754414 -1.013277 
-0.949752 -0.932523 -1.030686 -1.250602 -0.918942 -0.917880 -0.699456 -0.786108 -0.693241 -0.775194 -0.267616 -1.419085 -0.764237 -0.683204 -0.709622 -0.635126 -1.208812 -1.286560 -1.045966 -0.898606 -1.162834 -1.320361 -1.294655 -0.734237 -0.730265 -0.392162 -0.745500 -0.998342 
-0.936591 -0.909590 -1.005186 -1.228556 -0.902971 -0.905005 -0.684453 -0.785302 -0.674967 -0.761198 -0.253249 -1.411833 -0.743039 -0.672737 -0.706481 -0.627959 -1.190258 -1.266764 -1.021295 -0.880876 -1.155028 -1.303250 -1.284005 -0.714128 -0.714789 -0.381263 -0.735504 -0.981822 
-0.921812 -0.886247 -0.979286 -1.204789 -0.885772 -0.890865 -0.668758 -0.782251 -0.656404 -0.746213 -0.239613 -1.401174 -0.721311 -0.661155 -0.701620 -0.619580 -1.169992 -1.245141 -0.996089 -0.862395 -1.144213 -1.283826 -1.270450 -0.693866 -0.698695 -0.370395 -0.724439 -0.963772 
-0.905463 -0.862481 -0.952967 -1.179358 -0.867379 -0.875472 -0.652392 -0.777024 -0.637553 -0.730267 -0.226669 -1.387201 -0.699090 -0.648497 -0.695083 -0.610023 -1.148051 -1.221731 -0.970338 -0.843158 -1.130506 -1.262157 -1.254084 -0.673437 -0.681989 -0.359542 -0.712317 -0.944246 
-0.887595 -0.838281 -0.926213 -1.152317 -0.847825 -0.858840 -0.635376 -0.769690 -0.618414 -0.713386 -0.214378 -1.370002 -0.676409 -0.634799 -0.686911 -0.599324 -1.124470 -1.196572 -0.944029 -0.823164 -1.114021 -1.238309 -1.234996 -0.652831 -0.664681 -0.348685 -0.699150 -0.923296 
-0.868255 -0.813637 -0.899008 -1.123719 -0.827143 -0.840982 -0.617728 -0.760318 -0.598987 -0.695597 -0.202700 -1.349668 -0.653302 -0.620098 -0.677147 -0.587516 -1.099286 -1.169702 -0.917150 -0.802409 -1.094868 -1.212345 -1.213276 -0.632036 -0.646777 -0.337808 -0.684952 -0.900974 
-0.847491 -0.788537 -0.871335 -1.093616 -0.805365 -0.821910 -0.599468 -0.748972 -0.579273 -0.676925 -0.191599 -1.326286 -0.629800 -0.604431 -0.665833 -0.574633 -1.072532 -1.141159 -0.889690 -0.780891 -1.073159 -1.184329 -1.189011 -0.611041 -0.628284 -0.326894 -0.669735 -0.877331 
-0.825348 -0.762972 -0.843180 -1.062059 -0.782522 -0.801640 -0.580614 -0.735718 -0.559271 -0.657398 -0.181037 -1.299944 -0.605936 -0.587833 -0.653010 -0.560707 -1.044243 -1.110981 -0.861639 -0.758609 -1.049001 -1.154325 -1.162287 -0.589835 -0.609209 -0.315926 -0.653511 -0.852416 
-0.801873 -0.736932 -0.814526 -1.029099 -0.758646 -0.780183 -0.561186 -0.720620 -0.538981 -0.637039 -0.170975 -1.270727 -0.581738 -0.570337 -0.638720 -0.545770 -1.014453 -1.079204 -0.832986 -0.735559 -1.022499 -1.122394 -1.133188 -0.568407 -0.589561 -0.304889 -0.636292 -0.826279 
-0.777111 -0.710408 -0.785360 -0.994784 -0.733766 -0.757553 -0.541199 -0.703740 -0.518403 -0.615873 -0.161379 -1.238718 -0.557236 -0.551979 -0.623002 -0.529856 -0.983196 -1.045863 -0.803722 -0.711739 -0.993758 -1.088595 -1.101799 -0.546746 -0.569344 -0.293765 -0.618091 -0.798965 
-0.751105 -0.683391 -0.755668 -0.959162 -0.707913 -0.733765 -0.520673 -0.685139 -0.497537 -0.593924 -0.152212 -1.204001 -0.532458 -0.532791 -0.605896 -0.512995 -0.950503 -1.010997 -0.773836 -0.687149 -0.962878 -1.052990 -1.068200 -0.524843 -0.548565 -0.282539 -0.598920 -0.770523 
-0.723898 -0.655872 -0.725435 -0.922279 -0.681116 -0.708832 -0.499623 -0.664875 -0.476383 -0.571217 -0.143438 -1.166658 -0.507431 -0.512807 -0.587441 -0.495218 -0.916408 -0.974638 -0.743320 -0.661787 -0.929961 -1.015635 -1.032473 -0.502687 -0.527232 -0.271195 -0.578791 -0.740998 
-0.695533 -0.627843 -0.694649 -0.884182 -0.653405 -0.682767 -0.478066 -0.643008 -0.454939 -0.547773 -0.135022 -1.126768 -0.482179 -0.492057 -0.567678 -0.476557 -0.880942 -0.936824 -0.712164 -0.635651 -0.895104 -0.976589 -0.994695 -0.480268 -0.505349 -0.259720 -0.557717 -0.710435 
-0.666051 -0.599296 -0.663296 -0.844914 -0.624806 -0.655584 -0.456017 -0.619595 -0.433207 -0.523616 -0.126930 -1.084412 -0.456729 -0.470573 -0.546644 -0.457041 -0.844138 -0.897587 -0.680361 -0.608741 -0.858401 -0.935909 -0.954944 -0.457576 -0.482923 -0.248096 -0.535709 -0.678877 
-0.635492 -0.570224 -0.631366 -0.804519 -0.595348 -0.627298 -0.433493 -0.594691 -0.411185 -0.498767 -0.119127 -1.039668 -0.431102 -0.448385 -0.524376 -0.436699 -0.806026 -0.856962 -0.647901 -0.581055 -0.819948 -0.893648 -0.913296 -0.434601 -0.459959 -0.236309 -0.512779 -0.646367 
-0.603897 -0.540620 -0.598844 -0.763039 -0.565059 -0.597922 -0.410507 -0.568350 -0.388872 -0.473249 -0.111579 -0.992611 -0.405322 -0.425524 -0.500914 -0.415562 -0.766636 -0.814983 -0.614778 -0.552594 -0.779836 -0.849862 -0.869825 -0.411334 -0.436464 -0.224346 -0.488940 -0.612947 
-0.571305 -0.510477 -0.565721 -0.720516 -0.533965 -0.567471 -0.387075 -0.540625 -0.366268 -0.447082 -0.104254 -0.943318 -0.379411 -0.402017 -0.476293 -0.393658 -0.725999 -0.771682 -0.580985 -0.523356 -0.738154 -0.804604 -0.824605 -0.387766 -0.412442 -0.212191 -0.464204 -0.578656 
-0.537753 -0.479789 -0.531985 -0.676989 -0.502092 -0.535959 -0.363210 -0.511568 -0.343372 -0.420287 -0.097119 -0.891862 -0.353387 -0.377895 -0.450550 -0.371015 -0.684145 -0.727092 -0.546514 -0.493342 -0.694991 -0.757926 -0.777707 -0.363888 -0.387899 -0.199831 -0.438582 -0.543536 
-0.503279 -0.448550 -0.497626 -0.632498 -0.469465 -0.503400 -0.338926 -0.481230 -0.320184 -0.392884 -0.090141 -0.838317 -0.327271 -0.353183 -0.423722 -0.347661 -0.641103 -0.681245 -0.511359 -0.462552 -0.650431 -0.709880 -0.729201 -0.339690 -0.362839 -0.187252 -0.412087 -0.507625 
-0.467918 -0.416755 -0.462634 -0.587080 -0.436111 -0.469808 -0.314236 -0.449658 -0.296702 -0.364892 -0.083289 -0.782754 -0.301080 -0.327910 -0.395843 -0.323623 -0.596901 -0.634173 -0.475513 -0.430986 -0.604559 -0.660515 -0.679156 -0.315165 -0.337268 -0.174440 -0.384729 -0.470960 
-0.431708 -0.384399 -0.426998 -0.540773 -0.402052 -0.435198 -0.289152 -0.416902 -0.272926 -0.336331 -0.076531 -0.725244 -0.274832 -0.302101 -0.366950 -0.298928 -0.551568 -0.585907 -0.438972 -0.398644 -0.557457 -0.609880 -0.627638 -0.290303 -0.311190 -0.161382 -0.356522 -0.433578 
-0.394682 -0.351477 -0.390710 -0.493611 -0.367315 -0.399585 -0.263686 -0.383007 -0.248854 -0.307220 -0.069836 -0.665856 -0.248542 -0.275781 -0.337077 -0.273604 -0.505132 -0.536478 -0.401729 -0.365527 -0.509203 -0.558024 -0.574714 -0.265097 -0.284610 -0.148065 -0.327476 -0.395515 
-0.356874 -0.317984 -0.353761 -0.445630 -0.331921 -0.362983 -0.237851 -0.348018 -0.224485 -0.277575 -0.063175 -0.604659 -0.222225 -0.248977 -0.306258 -0.247675 -0.457619 -0.485916 -0.363780 -0.331636 -0.459876 -0.504994 -0.520448 -0.239537 -0.257531 -0.134476 -0.297604 -0.356806 
-0.318318 -0.283917 -0.316143 -0.396864 -0.295894 -0.325407 -0.211656 -0.311979 -0.199818 -0.247416 -0.056517 -0.541717 -0.195895 -0.221712 -0.274527 -0.221167 -0.409057 -0.434251 -0.325121 -0.296972 -0.409551 -0.450835 -0.464903 -0.213617 -0.229959 -0.120603 -0.266916 -0.317484 
-0.279045 -0.249272 -0.277848 -0.347343 -0.259256 -0.286872 -0.185114 -0.274933 -0.174852 -0.216759 -0.049833 -0.477098 -0.169564 -0.194009 -0.241917 -0.194106 -0.359473 -0.381512 -0.285747 -0.261537 -0.358302 -0.395593 -0.408139 -0.187329 -0.201896 -0.106434 -0.235425 -0.277581 
-0.239088 -0.214046 -0.238869 -0.297101 -0.222030 -0.247392 -0.158233 -0.236919 -0.149586 -0.185620 -0.043094 -0.410866 -0.143245 -0.165891 -0.208461 -0.166515 -0.308892 -0.327728 -0.245654 -0.225332 -0.306200 -0.339311 -0.350218 -0.160664 -0.173346 -0.091956 -0.203142 -0.237131 
-0.198476 -0.178236 -0.199198 -0.246166 -0.184236 -0.206983 -0.131023 -0.197979 -0.124017 -0.154017 -0.036271 -0.343083 -0.116947 -0.137380 -0.174191 -0.138420 -0.257339 -0.272927 -0.204839 -0.188358 -0.253316 -0.282033 -0.291197 -0.133617 -0.144314 -0.077158 -0.170079 -0.196162 
-0.157239 -0.141840 -0.158829 -0.194569 -0.145895 -0.165660 -0.103495 -0.158151 -0.098145 -0.121963 -0.029338 -0.273810 -0.090679 -0.108498 -0.139139 -0.109843 -0.204840 -0.217138 -0.163299 -0.150619 -0.199716 -0.223800 -0.231133 -0.106179 -0.114802 -0.062028 -0.136247 -0.154706 
-0.115407 -0.104856 -0.117756 -0.142337 -0.107028 -0.123438 -0.075656 -0.117471 -0.071968 -0.089475 -0.022266 -0.203110 -0.064451 -0.079265 -0.103337 -0.080808 -0.151420 -0.160387 -0.121031 -0.112115 -0.145466 -0.164652 -0.170082 -0.078343 -0.084813 -0.046555 -0.101657 -0.112791 
-0.073007 -0.067282 -0.075974 -0.089497 -0.067654 -0.080331 -0.047515 -0.075975 -0.045485 -0.056568 -0.015027 -0.131040 -0.038270 -0.049701 -0.066816 -0.051338 -0.097101 -0.102702 -0.078034 -0.072850 -0.090630 -0.104631 -0.108098 -0.050103 -0.054351 -0.030728 -0.066321 -0.070444 
-0.030066 -0.029117 -0.033477 -0.036076 -0.027793 -0.036356 -0.019079 -0.033699 -0.018692 -0.023254 -0.007597 -0.057659 -0.012140 -0.019826 -0.029605 -0.021455 -0.041909 -0.044109 -0.034305 -0.032826 -0.035270 -0.043773 -0.045234 -0.021453 -0.023419 -0.014537 -0.030250 -0.027693 
0.013389 0.009640 0.009739 0.017903 0.012537 0.008472 0.009644 0.009326 0.008410 0.010451 0.000051 0.016977 0.013931 0.010342 0.008265 0.008820 0.014134 0.015365 0.010157 0.007955 0.020556 0.017882 0.018460 0.007615 0.007982 0.002029 0.006545 0.015438 
0.057332 0.048989 0.053679 0.072416 0.053318 0.054137 0.038647 0.053067 0.035825 0.044536 0.007943 0.092811 0.039941 0.040786 0.046765 0.039465 0.071005 0.075695 0.055353 0.049489 0.076788 0.080298 0.082933 0.037106 0.039849 0.018981 0.044052 0.058922 
0.101739 0.088930 0.098346 0.127440 0.094531 0.100625 0.067923 0.097494 0.063554 0.078987 0.016104 0.169791 0.065887 0.071487 0.085865 0.070459 0.128682 0.136856 0.101284 0.091772 0.133373 0.143440 0.148137 0.067027 0.072178 0.036328 0.082261 0.102737 
0.146586 0.129464 0.143744 0.182953 0.136161 0.147919 0.097468 0.142578 0.091599 0.113792 0.024559 0.247862 0.091767 0.102429 0.125537 0.101781 0.187143 0.198823 0.147951 0.134802 0.190256 0.207273 0.214026 0.097382 0.104970 0.054080 0.121159 0.146860 
0.191851 0.170588 0.189876 0.238935 0.178190 0.196004 0.127275 0.188291 0.119962 0.148940 0.033330 0.326974 0.117580 0.133598 0.165753 0.133412 0.246367 0.261573 0.195352 0.178575 0.247386 0.271764 0.280553 0.128178 0.138221 0.072247 0.160738 0.191269 
0.237510 0.212303 0.236744 0.295368 0.220603 0.244864 0.157340 0.234606 0.148646 0.184420 0.042443 0.407075 0.143327 0.164977 0.206486 0.165333 0.306332 0.325080 0.243487 0.223087 0.304714 0.336880 0.347676 0.159421 0.171929 0.090837 0.200984 0.235943 
0.283542 0.254607 0.284350 0.352232 0.263384 0.294482 0.187658 0.281498 0.177652 0.220220 0.051920 0.488117 0.169009 0.196552 0.247708 0.197523 0.367020 0.389323 0.292356 0.268333 0.362191 0.402590 0.415352 0.191115 0.206094 0.109860 0.241887 0.280862 
0.329928 0.297498 0.332695 0.409511 0.306518 0.344844 0.218224 0.328944 0.206983 0.256331 0.061784 0.570051 0.194628 0.228310 0.289392 0.229965 0.428408 0.454277 0.341958 0.314310 0.419773 0.468863 0.483539 0.223265 0.240714 0.129325 0.283437 0.326008 
0.376646 0.340973 0.381781 0.467188 0.349991 0.395932 0.249037 0.376920 0.236642 0.292743 0.072057 0.652831 0.220189 0.260237 0.331513 0.262641 0.490479 0.519922 0.392290 0.361013 0.477415 0.535671 0.552198 0.255876 0.275788 0.149239 0.325623 0.371363 
0.423680 0.385031 0.431609 0.525250 0.393789 0.447730 0.280091 0.425406 0.266631 0.329448 0.082761 0.736411 0.245696 0.292322 0.374044 0.295533 0.553214 0.586234 0.443351 0.408436 0.535077 0.602983 0.621291 0.288954 0.311315 0.169611 0.368433 0.416911 
0.471009 0.429667 0.482178 0.583681 0.437898 0.500223 0.311386 0.474382 0.296953 0.366435 0.093916 0.820748 0.271155 0.324552 0.416961 0.328623 0.616592 0.653193 0.495137 0.456576 0.592719 0.670775 0.690782 0.322502 0.347294 0.190449 0.411857 0.462634 
0.518618 0.474879 0.533489 0.642470 0.482306 0.553394 0.342918 0.523830 0.327609 0.403698 0.105545 0.905797 0.296573 0.356917 0.460238 0.361895 0.680598 0.720778 0.547647 0.505427 0.650303 0.739018 0.760635 0.356524 0.383725 0.211761 0.455884 0.508519 
0.566489 0.520663 0.585541 0.701605 0.527001 0.607227 0.374686 0.573731 0.358603 0.441228 0.117666 0.991518 0.321958 0.389407 0.503852 0.395333 0.745212 0.788968 0.600878 0.554984 0.707794 0.807688 0.830816 0.391026 0.420606 0.233553 0.500503 0.554552 
0.614608 0.567015 0.638332 0.761074 0.571971 0.661704 0.406690 0.624070 0.389938 0.479019 0.130300 1.077870 0.347318 0.422012 0.547778 0.428921 0.810418 0.857743 0.654824 0.605240 0.765159 0.876761 0.901294 0.426010 0.457939 0.255834 0.545705 0.600720 
0.662960 0.613930 0.691861 0.820870 0.617204 0.716810 0.438927 0.674833 0.421617 0.517064 0.143466 1.164814 0.372665 0.454723 0.591993 0.462643 0.876199 0.927083 0.709484 0.656191 0.822366 0.946214 0.972037 0.461480 0.495723 0.278610 0.591477 0.647012 
0.711530 0.661403 0.746125 0.880983 0.662691 0.772527 0.471398 0.726006 0.453642 0.555356 0.157182 1.252312 0.398009 0.487533 0.636475 0.496486 0.942540 0.996970 0.764851 0.707830 0.879385 1.016025 1.043015 0.497440 0.533958 0.301888 0.637811 0.693415 
0.760307 0.709428 0.801124 0.941407 0.708420 0.828840 0.504104 0.777578 0.486016 0.593890 0.171468 1.340326 0.423363 0.520433 0.681200 0.530433 1.009423 1.067385 0.820921 0.760151 0.936190 1.086172 1.114203 0.533893 0.572645 0.325674 0.684695 0.739922 
0.809277 0.758001 0.856853 1.002135 0.754384 0.885730 0.537044 0.829537 0.518743 0.632661 0.186341 1.428822 0.448741 0.553418 0.726147 0.564472 1.076834 1.138309 0.877690 0.813147 0.992755 1.156635 1.185571 0.570843 0.611783 0.349974 0.732119 0.786522 
0.858429 0.807115 0.913309 1.063162 0.800571 0.943182 0.570221 0.881875 0.551826 0.671665 0.201818 1.517766 0.474155 0.586480 0.771294 0.598589 1.144759 1.209726 0.935152 0.866813 1.049056 1.227396 1.257097 0.608292 0.651374 0.374795 0.780072 0.833208 
0.907753 0.856764 0.970488 1.124485 0.846975 1.001177 0.603635 0.934583 0.585267 0.710896 0.217917 1.607123 0.499624 0.619616 0.816621 0.632771 1.213182 1.281617 0.993300 0.921140 1.105073 1.298437 1.328755 0.646242 0.691419 0.400141 0.828544 0.879973 
0.957240 0.906940 1.028386 1.186099 0.893586 1.059700 0.637289 0.987655 0.619071 0.750352 0.234653 1.696864 0.525162 0.652820 0.862107 0.667006 1.282090 1.353966 1.052128 0.976122 1.160785 1.369741 1.400524 0.684697 0.731919 0.426019 0.877526 0.926812 
1.006880 0.957636 1.086999 1.248005 0.940398 1.118732 0.671186 1.041086 0.653240 0.790029 0.252042 1.786957 0.550788 0.686088 0.907731 0.701281 1.351469 1.426757 1.111630 1.031751 1.216175 1.441291 1.472384 0.723659 0.772874 0.452434 0.927006 0.973720 
1.056665 1.008846 1.146321 1.310201 0.987404 1.178256 0.705328 1.094871 0.687779 0.829924 0.270101 1.877372 0.576521 0.719417 0.953475 0.735584 1.421307 1.499974 1.171799 1.088020 1.271229 1.513074 1.544315 0.763130 0.814287 0.479390 0.976974 1.020692 
1.106589 1.060560 1.206346 1.372687 1.034597 1.238256 0.739720 1.149008 0.722690 0.870036 0.288844 1.968083 0.602380 0.752805 0.999318 0.769905 1.491591 1.573601 1.232627 1.144922 1.325932 1.585075 1.616300 0.803112 0.856159 0.506891 1.027421 1.067727 
1.156645 1.112770 1.267069 1.435466 1.081972 1.298713 0.774364 1.203495 0.757978 0.910363 0.308285 2.059062 0.628387 0.786250 1.045244 0.804233 1.562309 1.647624 1.294106 1.202448 1.380274 1.657282 1.688321 0.843607 0.898492 0.534944 1.078336 1.114821 
1.206828 1.165468 1.328483 1.498539 1.129523 1.359611 0.809267 1.258333 0.793645 0.950903 0.328439 2.150284 0.654564 0.819751 1.091232 0.838558 1.633449 1.722029 1.356228 1.260590 1.434245 1.729683 1.760365 0.884616 0.941288 0.563550 1.129709 1.161975 
1.257132 1.218645 1.390581 1.561911 1.177246 1.420930 0.844432 1.313523 0.829697 0.991657 0.349318 2.241724 0.680934 0.853307 1.137266 0.872869 1.705000 1.796800 1.418984 1.319340 1.487837 1.802267 1.832418 0.926141 0.984548 0.592715 1.181530 1.209188 
1.307555 1.272290 1.453355 1.625586 1.225136 1.482655 0.879865 1.369067 0.866135 1.032622 0.370937 2.333361 0.707522 0.886918 1.183328 0.907158 1.776952 1.871925 1.482365 1.378689 1.541046 1.875025 1.904468 0.968182 1.028277 0.622443 1.233790 1.256462 
1.358092 1.326394 1.516798 1.689571 1.273189 1.544766 0.915572 1.424970 0.902966 1.073801 0.393308 2.425171 0.734352 0.920587 1.229402 0.941416 1.849295 1.947392 1.546363 1.438628 1.593868 1.947948 1.976504 1.010742 1.072475 0.652735 1.286478 1.303799 
1.408743 1.380946 1.580901 1.753872 1.321404 1.607246 0.951559 1.481236 0.940192 1.115194 0.416442 2.517134 0.761451 0.954313 1.275472 0.975634 1.922018 2.023186 1.610966 1.499149 1.646301 2.021029 2.048519 1.053820 1.117146 0.683596 1.339584 1.351201 
1.459506 1.435937 1.645656 1.818497 1.369776 1.670078 0.987834 1.537873 0.977817 1.156802 0.440352 2.609232 0.788847 0.988100 1.321521 1.009804 1.995113 2.099296 1.676165 1.560242 1.698348 2.094261 2.120503 1.097418 1.162292 0.715029 1.393099 1.398674 
1.510379 1.491354 1.711053 1.883457 1.418304 1.733242 1.024403 1.594888 1.015846 1.198628 0.465048 2.701446 0.816568 1.021951 1.367534 1.043920 2.068570 2.175711 1.741949 1.621897 1.750009 2.167638 2.192451 1.141535 1.207918 0.747035 1.447013 1.446222 
1.561365 1.547186 1.777083 1.948760 1.466986 1.796721 1.061275 1.652290 1.054283 1.240672 0.490542 2.793760 0.844645 1.055870 1.413496 1.077974 2.142382 2.252419 1.808307 1.684106 1.801291 2.241157 2.264358 1.186173 1.254025 0.779618 1.501317 1.493852 
1.612464 1.603421 1.843736 2.014419 1.515822 1.860496 1.098458 1.710090 1.093132 1.282939 0.516842 2.886157 0.873107 1.089860 1.459393 1.111959 2.216540 2.329409 1.875229 1.746858 1.852199 2.314814 2.336221 1.231330 1.300618 0.812779 1.556000 1.541570 
1.663677 1.660048 1.911000 2.080446 1.564811 1.924550 1.135960 1.768300 1.132398 1.325431 0.543960 2.978625 0.901988 1.123928 1.505211 1.145869 2.291037 2.406672 1.942701 1.810143 1.902743 2.388606 2.408039 1.277008 1.347700 0.846521 1.611052 1.589385 
1.715009 1.717052 1.978866 2.146854 1.613953 1.988864 1.173791 1.826933 1.172085 1.368153 0.571904 3.071149 0.931319 1.158079 1.550937 1.179700 2.365867 2.484197 2.010712 1.873950 1.952933 2.462533 2.479811 1.323205 1.395275 0.880844 1.666466 1.637305 
1.766462 1.774422 2.047321 2.213659 1.663249 2.053419 1.211960 1.886004 1.212197 1.411108 0.600683 3.163719 0.961136 1.192319 1.596558 1.213445 2.441023 2.561976 2.079250 1.938270 2.002782 2.536594 2.551538 1.369921 1.443348 0.915751 1.722230 1.685342 
1.818041 1.832144 2.116354 2.280876 1.712699 2.118197 1.250478 1.945528 1.252740 1.454302 0.630305 3.256323 0.991472 1.226657 1.642060 1.247100 2.516498 2.639999 2.148301 2.003092 2.052305 2.610789 2.623223 1.417156 1.491921 0.951242 1.778335 1.733506 
1.869752 1.890204 2.185953 2.348522 1.762306 2.183179 1.289355 2.005523 1.293717 1.497739 0.660778 3.348953 1.022365 1.261099 1.687433 1.280661 2.592287 2.718257 2.217852 2.068404 2.101519 2.685121 2.694870 1.464908 1.541001 0.987318 1.834773 1.781809 
1.921601 1.948588 2.256104 2.416615 1.812072 2.248346 1.328603 2.066007 1.335134 1.541426 0.692110 3.441601 1.053851 1.295655 1.732664 1.314125 2.668386 2.796744 2.287890 2.134195 2.150442 2.759593 2.766484 1.513176 1.590590 1.023980 1.891533 1.830264 
1.973594 2.007282 2.326794 2.485174 1.861999 2.313680 1.368232 2.127000 1.376996 1.585369 0.724306 3.534259 1.085970 1.330333 1.777742 1.347487 2.744789 2.875452 2.358400 2.200455 2.199095 2.834208 2.838073 1.561960 1.640695 1.061228 1.948606 1.878886 
2.025741 2.066269 2.398010 2.554220 1.912091 2.379162 1.408256 2.188523 1.419306 1.629574 0.757374 3.626922 1.118760 1.365145 1.822657 1.380745 2.821492 2.954373 2.429368 2.267171 2.247502 2.908972 2.909645 1.611257 1.691319 1.099062 2.005983 1.927689 
2.078049 2.125536 2.469737 2.623773 1.962352 2.444772 1.448686 2.250598 1.462071 1.674050 0.791319 3.719587 1.152263 1.400100 1.867399 1.413897 2.898492 3.033502 2.500779 2.334332 2.295686 2.983890 2.981209 1.661066 1.742469 1.137482 2.063656 1.976690 
2.130529 2.185066 2.541961 2.693857 2.012786 2.510492 1.489536 2.313251 1.505296 1.718803 0.826147 3.812250 1.186519 1.435211 1.911958 1.446940 2.975786 3.112831 2.572618 2.401926 2.343675 3.058969 3.052778 1.711384 1.794149 1.176487 2.121614 2.025906 
2.183190 2.244843 2.614667 2.764494 2.063397 2.576302 1.530818 2.376504 1.548984 1.763842 0.861863 3.904909 1.221573 1.470489 1.956325 1.479874 3.053370 3.192356 2.644869 2.469940 2.391498 3.134218 3.124364 1.762211 1.846365 1.216078 2.179848 2.075355 
2.236044 2.304850 2.687839 2.835709 2.114192 2.642183 1.572548 2.440386 1.593143 1.809177 0.898470 3.997565 1.257466 1.505947 2.000491 1.512697 3.131243 3.272072 2.717517 2.538363 2.439186 3.209646 3.195981 1.813544 1.899123 1.256252 2.238350 2.125055 
2.289103 2.365071 2.761461 2.907527 2.165177 2.708116 1.614740 2.504924 1.637776 1.854815 0.935973 4.090217 1.294246 1.541600 2.044447 1.545410 3.209403 3.351973 2.790544 2.607181 2.486770 3.285262 3.267645 1.865380 1.952428 1.297009 2.297110 2.175028 
2.342380 2.425489 2.835518 2.979977 2.216357 2.774082 1.657408 2.570146 1.682889 1.900767 0.974376 4.182867 1.331957 1.577460 2.088187 1.578011 3.287848 3.432056 2.863933 2.676381 2.534287 3.361078 3.339372 1.917716 2.006287 1.338347 2.356119 2.225294 
2.395888 2.486086 2.909991 3.053084 2.267740 2.840060 1.700567 2.636084 1.728489 1.947044 1.013681 4.275520 1.370646 1.613543 2.131702 1.610501 3.366577 3.512316 2.937669 2.745951 2.581773 3.437106 3.411183 1.970551 2.060706 1.380264 2.415369 2.275875 
2.449643 2.546843 2.984865 3.126880 2.319334 2.906031 1.744235 2.702769 1.774579 1.993656 1.053890 4.368180 1.410363 1.649865 2.174986 1.642882 3.445590 3.592751 3.011733 2.815877 2.629268 3.513359 3.483097 2.023880 2.115691 1.422760 2.474851 2.326795 
2.503660 2.607743 3.060121 3.201392 2.371146 2.971977 1.788426 2.770234 1.821166 2.040614 1.095007 4.460852 1.451155 1.686441 2.218033 1.675154 3.524887 3.673358 3.086107 2.886146 2.676811 3.589853 3.555134 2.077701 2.171249 1.465830 2.534555 2.378077 
2.557954 2.668766 3.135740 3.276653 2.423185 3.037875 1.833158 2.838513 1.868256 2.087930 1.137032 4.553543 1.493075 1.723290 2.260836 1.707319 3.604469 3.754134 3.160772 2.956744 2.724446 3.666601 3.627319 2.132010 2.227386 1.509474 2.594473 2.429746 
2.612544 2.729893 3.211705 3.352695 2.475462 3.103708 1.878448 2.907643 1.915854 2.135616 1.179966 4.646262 1.536172 1.760429 2.303390 1.739380 3.684336 3.835078 3.235711 3.027658 2.772217 3.743620 3.699676 2.186803 2.284110 1.553687 2.654597 2.481830 
2.667447 2.791105 3.287996 3.429551 2.527984 3.169455 1.924314 2.977659 1.963966 2.183686 1.223810 4.739018 1.580499 1.797876 2.345691 1.771340 3.764490 3.916188 3.310904 3.098872 2.820173 3.820929 3.772231 2.242077 2.341428 1.598468 2.714917 2.534353 
2.722682 2.852382 3.364594 3.507256 2.580762 3.235096 1.970774 3.048602 2.012597 2.232152 1.268564 4.831823 1.626111 1.835650 2.387733 1.803201 3.844933 3.997464 3.386331 3.170373 2.868361 3.898544 3.845010 2.297828 2.399347 1.643813 2.775424 2.587346 
2.778268 2.913703 3.441478 3.585845 2.633808 3.300611 2.017847 3.120510 2.061755 2.281028 1.314228 4.924687 1.673062 1.873772 2.429514 1.834968 3.925667 4.078904 3.461972 3.242145 2.916833 3.976487 3.918043 2.354052 2.457875 1.689718 2.836111 2.640836 
2.834227 2.975047 3.518629 3.665355 2.687133 3.365979 2.065552 3.193424 2.111444 2.330329 1.360801 5.017625 1.721408 1.912261 2.471028 1.866643 4.006695 4.160509 3.537808 3.314176 2.965642 4.054777 3.991361 2.410744 2.517019 1.736180 2.896969 2.694854 
2.890578 3.036394 3.596025 3.745823 2.740748 3.431181 2.113908 3.267386 2.161671 2.380069 1.408281 5.110650 1.771205 1.951139 2.512274 1.898233 4.088021 4.242279 3.613817 3.386448 3.014842 4.133435 4.064994 2.467899 2.576788 1.783195 2.957989 2.749431 
2.947345 3.097722 3.673645 3.827288 2.794666 3.496196 2.162936 3.342441 2.212442 2.430264 1.456666 5.203780 1.822512 1.990429 2.553248 1.929742 4.169647 4.324216 3.689979 3.458948 3.064490 4.212485 4.138976 2.525514 2.637189 1.830758 3.019162 2.804600 
3.004551 3.159009 3.751468 3.909791 2.848900 3.561003 2.212656 3.418633 2.263764 2.480929 1.505955 5.297030 1.875387 2.030152 2.593948 1.961176 4.251578 4.406320 3.766272 3.531659 3.114647 4.291951 4.213341 2.583583 2.698230 1.878866 3.080481 2.860392 
3.062219 3.220233 3.829471 3.993372 2.903463 3.625583 2.263090 3.496009 2.315642 2.532081 1.556145 5.390418 1.929891 2.070332 2.634374 1.992540 4.333819 4.488593 3.842674 3.604567 3.165371 4.371856 4.288126 2.642100 2.759921 1.927512 3.141937 2.916842 
3.120373 3.281371 3.907631 4.078074 2.958370 3.689913 2.314258 3.574616 2.368083 2.583736 1.607231 5.483966 1.986086 2.110992 2.674523 2.023841 4.416376 4.571039 3.919163 3.677654 3.216728 4.452226 4.363368 2.701061 2.822269 1.976693 3.203522 2.973985 
3.179040 3.342400 3.985925 4.163939 3.013634 3.753975 2.366183 3.654503 2.421094 2.635912 1.659212 5.577692 2.044033 2.152159 2.714395 2.055086 4.499253 4.653659 3.995716 3.750906 3.268781 4.533089 4.439107 2.760460 2.885284 2.026403 3.265227 3.031857 
3.238245 3.403296 4.064330 4.251012 3.069271 3.817746 2.418888 3.735721 2.474682 2.688626 1.712081 5.671620 2.103795 2.193856 2.753990 2.086283 4.582456 4.736456 4.072310 3.824306 3.321598 4.614473 4.515382 2.820292 2.948975 2.076637 3.327044 3.090496 
3.298017 3.464036 4.142822 4.339339 3.125297 3.881207 2.472394 3.818320 2.528851 2.741896 1.765835 5.765773 2.165438 2.236111 2.793308 2.117438 4.665993 4.819436 4.148922 3.897837 3.375247 4.696405 4.592235 2.880550 3.013350 2.127388 3.388965 3.149938 
3.358382 3.524595 4.221376 4.428965 3.181728 3.944336 2.526727 3.902354 2.583611 2.795742 1.820468 5.860175 2.229027 2.278950 2.832349 2.148561 4.749870 4.902601 4.225528 3.971483 3.429800 4.778916 4.669710 2.941228 3.078420 2.178651 3.450982 3.210224 
3.419370 3.584950 4.299967 4.519939 3.238580 4.007111 2.581909 3.987878 2.638966 2.850183 1.875976 5.954851 2.294628 2.322401 2.871116 2.179661 4.834095 4.985956 4.302104 4.045227 3.485330 4.862037 4.747852 3.002320 3.144193 2.230419 3.513087 3.271394 
3.481010 3.645074 4.378571 4.612309 3.295870 4.069513 2.637965 4.074946 2.694925 2.905238 1.932350 6.049830 2.362310 2.366491 2.909609 2.210745 4.918675 5.069507 4.378626 4.119051 3.541912 4.945800 4.826706 3.063820 3.210680 2.282687 3.575271 3.333487 
3.543332 3.704943 4.457160 4.706125 3.353618 4.131519 2.694920 4.163616 2.751494 2.960928 1.989586 6.145139 2.432141 2.411250 2.947830 2.241825 5.003620 5.153260 4.455067 4.192939 3.599623 5.030237 4.906321 3.125721 3.277890 2.335446 3.637528 3.396547 
3.606369 3.764530 4.535710 4.801438 3.411840 4.193109 2.752799 4.253946 2.808680 3.017273 2.047675 6.240807 2.504191 2.456708 2.985783 2.272911 5.088937 5.237219 4.531404 4.266873 3.658542 5.115384 4.986746 3.188016 3.345833 2.388691 3.699848 3.460616 
3.670152 3.823810 4.614192 4.898299 3.470555 4.254260 2.811628 4.345995 2.866490 3.074295 2.106610 6.336866 2.578531 2.502894 3.023471 2.304012 5.174636 5.321392 4.607610 4.340834 3.718750 5.201274 5.068031 3.250698 3.414521 2.442414 3.762224 3.525738 
3.734715 3.882757 4.692581 4.996762 3.529784 4.314952 2.871433 4.439824 2.924931 3.132016 2.166384 6.433348 2.655233 2.549840 3.060896 2.335140 5.260728 5.405786 4.683660 4.414806 3.780330 5.287944 5.150228 3.313760 3.483963 2.496606 3.824648 3.591959 
3.800091 3.941342 4.770848 5.096882 3.589545 4.375163 2.932241 4.535496 2.984011 3.190457 2.226987 6.530286 2.734371 2.597577 3.098063 2.366307 5.347221 5.490408 4.759525 4.488770 3.843368 5.375432 5.233391 3.377194 3.554169 2.551262 3.887113 3.659324 
3.866314 3.999539 4.848966 5.198712 3.649859 4.434871 2.994080 4.633074 3.043737 3.249641 2.288411 6.627714 2.816018 2.646139 3.134976 2.397525 5.434128 5.575266 4.835181 4.562707 3.907950 5.463775 5.317575 3.440993 3.625152 2.606372 3.949611 3.727880 
3.933421 4.057321 4.926905 5.302311 3.710748 4.494055 3.056976 4.732622 3.104115 3.309592 2.350646 6.725668 2.900251 2.695557 3.171641 2.428806 5.521458 5.660368 4.910599 4.636599 3.974166 5.553013 5.402837 3.505148 3.696921 2.661928 4.012133 3.797676 
4.001448 4.114658 5.004637 5.407734 3.772233 4.552693 3.120958 4.834207 3.165155 3.370334 2.413682 6.824185 2.987145 2.745866 3.208063 2.460162 5.609225 5.745724 4.985752 4.710427 4.042107 5.643186 5.489233 3.569653 3.769488 2.717921 4.074673 3.868760 
4.070431 4.171523 5.082133 5.515041 3.834336 4.610762 3.186055 4.937897 3.226863 3.431890 2.477509 6.923304 3.076778 2.797100 3.244248 2.491608 5.697439 5.831342 5.060612 4.784172 4.111866 5.734335 5.576824 3.634498 3.842865 2.774344 4.137223 3.941182 
4.140409 4.227887 5.159363 5.624292 3.897079 4.668242 3.252295 5.043760 3.289247 3.494285 2.542115 7.023064 3.169229 2.849294 3.280201 2.523158 5.786113 5.917233 5.135150 4.857815 4.183538 5.826503 5.665670 3.699676 3.917063 2.831186 4.199774 4.014993 
4.211422 4.283720 5.236295 5.735547 3.960485 4.725109 3.319709 5.151866 3.352314 3.557545 2.607489 7.123505 3.264577 2.902485 3.315931 2.554825 5.875261 6.003406 5.209337 4.931336 4.257220 5.919733 5.755834 3.765177 3.992094 2.888438 4.262321 4.090246 
4.283507 4.338994 5.312901 5.848867 4.024579 4.781342 3.388326 5.262287 3.416072 3.621695 2.673620 7.224671 3.362904 2.956709 3.351444 2.586624 5.964896 6.089873 5.283145 5.004716 4.333012 6.014069 5.847380 3.830993 4.067969 2.946092 4.324855 4.166993 
4.356707 4.393677 5.389148 5.964317 4.089384 4.836918 3.458177 5.375095 3.480530 3.686762 2.740494 7.326604 3.464290 3.012004 3.386748 2.618571 6.055031 6.176644 5.356543 5.077935 4.411014 6.109558 5.940371 3.897116 4.144702 3.004136 4.387368 4.245288 
4.431062 4.447740 5.465005 6.081959 4.154925 4.891815 3.529293 5.490365 3.545695 3.752773 2.808100 7.429348 3.568820 3.068406 3.421851 2.650682 6.145682 6.263731 5.429502 5.150972 4.491330 6.206245 6.034876 3.963535 4.222303 3.062562 4.449854 4.325187 
4.506615 4.501152 5.540439 6.201860 4.221228 4.946011 3.601705 5.608173 3.611575 3.819753 2.876423 7.532950 3.676576 3.125956 3.456763 2.682971 6.236864 6.351147 5.501991 5.223807 4.574065 6.304178 6.130961 4.030241 4.300787 3.121358 4.512306 4.406744 
4.583408 4.553881 5.615419 6.324084 4.288318 4.999482 3.675446 5.728593 3.678178 3.887732 2.945450 7.637456 3.787645 3.184692 3.491491 2.715458 6.328590 6.438903 5.573980 5.296420 4.659327 6.403406 6.228698 4.097226 4.380165 3.180514 4.574715 4.490018 
4.661486 4.605896 5.689911 6.448701 4.356221 5.052208 3.750547 5.851706 3.745512 3.956738 3.015167 7.742915 3.902113 3.244654 3.526047 2.748157 6.420878 6.527013 5.645436 5.368790 4.747224 6.503978 6.328155 4.164478 4.460450 3.240019 4.637075 4.575065 
4.740894 4.657166 5.763881 6.575777 4.424965 5.104164 3.827042 5.977590 3.813585 4.026798 3.085558 7.849376 4.020066 3.305884 3.560440 2.781088 6.513744 6.615491 5.716330 5.440896 4.837868 6.605945 6.429407 4.231989 4.541656 3.299862 4.699379 4.661946 
4.821676 4.707657 5.837297 6.705383 4.494577 5.155329 3.904964 6.106326 3.882407 4.097943 3.156609 7.956891 4.141593 3.368422 3.594681 2.814267 6.607204 6.704350 5.786628 5.512717 4.931373 6.709359 6.532527 4.299748 4.623795 3.360032 4.761619 4.750720 
4.903879 4.757337 5.910122 6.837589 4.565085 5.205679 3.984346 6.237996 3.951984 4.170202 3.228304 8.065510 4.266784 3.432312 3.628781 2.847714 6.701276 6.793604 5.856299 5.584232 5.027852 6.814272 6.637590 4.367745 4.706881 3.420518 4.823789 4.841447 
4.987551 4.806174 5.982324 6.972467 4.636516 5.255191 4.065224 6.372683 4.022326 4.243606 3.300626 8.175288 4.395729 3.497595 3.662751 2.881447 6.795977 6.883270 5.925310 5.655418 5.127424 6.920738 6.744673 4.435969 4.790928 3.481306 4.885881 4.934191 
5.072739 4.854132 6.053866 7.110090 4.708901 5.303842 4.147631 6.510472 4.093441 4.318184 3.373559 8.286279 4.528521 3.564316 3.696604 2.915486 6.891325 6.973361 5.993627 5.726254 5.230208 7.028813 6.853854 4.504409 4.875950 3.542386 4.947888 5.029013 
5.159493 4.901180 6.124713 7.250531 4.782269 5.351610 4.231604 6.651449 4.165338 4.393969 3.447086 8.398538 4.665250 3.632518 3.730352 2.949850 6.987339 7.063894 6.061217 5.796719 5.336325 7.138552 6.965213 4.573056 4.961960 3.603745 5.009804 5.125978 
NaN NaN NaN NaN NaN NaN NaN NaN NaN NaN NaN NaN NaN NaN NaN NaN NaN NaN NaN NaN NaN NaN NaN NaN NaN NaN NaN NaN 
NaN NaN NaN NaN NaN NaN NaN NaN NaN NaN NaN NaN NaN NaN NaN NaN NaN NaN NaN NaN NaN NaN NaN NaN NaN NaN NaN NaN 
NaN NaN NaN NaN NaN NaN NaN NaN NaN NaN NaN NaN NaN NaN NaN NaN NaN NaN NaN NaN NaN NaN NaN NaN NaN NaN NaN NaN 
NaN NaN NaN NaN NaN NaN NaN NaN NaN NaN NaN NaN NaN NaN NaN NaN NaN NaN NaN NaN NaN NaN NaN NaN NaN NaN NaN NaN 
