NaN NaN NaN NaN NaN NaN NaN NaN NaN NaN NaN NaN NaN NaN NaN NaN NaN NaN NaN NaN NaN NaN NaN NaN NaN NaN NaN NaN 
NaN NaN NaN NaN NaN NaN NaN NaN NaN NaN NaN NaN NaN NaN NaN NaN NaN NaN NaN NaN NaN NaN NaN NaN NaN NaN NaN NaN 
NaN NaN NaN NaN NaN NaN NaN NaN NaN NaN NaN NaN NaN NaN NaN NaN NaN NaN NaN NaN NaN NaN NaN NaN NaN NaN NaN NaN 
NaN NaN NaN NaN NaN NaN NaN NaN NaN NaN NaN NaN NaN NaN NaN NaN NaN NaN NaN NaN NaN NaN NaN NaN NaN NaN NaN NaN 
NaN NaN NaN NaN NaN NaN NaN NaN NaN NaN NaN NaN NaN NaN NaN NaN NaN NaN NaN NaN NaN NaN NaN NaN NaN NaN NaN NaN 
NaN NaN NaN NaN NaN NaN NaN NaN NaN NaN NaN NaN NaN NaN NaN NaN NaN NaN NaN NaN NaN NaN NaN NaN NaN NaN NaN NaN 
-0.377443 -1.992529 -1.829363 -1.034769 -0.911786 -1.180055 -1.838407 0.092140 -0.721610 -1.337514 -0.865075 -1.607269 -1.152047 0.074039 -1.091142 -1.523090 -1.311386 -1.643997 -0.617379 -1.196087 -0.474028 -1.035055 -1.168252 -1.684902 -1.777697 -1.063323 -0.622515 -0.365540 
-0.395334 -2.002315 -1.753836 -1.034711 -0.906893 -1.112210 -1.792886 0.007990 -0.746310 -1.274210 -0.859871 -1.609643 -1.160162 -0.011754 -1.112351 -1.503089 -1.278758 -1.629771 -0.703609 -1.180318 -0.534461 -1.032263 -1.198169 -1.645335 -1.724753 -0.972679 -0.607429 -0.382969 
-0.411944 -2.008163 -1.681696 -1.033524 -0.901287 -1.048153 -1.747833 -0.071672 -0.768273 -1.213788 -0.852809 -1.609934 -1.165750 -0.092329 -1.131069 -1.482833 -1.246732 -1.614354 -0.783855 -1.164324 -0.590164 -1.028985 -1.224801 -1.606225 -1.672936 -0.887557 -0.593194 -0.399181 
-0.427287 -2.010214 -1.612805 -1.031222 -0.894978 -0.987732 -1.703238 -0.146921 -0.787584 -1.156146 -0.843998 -1.608184 -1.168905 -0.167812 -1.147344 -1.462302 -1.215283 -1.597772 -0.858254 -1.148092 -0.641271 -1.025199 -1.248223 -1.567554 -1.622213 -0.807755 -0.579751 -0.414188 
-0.441376 -2.008607 -1.547026 -1.027825 -0.887976 -0.930794 -1.659091 -0.217828 -0.804323 -1.101181 -0.833546 -1.604435 -1.169720 -0.238323 -1.161223 -1.441475 -1.184383 -1.580056 -0.926938 -1.131611 -0.687918 -1.020878 -1.268509 -1.529301 -1.572551 -0.733076 -0.567041 -0.427999 
-0.454226 -2.003478 -1.484224 -1.023348 -0.880290 -0.877194 -1.615384 -0.284464 -0.818573 -1.048793 -0.821559 -1.598732 -1.168287 -0.303985 -1.172751 -1.420333 -1.154006 -1.561232 -0.990040 -1.114870 -0.730236 -1.016001 -1.285732 -1.491449 -1.523921 -0.663324 -0.555005 -0.440627 
-0.465850 -1.994960 -1.424268 -1.017807 -0.871928 -0.826785 -1.572107 -0.346902 -0.830412 -0.998883 -0.808140 -1.591114 -1.164696 -0.364916 -1.181973 -1.398857 -1.124128 -1.541327 -1.047690 -1.097856 -0.768356 -1.010542 -1.299965 -1.453979 -1.476291 -0.598308 -0.543588 -0.452082 
-0.476264 -1.983187 -1.367026 -1.011220 -0.862900 -0.779425 -1.529250 -0.405212 -0.839920 -0.951353 -0.793391 -1.581624 -1.159035 -0.421235 -1.188935 -1.377028 -1.094722 -1.520368 -1.100018 -1.080560 -0.802407 -1.004481 -1.311280 -1.416872 -1.429630 -0.537836 -0.532734 -0.462375 
-0.485480 -1.968288 -1.312371 -1.003603 -0.853214 -0.734972 -1.486804 -0.459465 -0.847173 -0.906106 -0.777409 -1.570302 -1.151390 -0.473058 -1.193682 -1.354829 -1.065763 -1.498383 -1.147152 -1.062969 -0.832515 -0.997795 -1.319748 -1.380111 -1.383908 -0.481723 -0.522387 -0.471518 
-0.493512 -1.950389 -1.260177 -0.994972 -0.842881 -0.693288 -1.444758 -0.509730 -0.852247 -0.863047 -0.760293 -1.557190 -1.141847 -0.520502 -1.196258 -1.332241 -1.037227 -1.475396 -1.189217 -1.045075 -0.858804 -0.990463 -1.325439 -1.343676 -1.339094 -0.429784 -0.512495 -0.479522 
-0.500374 -1.929617 -1.210319 -0.985343 -0.831907 -0.654239 -1.403104 -0.556077 -0.855217 -0.822082 -0.742137 -1.542327 -1.130488 -0.563680 -1.196708 -1.309250 -1.009088 -1.451433 -1.226338 -1.026865 -0.881399 -0.982464 -1.328421 -1.307552 -1.295160 -0.381839 -0.503005 -0.486398 
-0.506080 -1.906095 -1.162675 -0.974732 -0.820302 -0.617689 -1.361833 -0.598575 -0.856156 -0.783118 -0.723032 -1.525753 -1.117397 -0.602706 -1.195074 -1.285837 -0.981322 -1.426520 -1.258638 -1.008331 -0.900420 -0.973778 -1.328765 -1.271721 -1.252075 -0.337709 -0.493865 -0.492157 
-0.510644 -1.879943 -1.117126 -0.963154 -0.808076 -0.583508 -1.320933 -0.637293 -0.855137 -0.746063 -0.703069 -1.507508 -1.102653 -0.637691 -1.191401 -1.261989 -0.953906 -1.400681 -1.286240 -0.989463 -0.915986 -0.964386 -1.326537 -1.236165 -1.209810 -0.297218 -0.485025 -0.496811 
-0.514078 -1.851280 -1.073554 -0.950627 -0.795235 -0.551568 -1.280397 -0.672298 -0.852230 -0.710829 -0.682336 -1.487630 -1.086334 -0.668746 -1.185731 -1.237690 -0.926815 -1.373940 -1.309264 -0.970251 -0.928215 -0.954267 -1.321804 -1.200869 -1.168338 -0.260194 -0.476436 -0.500370 
-0.516398 -1.820222 -1.031843 -0.937165 -0.781789 -0.521741 -1.240214 -0.703659 -0.847506 -0.677324 -0.660918 -1.466159 -1.068517 -0.695978 -1.178107 -1.212926 -0.900026 -1.346322 -1.327828 -0.950686 -0.937222 -0.943406 -1.314633 -1.165815 -1.127628 -0.226468 -0.468048 -0.502847 
-0.517615 -1.786884 -0.991879 -0.922783 -0.767747 -0.493905 -1.200375 -0.731442 -0.841031 -0.645463 -0.638898 -1.443131 -1.049278 -0.719497 -1.168571 -1.187684 -0.873517 -1.317849 -1.342050 -0.930758 -0.943120 -0.931782 -1.305089 -1.130988 -1.087654 -0.195871 -0.459815 -0.504252 
-0.517745 -1.751378 -0.953550 -0.907497 -0.753116 -0.467937 -1.160871 -0.755715 -0.832875 -0.615159 -0.616359 -1.418586 -1.028691 -0.739408 -1.157166 -1.161949 -0.847262 -1.288546 -1.352046 -0.910460 -0.946023 -0.919379 -1.293236 -1.096372 -1.048386 -0.168240 -0.451690 -0.504597 
-0.516799 -1.713813 -0.916748 -0.891323 -0.737905 -0.443719 -1.121691 -0.776543 -0.823101 -0.586327 -0.593378 -1.392560 -1.006827 -0.755816 -1.143933 -1.135711 -0.821242 -1.258434 -1.357930 -0.889782 -0.946039 -0.906181 -1.279138 -1.061951 -1.009798 -0.143415 -0.443627 -0.503893 
-0.514793 -1.674298 -0.881364 -0.874275 -0.722123 -0.421133 -1.082827 -0.793993 -0.811776 -0.558883 -0.570033 -1.365090 -0.983758 -0.768825 -1.128912 -1.108957 -0.795432 -1.227536 -1.359815 -0.868717 -0.943276 -0.892171 -1.262858 -1.027710 -0.971863 -0.121235 -0.435584 -0.502151 
-0.511738 -1.632936 -0.847293 -0.856369 -0.705776 -0.400066 -1.044269 -0.808129 -0.798963 -0.532744 -0.546398 -1.336213 -0.959551 -0.778537 -1.112146 -1.081675 -0.769811 -1.195874 -1.357813 -0.847257 -0.937842 -0.877334 -1.244458 -0.993634 -0.934554 -0.101546 -0.427516 -0.499384 
-0.507648 -1.589832 -0.814433 -0.837619 -0.688874 -0.380406 -1.006007 -0.819017 -0.784723 -0.507830 -0.522545 -1.305965 -0.934274 -0.785053 -1.093674 -1.053855 -0.744357 -1.163468 -1.352033 -0.825393 -0.929840 -0.861656 -1.224000 -0.959708 -0.897843 -0.084194 -0.419381 -0.495602 
-0.502536 -1.545087 -0.782681 -0.818039 -0.671425 -0.362042 -0.968032 -0.826721 -0.769118 -0.484062 -0.498544 -1.274381 -0.907993 -0.788472 -1.073537 -1.025488 -0.719049 -1.130341 -1.342585 -0.803119 -0.919372 -0.845121 -1.201543 -0.925918 -0.861705 -0.069031 -0.411138 -0.490816 
-0.496416 -1.498798 -0.751938 -0.797645 -0.653436 -0.344868 -0.930335 -0.831305 -0.752207 -0.461359 -0.474463 -1.241498 -0.880772 -0.788893 -1.051774 -0.996563 -0.693866 -1.096512 -1.329575 -0.780427 -0.906540 -0.827715 -1.177147 -0.892250 -0.826114 -0.055908 -0.402747 -0.485040 
-0.489300 -1.451063 -0.722108 -0.776451 -0.634915 -0.328779 -0.892905 -0.832832 -0.734048 -0.439646 -0.450368 -1.207349 -0.852673 -0.786413 -1.028425 -0.967072 -0.668785 -1.062002 -1.313109 -0.757311 -0.891441 -0.809427 -1.150872 -0.858690 -0.791045 -0.044681 -0.394169 -0.478283 
-0.481203 -1.401976 -0.693095 -0.754472 -0.615870 -0.313672 -0.855734 -0.831367 -0.714699 -0.418846 -0.426321 -1.171970 -0.823757 -0.781127 -1.003529 -0.937007 -0.643788 -1.026831 -1.293291 -0.733762 -0.874174 -0.790243 -1.122775 -0.825225 -0.756471 -0.035209 -0.385365 -0.470557 
-0.472136 -1.351629 -0.664807 -0.731721 -0.596309 -0.299448 -0.818812 -0.826970 -0.694216 -0.398885 -0.402385 -1.135394 -0.794083 -0.773130 -0.977124 -0.906360 -0.618854 -0.991017 -1.270223 -0.709777 -0.854832 -0.770151 -1.092914 -0.791840 -0.722369 -0.027354 -0.376299 -0.461875 
-0.462112 -1.300112 -0.637153 -0.708212 -0.576240 -0.286010 -0.782130 -0.819705 -0.672653 -0.379689 -0.378617 -1.097655 -0.763708 -0.762515 -0.949250 -0.875123 -0.593961 -0.954580 -1.244008 -0.685347 -0.833510 -0.749141 -1.061345 -0.758523 -0.688712 -0.020978 -0.366935 -0.452248 
-0.451146 -1.247513 -0.610043 -0.683960 -0.555669 -0.273261 -0.745678 -0.809632 -0.650064 -0.361186 -0.355075 -1.058787 -0.732689 -0.749372 -0.919943 -0.843291 -0.569092 -0.917538 -1.214743 -0.660467 -0.810298 -0.727200 -1.028123 -0.725262 -0.655478 -0.015951 -0.357238 -0.441686 
-0.439248 -1.193916 -0.583392 -0.658978 -0.534605 -0.261109 -0.709446 -0.796814 -0.626500 -0.343306 -0.331813 -1.018821 -0.701079 -0.733793 -0.889241 -0.810858 -0.544226 -0.879909 -1.182529 -0.635132 -0.785286 -0.704320 -0.993304 -0.692043 -0.622642 -0.012140 -0.347174 -0.430203 
-0.426433 -1.139405 -0.557114 -0.633281 -0.513055 -0.249464 -0.673425 -0.781311 -0.602013 -0.325979 -0.308884 -0.977792 -0.668932 -0.715867 -0.857183 -0.777818 -0.519343 -0.841712 -1.147461 -0.609336 -0.758562 -0.680489 -0.956942 -0.658855 -0.590181 -0.009419 -0.336710 -0.417809 
-0.412714 -1.084061 -0.531127 -0.606881 -0.491027 -0.238237 -0.637607 -0.763183 -0.576652 -0.309137 -0.286336 -0.935730 -0.636299 -0.695680 -0.823804 -0.744167 -0.494426 -0.802962 -1.109634 -0.583074 -0.730211 -0.655701 -0.919089 -0.625685 -0.558070 -0.007664 -0.325814 -0.404516 
-0.398101 -1.027963 -0.505351 -0.579792 -0.468527 -0.227344 -0.601980 -0.742490 -0.550465 -0.292713 -0.264219 -0.892667 -0.603228 -0.673320 -0.789141 -0.709900 -0.469456 -0.763677 -1.069143 -0.556341 -0.700316 -0.629944 -0.879799 -0.592523 -0.526287 -0.006752 -0.314455 -0.390337 
-0.382610 -0.971188 -0.479706 -0.552028 -0.445564 -0.216700 -0.566536 -0.719292 -0.523500 -0.276642 -0.242577 -0.848635 -0.569768 -0.648870 -0.753230 -0.675015 -0.444413 -0.723873 -1.026080 -0.529132 -0.668961 -0.603213 -0.839122 -0.559356 -0.494810 -0.006566 -0.302604 -0.375282 
-0.366251 -0.913809 -0.454118 -0.523601 -0.422143 -0.206225 -0.531266 -0.693647 -0.495803 -0.260859 -0.221454 -0.803664 -0.535965 -0.622416 -0.716108 -0.639508 -0.419281 -0.683567 -0.980536 -0.501443 -0.636225 -0.575499 -0.797110 -0.526174 -0.463615 -0.006988 -0.290231 -0.359364 
-0.349038 -0.855900 -0.428511 -0.494525 -0.398273 -0.195841 -0.496159 -0.665614 -0.467418 -0.245301 -0.200890 -0.757785 -0.501864 -0.594038 -0.677809 -0.603378 -0.394041 -0.642774 -0.932600 -0.473271 -0.602187 -0.546797 -0.753812 -0.492965 -0.432681 -0.007907 -0.277310 -0.342594 
-0.330984 -0.797529 -0.402813 -0.464813 -0.373960 -0.185471 -0.461207 -0.635251 -0.438388 -0.229907 -0.180926 -0.711028 -0.467507 -0.563819 -0.638369 -0.566621 -0.368676 -0.601508 -0.882359 -0.444611 -0.566922 -0.517099 -0.709278 -0.459720 -0.401986 -0.009210 -0.263814 -0.324984 
-0.312100 -0.738765 -0.376955 -0.434477 -0.349211 -0.175042 -0.426399 -0.602615 -0.408756 -0.214616 -0.161597 -0.663422 -0.432936 -0.531837 -0.597823 -0.529239 -0.343168 -0.559785 -0.829901 -0.415459 -0.530506 -0.486400 -0.663557 -0.426428 -0.371509 -0.010792 -0.249716 -0.306546 
-0.292399 -0.679672 -0.350868 -0.403531 -0.324033 -0.164482 -0.391728 -0.567764 -0.378562 -0.199370 -0.142937 -0.614996 -0.398191 -0.498171 -0.556204 -0.491229 -0.317501 -0.517619 -0.775311 -0.385812 -0.493011 -0.454695 -0.616695 -0.393080 -0.341228 -0.012547 -0.234993 -0.287292 
-0.271893 -0.620315 -0.324486 -0.371986 -0.298433 -0.153723 -0.357182 -0.530754 -0.347846 -0.184110 -0.124980 -0.565780 -0.363309 -0.462898 -0.513547 -0.452593 -0.291658 -0.475025 -0.718671 -0.355668 -0.454508 -0.421981 -0.568739 -0.359665 -0.311122 -0.014374 -0.219621 -0.267233 
-0.250595 -0.560755 -0.297745 -0.339856 -0.272418 -0.142699 -0.322754 -0.491641 -0.316646 -0.168780 -0.107755 -0.515802 -0.328328 -0.426093 -0.469885 -0.413331 -0.265623 -0.432014 -0.660064 -0.325023 -0.415065 -0.388252 -0.519736 -0.326174 -0.281172 -0.016173 -0.203577 -0.246382 
-0.228517 -0.501049 -0.270585 -0.307152 -0.245994 -0.131344 -0.288432 -0.450481 -0.285000 -0.153324 -0.091289 -0.465089 -0.293282 -0.387830 -0.425252 -0.373444 -0.239379 -0.388601 -0.599571 -0.293875 -0.374751 -0.353506 -0.469731 -0.292597 -0.251357 -0.017849 -0.186839 -0.224751 
-0.205672 -0.441256 -0.242944 -0.273886 -0.219168 -0.119598 -0.254208 -0.407329 -0.252943 -0.137690 -0.075609 -0.413669 -0.258204 -0.348184 -0.379681 -0.332935 -0.212911 -0.344798 -0.537270 -0.262221 -0.333630 -0.317741 -0.418767 -0.258928 -0.221656 -0.019307 -0.169388 -0.202351 
-0.182071 -0.381429 -0.214765 -0.240072 -0.191947 -0.107401 -0.220073 -0.362240 -0.220510 -0.121823 -0.060737 -0.361570 -0.223126 -0.307224 -0.333204 -0.291805 -0.186204 -0.300617 -0.473239 -0.230059 -0.291765 -0.280954 -0.366889 -0.225155 -0.192052 -0.020459 -0.151204 -0.179195 
-0.157726 -0.321620 -0.185993 -0.205720 -0.164336 -0.094696 -0.186017 -0.315269 -0.187734 -0.105674 -0.046694 -0.308818 -0.188078 -0.265022 -0.285854 -0.250058 -0.159242 -0.256070 -0.407554 -0.197389 -0.249219 -0.243143 -0.314140 -0.191273 -0.162523 -0.021215 -0.132269 -0.155294 
-0.132650 -0.261880 -0.156575 -0.170843 -0.136343 -0.081429 -0.152031 -0.266468 -0.154647 -0.089192 -0.033500 -0.255439 -0.153089 -0.221646 -0.237662 -0.207699 -0.132010 -0.211169 -0.340290 -0.164207 -0.206050 -0.204309 -0.260560 -0.157271 -0.133052 -0.021491 -0.112565 -0.130660 
-0.106854 -0.202257 -0.126458 -0.135452 -0.107973 -0.067547 -0.118104 -0.215892 -0.121280 -0.072327 -0.021171 -0.201459 -0.118185 -0.177164 -0.188660 -0.164730 -0.104493 -0.165924 -0.271520 -0.130513 -0.162317 -0.164450 -0.206192 -0.123143 -0.103620 -0.021205 -0.092076 -0.105306 
-0.080351 -0.142795 -0.095594 -0.099559 -0.079233 -0.053002 -0.084229 -0.163594 -0.087663 -0.055034 -0.009721 -0.146904 -0.083391 -0.131643 -0.138878 -0.121158 -0.076678 -0.120346 -0.201316 -0.096306 -0.118075 -0.123567 -0.151075 -0.088882 -0.074208 -0.020278 -0.070787 -0.079244 
-0.053152 -0.083538 -0.063935 -0.063175 -0.050130 -0.037745 -0.050395 -0.109625 -0.053824 -0.037265 0.000838 -0.091799 -0.048732 -0.085146 -0.088349 -0.076987 -0.048550 -0.074446 -0.129747 -0.061584 -0.073379 -0.081660 -0.095250 -0.054479 -0.044799 -0.018634 -0.048683 -0.052486 
-0.025270 -0.024528 -0.031436 -0.026311 -0.020668 -0.021731 -0.016593 -0.054038 -0.019790 -0.018975 0.010495 -0.036169 -0.014228 -0.037739 -0.037101 -0.032224 -0.020096 -0.028232 -0.056884 -0.026349 -0.028280 -0.038732 -0.038754 -0.019929 -0.015375 -0.016199 -0.025752 -0.025043 
0.003284 0.034197 0.001946 0.011020 0.009145 -0.004919 0.017186 0.003115 0.014414 -0.000122 0.019243 0.019962 0.020099 0.010518 0.014834 0.013124 0.008699 0.018286 0.017208 0.009402 0.017170 0.005216 0.018374 0.014776 0.014081 -0.012903 -0.001980 0.003072 
0.032499 0.092600 0.036253 0.048809 0.039305 0.012733 0.050952 0.061783 0.048762 0.019337 0.027076 0.076571 0.054231 0.059562 0.067428 0.059050 0.037847 0.065098 0.092463 0.045667 0.062924 0.050181 0.076097 0.049641 0.043586 -0.008677 0.022642 0.031846 
0.062361 0.150647 0.071522 0.087045 0.069804 0.031262 0.084714 0.121916 0.083231 0.039443 0.033992 0.133633 0.088151 0.109335 0.120650 0.105546 0.067361 0.112197 0.168815 0.082447 0.108935 0.096160 0.134379 0.084673 0.073158 -0.003456 0.048125 0.061268 
0.092861 0.208305 0.107791 0.125715 0.100637 0.050703 0.118482 0.183464 0.117799 0.060236 0.039989 0.191126 0.121844 0.159778 0.174473 0.152604 0.097255 0.159575 0.246202 0.119741 0.155158 0.143149 0.193184 0.119877 0.102811 0.002821 0.074478 0.091326 
0.123985 0.265543 0.145095 0.164811 0.131799 0.071089 0.152265 0.246377 0.152446 0.081754 0.045068 0.249027 0.155295 0.210835 0.228866 0.200214 0.127539 0.207223 0.324563 0.157548 0.201550 0.191144 0.252478 0.155259 0.132563 0.010213 0.101709 0.122007 
0.155723 0.322336 0.183466 0.204321 0.163283 0.092450 0.186071 0.310605 0.187152 0.104034 0.049233 0.307314 0.188492 0.262449 0.283803 0.248366 0.158227 0.255135 0.403838 0.195867 0.248071 0.240140 0.312227 0.190825 0.162429 0.018779 0.129825 0.153298 
0.188064 0.378655 0.222936 0.244234 0.195085 0.114816 0.219912 0.376100 0.221899 0.127112 0.052489 0.365965 0.221425 0.314566 0.339255 0.297051 0.189330 0.303304 0.483969 0.234697 0.294680 0.290131 0.372398 0.226578 0.192424 0.028570 0.158832 0.185188 
0.220994 0.434480 0.263532 0.284542 0.227198 0.138212 0.253795 0.442814 0.256669 0.151022 0.054845 0.424958 0.254085 0.367134 0.395194 0.346257 0.220859 0.351723 0.564898 0.274037 0.341342 0.341111 0.432958 0.262524 0.222564 0.039638 0.188734 0.217665 
0.254504 0.489787 0.305281 0.325232 0.259617 0.162661 0.287731 0.510698 0.291447 0.175798 0.056311 0.484273 0.286464 0.420100 0.451594 0.395973 0.252826 0.400386 0.646569 0.313884 0.388019 0.393073 0.493876 0.298667 0.252863 0.052031 0.219537 0.250715 
0.288582 0.544558 0.348208 0.366296 0.292337 0.188184 0.321728 0.579705 0.326218 0.201471 0.056898 0.543888 0.318557 0.473415 0.508428 0.446186 0.285242 0.449289 0.728930 0.354236 0.434679 0.446011 0.555122 0.335011 0.283335 0.065794 0.251241 0.284327 
0.323216 0.598776 0.392335 0.407723 0.325352 0.214800 0.355797 0.649788 0.360969 0.228072 0.056621 0.603785 0.350359 0.527030 0.565669 0.496883 0.318118 0.498425 0.811927 0.395092 0.481291 0.499915 0.616665 0.371560 0.313995 0.080970 0.283850 0.318488 
0.358396 0.652427 0.437682 0.449504 0.358658 0.242525 0.389946 0.720901 0.395688 0.255631 0.055498 0.663942 0.381867 0.580896 0.623290 0.548052 0.351463 0.547790 0.895510 0.436449 0.527823 0.554779 0.678477 0.408317 0.344857 0.097597 0.317364 0.353186 
0.394109 0.705499 0.484268 0.491629 0.392248 0.271373 0.424184 0.792998 0.430364 0.284175 0.053547 0.724340 0.413082 0.634969 0.681268 0.599679 0.385288 0.597380 0.979628 0.478303 0.574249 0.610592 0.740529 0.445286 0.375933 0.115713 0.351783 0.388408 
0.430346 0.757980 0.532108 0.534088 0.426118 0.301355 0.458522 0.866033 0.464987 0.313731 0.050789 0.784961 0.444004 0.689202 0.739575 0.651748 0.419603 0.647191 1.064234 0.520652 0.620541 0.667346 0.802794 0.482469 0.407238 0.135351 0.387105 0.424142 
0.467094 0.809864 0.581217 0.576873 0.460263 0.332481 0.492968 0.939960 0.499550 0.344325 0.047248 0.845786 0.474634 0.743553 0.798188 0.704245 0.454416 0.697219 1.149281 0.563492 0.666677 0.725029 0.865245 0.519869 0.438783 0.156543 0.423328 0.460375 
0.504343 0.861144 0.631606 0.619973 0.494678 0.364757 0.527532 1.014736 0.534045 0.375980 0.042950 0.906797 0.504977 0.797978 0.857081 0.757153 0.489738 0.747462 1.234724 0.606820 0.712633 0.783631 0.927857 0.557489 0.470582 0.179317 0.460448 0.497095 
0.542082 0.911818 0.683286 0.663379 0.529358 0.398187 0.562223 1.090317 0.568467 0.408720 0.037922 0.967976 0.535039 0.852438 0.916230 0.810458 0.525578 0.797916 1.320519 0.650632 0.758389 0.843141 0.990604 0.595331 0.502647 0.203697 0.498462 0.534290 
0.580299 0.961883 0.736264 0.707083 0.564297 0.432773 0.597051 1.166657 0.602811 0.442566 0.032195 1.029305 0.564826 0.906891 0.975611 0.864140 0.561943 0.848580 1.406624 0.694924 0.803926 0.903547 1.053462 0.633396 0.534989 0.229707 0.537363 0.571946 
0.618985 1.011341 0.790546 0.751076 0.599492 0.468515 0.632024 1.243714 0.637073 0.477538 0.025801 1.090768 0.594347 0.961301 1.035201 0.918184 0.598842 0.899452 1.492999 0.739692 0.849227 0.964836 1.116408 0.671686 0.567620 0.257365 0.577146 0.610051 
0.658127 1.060194 0.846136 0.795348 0.634938 0.505409 0.667153 1.321446 0.671252 0.513655 0.018774 1.152349 0.623614 1.015631 1.094976 0.972571 0.636284 0.950529 1.579603 0.784930 0.894278 1.026995 1.179420 0.710203 0.600551 0.286690 0.617802 0.648593 
0.697715 1.108449 0.903035 0.839891 0.670630 0.543451 0.702445 1.399810 0.705347 0.550935 0.011152 1.214030 0.652637 1.069843 1.154914 1.027281 0.674276 1.001813 1.666399 0.830634 0.939065 1.090010 1.242475 0.748947 0.633793 0.317695 0.659323 0.687559 
0.737739 1.156113 0.961243 0.884698 0.706563 0.582633 0.737912 1.478763 0.739359 0.589395 0.002973 1.275797 0.681430 1.123905 1.214993 1.082297 0.712826 1.053301 1.753351 0.876799 0.983577 1.153867 1.305553 0.787919 0.667358 0.350391 0.701699 0.726936 
0.778188 1.203195 1.020757 0.929758 0.742734 0.622944 0.773561 1.558266 0.773289 0.629048 -0.005721 1.337633 0.710009 1.177784 1.275189 1.137597 0.751941 1.104994 1.840424 0.923420 1.027805 1.218552 1.368633 0.827119 0.701254 0.384786 0.744920 0.766712 
0.819051 1.249708 1.081573 0.975064 0.779136 0.664373 0.809403 1.638275 0.807140 0.669910 -0.014887 1.399525 0.738391 1.231447 1.335481 1.193161 0.791627 1.156892 1.927585 0.970490 1.071741 1.284048 1.431696 0.866548 0.735492 0.420887 0.788975 0.806874 
0.860317 1.295666 1.143683 1.020608 0.815768 0.706903 0.845447 1.718752 0.840916 0.711992 -0.024479 1.461457 0.766594 1.284865 1.395849 1.248968 0.831892 1.208995 2.014802 1.018004 1.115379 1.350339 1.494723 0.906206 0.770082 0.458695 0.833849 0.847408 
0.901976 1.341084 1.207080 1.066382 0.852623 0.750519 0.881701 1.799656 0.874624 0.755306 -0.034449 1.523416 0.794638 1.338009 1.456270 1.304996 0.872741 1.261305 2.102043 1.065956 1.158717 1.417410 1.557698 0.946091 0.805033 0.498210 0.879530 0.888304 
0.944018 1.385983 1.271751 1.112377 0.889698 0.795200 0.918176 1.880947 0.908269 0.799862 -0.044747 1.585387 0.822545 1.390850 1.516725 1.361223 0.914182 1.313824 2.189281 1.114339 1.201751 1.485243 1.620602 0.986204 0.840354 0.539430 0.926003 0.929547 
0.986431 1.430382 1.337685 1.158587 0.926988 0.840924 0.954880 1.962586 0.941859 0.845668 -0.055320 1.647358 0.850338 1.443364 1.577192 1.417626 0.956219 1.366553 2.276488 1.163147 1.244482 1.553819 1.683419 1.026543 0.876053 0.582349 0.973252 0.971124 
1.029206 1.474305 1.404867 1.205003 0.964491 0.887667 0.991823 2.044535 0.975405 0.892731 -0.066115 1.709316 0.878042 1.495524 1.637653 1.474181 0.998859 1.419495 2.363637 1.212372 1.286912 1.623121 1.746135 1.067108 0.912140 0.626958 1.021260 1.013024 
1.072333 1.517777 1.473278 1.251618 1.002201 0.935402 1.029014 2.126755 1.008916 0.941058 -0.077073 1.771248 0.905684 1.547307 1.698086 1.530865 1.042106 1.472652 2.450705 1.262008 1.329044 1.693129 1.808735 1.107896 0.948621 0.673245 1.070009 1.055233 
1.115800 1.560826 1.542900 1.298425 1.040115 0.984100 1.066463 2.209208 1.042405 0.990653 -0.088136 1.833143 0.933292 1.598691 1.758474 1.587651 1.085965 1.526029 2.537668 1.312047 1.370884 1.763825 1.871205 1.148905 0.985505 0.721197 1.119480 1.097738 
1.159598 1.603481 1.613712 1.345415 1.078229 1.033728 1.104178 2.291858 1.075883 1.041519 -0.099244 1.894987 0.960896 1.649656 1.818797 1.644516 1.130441 1.579627 2.624505 1.362482 1.412440 1.835188 1.933532 1.190135 1.022800 0.770796 1.169653 1.140527 
1.203716 1.645774 1.685691 1.392583 1.116538 1.084254 1.142169 2.374668 1.109366 1.093659 -0.110331 1.956772 0.988527 1.700180 1.879037 1.701433 1.175539 1.633452 2.711195 1.413303 1.453719 1.907196 1.995704 1.231582 1.060511 0.822022 1.220507 1.183586 
1.248145 1.687740 1.758810 1.439921 1.155041 1.135640 1.180445 2.457600 1.142870 1.147074 -0.121333 2.018484 1.016218 1.750247 1.939175 1.758375 1.221262 1.687507 2.797720 1.464504 1.494735 1.979830 2.057709 1.273243 1.098647 0.874852 1.272021 1.226902 
1.292874 1.729414 1.833043 1.487422 1.193732 1.187849 1.219016 2.540620 1.176410 1.201763 -0.132181 2.080115 1.044004 1.799839 1.999194 1.815315 1.267614 1.741799 2.884063 1.516076 1.535499 2.053067 2.119538 1.315117 1.137213 0.929261 1.324170 1.270463 
1.337893 1.770836 1.908360 1.535080 1.232609 1.240837 1.257891 2.623691 1.210005 1.257724 -0.142805 2.141654 1.071921 1.848941 2.059077 1.872226 1.314600 1.796331 2.970207 1.568009 1.576026 2.126884 2.181181 1.357199 1.176215 0.985220 1.376932 1.314256 
1.383192 1.812046 1.984730 1.582887 1.271667 1.294563 1.297078 2.706778 1.243674 1.314955 -0.153133 2.203091 1.100008 1.897538 2.118806 1.929079 1.362221 1.851110 3.056140 1.620296 1.616334 2.201258 2.242628 1.399486 1.215660 1.042698 1.430280 1.358267 
1.428761 1.853086 2.062118 1.630837 1.310904 1.348980 1.336588 2.789848 1.277437 1.373450 -0.163090 2.264417 1.128303 1.945617 2.178364 1.985845 1.410481 1.906142 3.141847 1.672926 1.656440 2.276167 2.303872 1.441974 1.255553 1.101661 1.484188 1.402484 
1.474591 1.894003 2.140488 1.678925 1.350316 1.404039 1.376430 2.872866 1.311318 1.433205 -0.172600 2.325624 1.156847 1.993167 2.237735 2.042495 1.459383 1.961434 3.227319 1.725891 1.696366 2.351585 2.364906 1.484659 1.295898 1.162071 1.538630 1.446893 
1.520671 1.934844 2.219804 1.727143 1.389900 1.459691 1.416612 2.955798 1.345337 1.494212 -0.181582 2.386704 1.185684 2.040178 2.296904 2.098998 1.508929 2.016992 3.312544 1.779180 1.736133 2.427487 2.425722 1.527538 1.336702 1.223889 1.593577 1.491482 
1.566991 1.975658 2.300025 1.775485 1.429652 1.515881 1.457144 3.038612 1.379521 1.556463 -0.189957 2.447647 1.214858 2.086640 2.355855 2.155324 1.559121 2.072823 3.397515 1.832783 1.775766 2.503849 2.486315 1.570604 1.377968 1.287073 1.648999 1.536237 
1.613543 2.016498 2.381109 1.823946 1.469570 1.572554 1.498035 3.121273 1.413893 1.619949 -0.197639 2.508447 1.244415 2.132547 2.414571 2.211441 1.609961 2.128937 3.482225 1.886691 1.815290 2.580645 2.546681 1.613855 1.419700 1.351577 1.704867 1.581145 
1.660316 2.057416 2.463012 1.872520 1.509650 1.629652 1.539295 3.203752 1.448482 1.684658 -0.204544 2.569096 1.274403 2.177891 2.473040 2.267318 1.661450 2.185340 3.566668 1.940892 1.854734 2.657847 2.606815 1.657283 1.461903 1.417351 1.761149 1.626192 
1.707300 2.098470 2.545688 1.921200 1.549890 1.687115 1.580933 3.286014 1.483315 1.750579 -0.210584 2.629588 1.304870 2.222668 2.531245 2.322921 1.713590 2.242041 3.650841 1.995377 1.894127 2.735430 2.666714 1.700884 1.504580 1.484347 1.817812 1.671367 
1.754487 2.139719 2.629088 1.969982 1.590286 1.744881 1.622958 3.368030 1.518422 1.817698 -0.215667 2.689916 1.335867 2.266874 2.589173 2.378218 1.766381 2.299050 3.734741 2.050133 1.933501 2.813364 2.726376 1.744652 1.547734 1.552508 1.874823 1.716655 
1.801866 2.181222 2.713163 2.018859 1.630836 1.802883 1.665378 3.449768 1.553832 1.886001 -0.219702 2.750075 1.367448 2.310507 2.646809 2.433174 1.819825 2.356376 3.818367 2.105149 1.972889 2.891622 2.785800 1.788582 1.591369 1.621780 1.932148 1.762043 
1.849427 2.223043 2.797859 2.067827 1.671537 1.861055 1.708205 3.531198 1.589578 1.955471 -0.222595 2.810059 1.399665 2.353566 2.704142 2.487756 1.873921 2.414028 3.901719 2.160415 2.012327 2.970174 2.844983 1.832666 1.635486 1.692101 1.989751 1.807519 
1.897163 2.265246 2.883123 2.116879 1.712386 1.919326 1.751445 3.612290 1.625694 2.026091 -0.224247 2.869862 1.432575 2.396052 2.761156 2.541929 1.928670 2.472018 3.984801 2.215918 2.051852 3.048992 2.903926 1.876898 1.680088 1.763410 2.047595 1.853068 
1.945062 2.307900 2.968898 2.166012 1.753380 1.977624 1.795110 3.693014 1.662212 2.097843 -0.224561 2.929481 1.466235 2.437965 2.817840 2.595656 1.984071 2.530355 4.067614 2.271646 2.091502 3.128045 2.962631 1.921271 1.725178 1.835640 2.105643 1.898678 
1.993116 2.351074 3.055125 2.215220 1.794518 2.035875 1.839208 3.773342 1.699169 2.170707 -0.223434 2.988910 1.500705 2.479310 2.874181 2.648902 2.040125 2.589052 4.150165 2.327587 2.131320 3.207303 3.021098 1.965779 1.770756 1.908725 2.163857 1.944335 
2.041315 2.394839 3.141744 2.264497 1.835796 2.094001 1.883748 3.853245 1.736602 2.244660 -0.220763 3.048147 1.536043 2.520091 2.930168 2.701630 2.096829 2.648119 4.232458 2.383728 2.171347 3.286734 3.079330 2.010414 1.816824 1.982593 2.222195 1.990025 
2.089651 2.439270 3.228692 2.313840 1.877212 2.151923 1.928739 3.932694 1.774548 2.319682 -0.216442 3.107186 1.572314 2.560313 2.985788 2.753803 2.154184 2.707569 4.314504 2.440056 2.211629 3.366307 3.137331 2.055168 1.863383 2.057170 2.280619 2.035736 
2.138114 2.484443 3.315903 2.363244 1.918764 2.209559 1.974192 4.011663 1.813048 2.395749 -0.210363 3.166026 1.609580 2.599983 3.041030 2.805382 2.212188 2.767413 4.396310 2.496558 2.252211 3.445988 3.195103 2.100033 1.910434 2.132380 2.339086 2.081454 
2.186694 2.530436 3.403312 2.412704 1.960450 2.266825 2.020114 4.090123 1.852141 2.472834 -0.202416 3.224664 1.647906 2.639110 3.095883 2.856329 2.270839 2.827665 4.477887 2.553222 2.293142 3.525746 3.252653 2.145000 1.957977 2.208143 2.397553 2.127166 
2.235384 2.577330 3.490848 2.462216 2.002267 2.323634 2.066515 4.168049 1.891869 2.550912 -0.192489 3.283097 1.687361 2.677704 3.150337 2.906605 2.330135 2.888338 4.559249 2.610033 2.334473 3.605547 3.309986 2.190063 2.006013 2.284377 2.455976 2.172858 
2.284173 2.625207 3.578442 2.511775 2.044213 2.379897 2.113404 4.245413 1.932276 2.629955 -0.180466 3.341324 1.728012 2.715775 3.204382 2.956170 2.390075 2.949446 4.640408 2.666977 2.376255 3.685356 3.367107 2.235210 2.054540 2.360996 2.514311 2.218516 
2.333052 2.674153 3.666019 2.561378 2.086286 2.435523 2.160791 4.322191 1.973405 2.709935 -0.166231 3.399343 1.769929 2.753336 3.258007 3.004983 2.450655 3.011002 4.721380 2.724041 2.418543 3.765139 3.424026 2.280435 2.103559 2.437913 2.572512 2.264127 
2.382014 2.724256 3.753505 2.611021 2.128484 2.490417 2.208685 4.398356 2.015303 2.790820 -0.149664 3.457153 1.813186 2.790401 3.311204 3.053005 2.511873 3.073021 4.802182 2.781209 2.461391 3.844860 3.480748 2.325726 2.153068 2.515037 2.630531 2.309678 
2.431048 2.775604 3.840822 2.660699 2.170805 2.544484 2.257094 4.473884 2.058016 2.872580 -0.130645 3.514754 1.857854 2.826985 3.363962 3.100192 2.573726 3.135519 4.882831 2.838468 2.504859 3.924484 3.537284 2.371075 2.203066 2.592275 2.688322 2.355156 
2.480147 2.828289 3.927892 2.710409 2.213248 2.597624 2.306029 4.548751 2.101592 2.955181 -0.109049 3.572145 1.904009 2.863105 3.416273 3.146504 2.636210 3.198509 4.963348 2.895803 2.549005 4.003973 3.593643 2.416471 2.253552 2.669529 2.745834 2.400545 
2.529300 2.882405 4.014631 2.760147 2.255810 2.649738 2.355497 4.622932 2.146081 3.038590 -0.084750 3.629326 1.951729 2.898777 3.468130 3.191897 2.699323 3.262009 5.043754 2.953197 2.593891 4.083292 3.649835 2.461905 2.304524 2.746700 2.803017 2.445834 
2.578501 2.938049 4.100958 2.809911 2.298490 2.700720 2.405509 4.696405 2.191534 3.122771 -0.057622 3.686298 2.001091 2.934021 3.519523 3.236327 2.763059 3.326034 5.124071 3.010637 2.639580 4.162402 3.705872 2.507365 2.355979 2.823688 2.859822 2.491008 
2.627739 2.995319 4.186786 2.859695 2.341287 2.750467 2.456074 4.769145 2.238001 3.207687 -0.027532 3.743063 2.052174 2.968857 3.570445 3.279752 2.827415 3.390600 5.204323 3.068106 2.686138 4.241265 3.761766 2.552842 2.407916 2.900385 2.916195 2.536053 
2.677006 3.054315 4.272028 2.909498 2.384198 2.798868 2.507200 4.841130 2.285536 3.293301 0.005651 3.799621 2.105062 3.003308 3.620888 3.322125 2.892386 3.455725 5.284536 3.125588 2.733630 4.319842 3.817529 2.598323 2.460331 2.976685 2.972083 2.580957 
2.726294 3.115140 4.356594 2.959316 2.427222 2.845815 2.558897 4.912339 2.334194 3.379572 0.042062 3.855974 2.159836 3.037396 3.670847 3.363403 2.957969 3.521426 5.364737 3.183067 2.782127 4.398094 3.873176 2.643799 2.513221 3.052478 3.027433 2.625704 
2.775594 3.177899 4.440391 3.009146 2.470358 2.891193 2.611174 4.982749 2.384031 3.466461 0.081838 3.912125 2.216583 3.071146 3.720313 3.403539 3.024156 3.587721 5.444955 3.240527 2.831698 4.475982 3.928721 2.689256 2.566583 3.127648 3.082188 2.670283 
2.824898 3.242699 4.523327 3.058986 2.513604 2.934887 2.664040 5.052340 2.435102 3.553925 0.125118 3.968076 2.275387 3.104582 3.769282 3.442487 3.090944 3.654628 5.525219 3.297951 2.882417 4.553463 3.984179 2.734684 2.620413 3.202082 3.136294 2.714678 
2.874196 3.309650 4.605306 3.108832 2.556959 2.976780 2.717505 5.121090 2.487466 3.641921 0.172043 4.023830 2.336337 3.137734 3.817746 3.480200 3.158326 3.722166 5.605562 3.355322 2.934358 4.630497 4.039566 2.780069 2.674706 3.275658 3.189691 2.758876 
2.923482 3.378863 4.686228 3.158682 2.600422 3.016752 2.771577 5.188979 2.541183 3.730405 0.222758 4.079391 2.399524 3.170628 3.865701 3.516631 3.226297 3.790354 5.686015 3.412623 2.987597 4.707043 4.094900 2.825401 2.729459 3.348255 3.242323 2.802863 
2.972745 3.450453 4.765994 3.208533 2.643992 3.054679 2.826265 5.255988 2.596313 3.819332 0.277409 4.134763 2.465037 3.203295 3.913141 3.551730 3.294851 3.859211 5.766613 3.469836 3.042212 4.783058 4.150197 2.870665 2.784667 3.419749 3.294129 2.846626 
3.021979 3.524535 4.844502 3.258384 2.687668 3.090438 2.881579 5.322097 2.652918 3.908653 0.336142 4.189949 2.532971 3.235765 3.960062 3.585450 3.363980 3.928757 5.847393 3.526944 3.098283 4.858499 4.205477 2.915848 2.840324 3.490011 3.345050 2.890151 
3.071175 3.601227 4.921648 3.308231 2.731448 3.123900 2.937528 5.387287 2.711061 3.998320 0.399110 4.244955 2.603419 3.268072 4.006458 3.617742 3.433679 3.999012 5.928392 3.583928 3.155893 4.933323 4.260758 2.960939 2.896426 3.558912 3.395024 2.933423 
3.120325 3.680651 4.997325 3.358074 2.775332 3.154935 2.994122 5.451540 2.770806 4.088285 0.466463 4.299785 2.676478 3.300248 4.052327 3.648554 3.503940 4.069998 6.009647 3.640772 3.215124 5.007486 4.316062 3.005922 2.952966 3.626318 3.443988 2.976429 
3.169420 3.762928 5.071424 3.407909 2.819318 3.183413 3.051368 5.514838 2.832219 4.178496 0.538358 4.354445 2.752245 3.332329 4.097663 3.677837 3.574756 4.141735 6.091201 3.697455 3.276063 5.080942 4.371409 3.050785 3.009939 3.692093 3.491879 3.019156 
3.218452 3.848184 5.143836 3.457735 2.863407 3.209198 3.109276 5.577163 2.895368 4.268900 0.614950 4.408942 2.830820 3.364351 4.142464 3.705539 3.646119 4.214246 6.173094 3.753959 3.338797 5.153647 4.426820 3.095513 3.067338 3.756097 3.538632 3.061588 
3.267414 3.936546 5.214447 3.507551 2.907598 3.232152 3.167856 5.638498 2.960319 4.359444 0.696400 4.463281 2.912303 3.396353 4.186728 3.731608 3.718022 4.287551 6.255369 3.810266 3.403416 5.225555 4.482318 3.140091 3.125157 3.818190 3.584182 3.103712 
3.316298 4.028143 5.283143 3.557354 2.951888 3.252138 3.227116 5.698826 3.027143 4.450073 0.782868 4.517468 2.996798 3.428372 4.230450 3.755993 3.790456 4.361673 6.338073 3.866355 3.470010 5.296620 4.537927 3.184505 3.183388 3.878227 3.628462 3.145515 
3.365094 4.123107 5.349808 3.607144 2.996280 3.269013 3.287066 5.758132 3.095910 4.540732 0.874519 4.571512 3.084409 3.460450 4.273629 3.778640 3.863412 4.436635 6.421250 3.922209 3.538673 5.366794 4.593671 3.228740 3.242025 3.936059 3.671404 3.186981 
3.413797 4.221571 5.414321 3.656918 3.040770 3.282633 3.347715 5.816400 3.166692 4.631362 0.971518 4.625420 3.175241 3.492628 4.316263 3.799496 3.936883 4.512461 6.504948 3.977805 3.609499 5.436030 4.649574 3.272781 3.301059 3.991537 3.712940 3.228098 
3.462397 4.323672 5.476563 3.706676 3.085360 3.292852 3.409071 5.873614 3.239563 4.721906 1.074034 4.679199 3.269401 3.524949 4.358350 3.818506 4.010858 4.589174 6.589217 4.033126 3.682586 5.504280 4.705663 3.316612 3.360483 4.044508 3.753001 3.268850 
3.510888 4.429547 5.536411 3.756417 3.130049 3.299520 3.471145 5.929760 3.314595 4.812302 1.182236 4.732859 3.367000 3.557458 4.399890 3.835616 4.085329 4.666798 6.674107 4.088150 3.758032 5.571495 4.761964 3.360217 3.420289 4.094815 3.791514 3.309225 
3.559260 4.539338 5.593739 3.806139 3.174837 3.302487 3.533944 5.984823 3.391866 4.902490 1.296298 4.786406 3.468147 3.590200 4.440881 3.850770 4.160286 4.745358 6.759670 4.142857 3.835937 5.637625 4.818504 3.403581 3.480468 4.142301 3.828409 3.349207 
3.607508 4.653187 5.648421 3.855843 3.219722 3.301599 3.597478 6.038790 3.471452 4.992406 1.416395 4.839852 3.572955 3.623223 4.481322 3.863912 4.235719 4.824878 6.845960 4.197226 3.916404 5.702622 4.875313 3.446686 3.541010 4.186803 3.863612 3.388783 
3.655622 4.771238 5.700327 3.905526 3.264706 3.296699 3.661757 6.091647 3.553432 5.081988 1.542702 4.893206 3.681538 3.656575 4.521215 3.874987 4.311618 4.905383 6.933032 4.251236 3.999537 5.766433 4.932418 3.489517 3.601908 4.228156 3.897050 3.427939 
3.703595 4.893640 5.749325 3.955189 3.309788 3.287630 3.726789 6.143381 3.637884 5.171170 1.675400 4.946477 3.794011 3.690305 4.560558 3.883935 4.387973 4.986900 7.020942 4.304866 4.085443 5.829009 4.989849 3.532056 3.663151 4.266195 3.928648 3.466660 
3.751421 5.020540 5.795283 4.004831 3.354969 3.274230 3.792583 6.193980 3.724889 5.259885 1.814670 4.999675 3.910492 3.724465 4.599353 3.890701 4.464772 5.069455 7.109749 4.358094 4.174228 5.890297 5.047638 3.574287 3.724729 4.300747 3.958330 3.504932 
3.799091 5.152090 5.838065 4.054451 3.400247 3.256336 3.859149 6.243431 3.814529 5.348066 1.960696 5.052813 4.031098 3.759107 4.637600 3.895225 4.542005 5.153074 7.199512 4.410898 4.266004 5.950246 5.105815 3.616191 3.786633 4.331641 3.986019 3.542741 
3.846597 5.288445 5.877534 4.104051 3.445624 3.233783 3.926495 6.291724 3.906888 5.435644 2.113664 5.105900 4.155952 3.794284 4.675301 3.897448 4.619661 5.237785 7.290291 4.463256 4.360882 6.008802 5.164413 3.657751 3.848852 4.358701 4.011636 3.580073 
3.893933 5.429761 5.913550 4.153628 3.491099 3.206402 3.994631 6.338847 4.002050 5.522547 2.273762 5.158948 4.285174 3.830053 4.712457 3.897311 4.697727 5.323614 7.382150 4.515147 4.458974 6.065913 5.223465 3.698948 3.911375 4.381748 4.035103 3.616913 
3.941092 5.576194 5.945971 4.203185 3.536673 3.174023 4.063565 6.384789 4.100100 5.608705 2.441180 5.211971 4.418888 3.866469 4.749071 3.894754 4.776192 5.410589 7.475151 4.566547 4.560398 6.121523 5.283005 3.739766 3.974191 4.400601 4.056340 3.653248 
3.988065 5.727906 5.974653 4.252719 3.582346 3.136474 4.133308 6.429541 4.201126 5.694044 2.616111 5.264979 4.557220 3.903589 4.785145 3.889716 4.855043 5.498739 7.569361 4.617433 4.665269 6.175579 5.343067 3.780184 4.037288 4.415075 4.075265 3.689062 
NaN NaN NaN NaN NaN NaN NaN NaN NaN NaN NaN NaN NaN NaN NaN NaN NaN NaN NaN NaN NaN NaN NaN NaN NaN NaN NaN NaN 
NaN NaN NaN NaN NaN NaN NaN NaN NaN NaN NaN NaN NaN NaN NaN NaN NaN NaN NaN NaN NaN NaN NaN NaN NaN NaN NaN NaN 
NaN NaN NaN NaN NaN NaN NaN NaN NaN NaN NaN NaN NaN NaN NaN NaN NaN NaN NaN NaN NaN NaN NaN NaN NaN NaN NaN NaN 
NaN NaN NaN NaN NaN NaN NaN NaN NaN NaN NaN NaN NaN NaN NaN NaN NaN NaN NaN NaN NaN NaN NaN NaN NaN NaN NaN NaN 
