NaN NaN NaN NaN NaN NaN NaN 
NaN NaN NaN NaN NaN NaN NaN 
NaN NaN NaN NaN NaN NaN NaN 
NaN NaN NaN NaN NaN NaN NaN 
NaN NaN NaN NaN NaN NaN NaN 
-0.350808 -0.631714 -0.194065 -0.450950 -0.488669 -0.682029 -0.737920 
-0.388796 -0.633921 -0.166789 -0.426484 -0.397985 -0.729329 -0.759919 
-0.443837 -0.678058 -0.213126 -0.483208 -0.344496 -0.799502 -0.774217 
-0.434833 -0.717626 -0.250577 -0.494145 -0.322503 -0.720859 -0.759647 
-0.432323 -0.709352 -0.262976 -0.481440 -0.358627 -0.729584 -0.773123 
-0.584819 -0.804423 -0.292920 -0.572666 -0.419747 -0.667438 -0.812105 
-0.559921 -0.846350 -0.383711 -0.683222 -0.455485 -0.657435 -0.834576 
-0.629024 -0.899797 -0.463932 -0.693042 -0.453381 -0.757036 -0.776834 
-0.656216 -0.913868 -0.443612 -0.703643 -0.498639 -0.760052 -0.794162 
-0.615999 -0.905249 -0.416689 -0.695041 -0.522242 -0.723088 -0.782800 
-0.677118 -0.989530 -0.481474 -0.763531 -0.503175 -0.715753 -0.853514 
-0.698360 -1.108749 -0.551567 -0.810124 -0.628165 -0.679343 -0.876810 
-0.694391 -1.126197 -0.571126 -0.752829 -0.673182 -0.701526 -0.886660 
-0.687691 -1.182759 -0.675782 -0.785867 -0.659642 -0.680452 -0.859004 
-0.674854 -1.252166 -0.735797 -0.799414 -0.596486 -0.776535 -0.809668 
-0.556266 -1.158946 -0.736697 -0.781597 -0.561461 -0.697183 -0.803822 
-0.552801 -1.202859 -0.711239 -0.748816 -0.547044 -0.664963 -0.785760 
-0.474590 -1.205867 -0.793588 -0.782956 -0.524019 -0.673925 -0.874159 
-0.464506 -1.193761 -0.851550 -0.891957 -0.524475 -0.675818 -0.891224 
-0.491471 -1.179585 -0.831254 -0.906787 -0.526284 -0.657780 -0.906349 
-0.413788 -1.182911 -0.867403 -0.864631 -0.519609 -0.553958 -0.838449 
-0.422054 -1.021953 -0.887190 -0.802870 -0.479367 -0.573633 -0.796479 
-0.355162 -1.045064 -0.898896 -0.793039 -0.409038 -0.609428 -0.778660 
-0.323094 -0.891996 -0.712172 -0.753120 -0.386936 -0.627696 -0.764021 
-0.375346 -0.906527 -0.714576 -0.778047 -0.407594 -0.566509 -0.789288 
-0.422310 -0.950195 -0.618697 -0.766908 -0.454466 -0.645009 -0.768028 
-0.446552 -0.840039 -0.555994 -0.712715 -0.433081 -0.623539 -0.733809 
-0.423977 -0.752786 -0.419069 -0.629941 -0.333609 -0.561797 -0.674564 
-0.438014 -0.787804 -0.397675 -0.552768 -0.305821 -0.498946 -0.651714 
-0.415901 -0.786633 -0.379242 -0.544986 -0.326017 -0.436659 -0.627779 
-0.413118 -0.694322 -0.352040 -0.475246 -0.326908 -0.441233 -0.595618 
-0.344671 -0.689055 -0.218752 -0.470425 -0.290624 -0.389674 -0.532706 
-0.299092 -0.623362 -0.167121 -0.507934 -0.261193 -0.322498 -0.521324 
-0.330103 -0.740443 -0.306798 -0.590688 -0.289086 -0.286138 -0.503749 
-0.337915 -0.657559 -0.265340 -0.597220 -0.346829 -0.268627 -0.509721 
-0.306248 -0.599126 -0.308585 -0.522274 -0.272533 -0.290314 -0.468642 
-0.226656 -0.602544 -0.318380 -0.541553 -0.276419 -0.261048 -0.449735 
-0.224992 -0.595972 -0.398721 -0.558816 -0.379764 -0.258962 -0.395154 
-0.208439 -0.497415 -0.326365 -0.518915 -0.344571 -0.212582 -0.353749 
-0.174535 -0.430787 -0.322753 -0.464217 -0.362499 -0.303513 -0.316623 
-0.128284 -0.397570 -0.236652 -0.479028 -0.405171 -0.355749 -0.306351 
-0.135262 -0.421576 -0.355261 -0.411373 -0.289496 -0.349274 -0.319021 
-0.226725 -0.397120 -0.415163 -0.377708 -0.281479 -0.369531 -0.291350 
-0.146990 -0.278551 -0.268318 -0.319523 -0.212502 -0.352593 -0.268948 
-0.098534 -0.226138 -0.174803 -0.175780 -0.134965 -0.298208 -0.195437 
-0.123585 -0.216376 -0.089818 -0.179234 -0.055084 -0.214897 -0.129329 
-0.150824 -0.148922 -0.048271 -0.088635 -0.050235 -0.181363 -0.080611 
-0.110618 -0.128990 0.031700 -0.019016 0.025052 -0.104954 -0.061713 
-0.123344 -0.044641 0.023233 0.004434 0.060040 -0.063758 -0.034182 
-0.148184 -0.076314 0.025623 0.008344 0.123188 0.044753 -0.027153 
-0.105337 -0.016894 -0.014693 0.025995 0.172881 0.047086 -0.007948 
-0.121197 0.040738 0.118176 0.082875 0.078660 0.066235 0.016621 
-0.034437 0.102031 0.189508 0.123323 0.115106 0.213137 0.068379 
0.039916 0.159596 0.160776 0.172517 0.089110 0.256729 0.123458 
0.137061 0.223568 0.178162 0.169512 0.103117 0.213273 0.192499 
0.230326 0.278750 0.167055 0.243626 0.072013 0.234117 0.222625 
0.249462 0.297175 0.159490 0.264085 0.163358 0.214724 0.233191 
0.219612 0.387865 0.156878 0.278415 0.170911 0.304052 0.266008 
0.343478 0.388460 0.148383 0.297256 0.100532 0.365136 0.287111 
0.433467 0.474908 0.243995 0.379915 0.154962 0.331087 0.312152 
0.437058 0.487553 0.354568 0.367137 0.171495 0.371013 0.338745 
0.528352 0.521607 0.373158 0.419859 0.215426 0.419398 0.398447 
0.611650 0.490924 0.445124 0.492201 0.199342 0.318005 0.413532 
0.536882 0.511762 0.511507 0.588268 0.266015 0.316205 0.435217 
0.559965 0.551887 0.582908 0.699859 0.308193 0.460177 0.419358 
0.554580 0.650787 0.578200 0.668910 0.304423 0.503460 0.428642 
0.695358 0.762657 0.705770 0.711448 0.268755 0.522923 0.471761 
0.823286 0.782432 0.813138 0.721244 0.234294 0.475337 0.491197 
0.842880 0.820974 0.844366 0.795846 0.260519 0.435458 0.536628 
0.911867 0.883827 0.850662 0.833840 0.254469 0.575355 0.587734 
0.955026 0.925495 0.799318 0.885544 0.367123 0.697766 0.593802 
1.005590 0.999658 0.814031 0.898074 0.414732 0.758718 0.600531 
0.965795 1.117404 0.902447 0.956725 0.404795 0.838125 0.633780 
1.080775 1.254677 0.920283 0.981336 0.403409 0.934293 0.651674 
1.132827 1.274840 0.871168 0.920710 0.428070 0.912659 0.702841 
1.247847 1.282566 0.927893 1.055452 0.460931 1.039837 0.734694 
1.259563 1.289364 0.968163 1.040264 0.509270 1.204388 0.764947 
1.247855 1.376153 1.028445 1.102537 0.586858 1.281895 0.785739 
1.277065 1.416190 1.161276 1.141611 0.651063 1.276732 0.783680 
1.287515 1.483673 1.248265 1.187031 0.681708 1.202498 0.817461 
1.377768 1.521315 1.377282 1.224486 0.608325 1.245042 0.908056 
1.411716 1.575837 1.462678 1.187620 0.633635 1.238502 0.982318 
1.477350 1.627515 1.485946 1.201938 0.663075 1.296637 0.996474 
1.516285 1.579071 1.510111 1.227133 0.654475 1.266059 1.048889 
1.573373 1.650921 1.632646 1.331767 0.691024 1.353689 1.070549 
1.562431 1.685813 1.685980 1.329337 0.693640 1.313919 1.120190 
1.639521 1.766740 1.696727 1.389035 0.743173 1.346543 1.142159 
1.766179 1.780354 1.698399 1.475211 0.795595 1.342691 1.205771 
1.787717 1.903164 1.714480 1.447509 0.795156 1.395422 1.291863 
1.846000 1.980161 1.807273 1.440063 0.859483 1.575385 1.327446 
1.840425 2.019366 1.801324 1.532148 0.930190 1.600924 1.352183 
1.858374 2.075031 1.818527 1.668055 0.974845 1.659606 1.379309 
1.891448 2.111240 1.866064 1.766822 1.013353 1.685358 1.462786 
1.955699 2.181198 1.945559 1.841092 1.127031 1.839025 1.487261 
2.020457 2.229671 1.985826 1.855233 1.165249 1.930830 1.547840 
2.109372 2.326305 2.053486 1.871572 1.193924 1.940270 1.572616 
2.151765 2.365068 2.155823 1.910925 1.216189 1.917681 1.661131 
2.184600 2.506548 2.189727 1.965058 1.257562 2.050923 1.721865 
2.274719 2.526948 2.277830 2.016990 1.369094 2.104844 1.773554 
2.326884 2.559303 2.232687 2.082951 1.357452 2.075596 1.830164 
2.376518 2.677612 2.317470 2.149578 1.403142 2.081604 1.871764 
2.440893 2.756020 2.416007 2.165185 1.471491 2.145370 1.906077 
2.558140 2.877454 2.500554 2.191705 1.511806 2.297731 1.953234 
2.625362 2.987261 2.562519 2.218060 1.504653 2.330264 2.017773 
2.665121 3.106449 2.607088 2.304875 1.556154 2.398734 2.076214 
2.742196 3.151706 2.702952 2.374785 1.600051 2.564472 2.133235 
2.823291 3.242073 2.729268 2.498826 1.618300 2.614523 2.177698 
2.886933 3.236895 2.848686 2.569627 1.611548 2.649281 2.250765 
3.012992 3.285608 2.891801 2.669193 1.608960 2.804771 2.280631 
3.104944 3.334821 3.014004 2.780451 1.678097 2.954039 2.342147 
3.173197 3.380257 3.089617 2.865414 1.723452 3.055137 2.396743 
3.274657 3.410980 3.177651 2.901389 1.708014 3.198072 2.459562 
3.359580 3.450512 3.194131 2.951039 1.713828 3.148839 2.517601 
3.396128 3.500372 3.316892 3.008890 1.778439 3.051110 2.564476 
3.493490 3.508465 3.425079 3.062234 1.800146 3.110991 2.604641 
3.519538 3.541930 3.513802 3.019987 1.842751 3.087326 2.647158 
3.582185 3.590268 3.633284 3.044293 1.873959 3.187599 2.690764 
3.618673 3.663993 3.644249 3.038091 1.922556 3.318228 2.727512 
3.611155 3.731183 3.712449 3.100812 1.942152 3.393323 2.772790 
3.626087 3.792216 3.791589 3.106969 2.018355 3.428384 2.808175 
3.768897 3.819765 3.854532 3.131320 2.042120 3.581352 2.875097 
3.859604 3.893235 3.879750 3.186809 2.114338 3.599658 2.925636 
3.916581 3.914925 3.982693 3.151898 2.179848 3.754923 2.995610 
3.962040 3.957144 3.995311 3.217597 2.140325 3.910109 3.077320 
4.024336 3.983215 4.063739 3.126851 2.134783 3.991007 3.150752 
4.137779 4.061947 4.117654 3.265297 2.209045 4.027459 3.214940 
4.188539 4.129172 4.163794 3.298312 2.280451 4.170941 3.241201 
4.283489 4.238749 4.237539 3.341384 2.352074 4.202264 3.285087 
4.338162 4.324542 4.297899 3.330575 2.392819 4.207040 3.339165 
4.433132 4.441629 4.410452 3.346769 2.377671 4.281429 3.394981 
4.460885 4.505660 4.474509 3.362531 2.432895 4.291937 3.440628 
4.448382 4.579391 4.521437 3.438804 2.430673 4.312169 3.490605 
4.459900 4.649123 4.524008 3.490247 2.455094 4.363376 3.508713 
4.571290 4.693858 4.617121 3.472587 2.504892 4.515603 3.531569 
4.569263 4.796665 4.676533 3.563512 2.533402 4.612357 3.583856 
4.563715 4.881179 4.716806 3.619115 2.565452 4.817125 3.655440 
4.584310 4.874780 4.753819 3.593286 2.590635 4.799906 3.721855 
4.597757 4.873706 4.808370 3.591205 2.612821 4.891463 3.755885 
4.691030 4.885370 4.872370 3.646921 2.657207 5.001089 3.800678 
4.710375 4.885509 4.872465 3.686635 2.649368 5.001430 3.863671 
4.718011 4.977504 4.993536 3.747060 2.613870 4.989694 3.912811 
NaN NaN NaN NaN NaN NaN NaN 
NaN NaN NaN NaN NaN NaN NaN 
NaN NaN NaN NaN NaN NaN NaN 
NaN NaN NaN NaN NaN NaN NaN 
