NaN NaN NaN NaN NaN NaN NaN 
NaN NaN NaN NaN NaN NaN NaN 
NaN NaN NaN NaN NaN NaN NaN 
NaN NaN NaN NaN NaN NaN NaN 
NaN NaN NaN NaN NaN NaN NaN 
-0.687580 -1.176183 -0.518222 -0.989080 -0.915227 -1.086986 -1.155470 
-0.699511 -1.184343 -0.531670 -1.010236 -0.830048 -1.079124 -1.139067 
-0.727417 -1.190596 -0.550440 -1.008386 -0.810471 -1.081337 -1.130152 
-0.729157 -1.208587 -0.560618 -1.042264 -0.791577 -1.077100 -1.113413 
-0.747062 -1.235481 -0.572710 -1.070195 -0.793135 -1.073435 -1.109004 
-0.803528 -1.267593 -0.605954 -1.102324 -0.811064 -1.074155 -1.102323 
-0.843722 -1.309251 -0.637447 -1.184724 -0.832843 -1.070256 -1.109193 
-0.882706 -1.343598 -0.695268 -1.225586 -0.864562 -1.095698 -1.110223 
-0.892310 -1.361744 -0.733231 -1.275964 -0.871216 -1.100638 -1.110512 
-0.900451 -1.396500 -0.774970 -1.350868 -0.885499 -1.107927 -1.116493 
-0.921948 -1.448756 -0.818833 -1.401699 -0.934028 -1.111923 -1.136401 
-0.944502 -1.483463 -0.859422 -1.444185 -0.968900 -1.122130 -1.148477 
-0.941839 -1.502240 -0.898193 -1.496287 -0.971975 -1.109297 -1.143013 
-0.956806 -1.517940 -0.934656 -1.507018 -0.972403 -1.093066 -1.132594 
-0.939405 -1.514033 -0.949634 -1.518246 -0.969378 -1.073785 -1.112908 
-0.888415 -1.488398 -0.937350 -1.506110 -0.946633 -1.042669 -1.089500 
-0.870241 -1.474841 -0.941867 -1.487865 -0.932695 -1.024932 -1.071784 
-0.853572 -1.441312 -0.921142 -1.478016 -0.901222 -0.991291 -1.057657 
-0.837240 -1.423179 -0.911515 -1.476595 -0.881191 -0.950530 -1.036164 
-0.819765 -1.388363 -0.882098 -1.443140 -0.843385 -0.904755 -1.002325 
-0.780582 -1.330954 -0.847446 -1.399231 -0.788943 -0.866065 -0.952968 
-0.742127 -1.269049 -0.818031 -1.337263 -0.755431 -0.823907 -0.906438 
-0.708195 -1.220332 -0.778148 -1.268316 -0.720316 -0.789318 -0.869186 
-0.697863 -1.199352 -0.750772 -1.240694 -0.708353 -0.793689 -0.857352 
-0.716951 -1.205667 -0.779200 -1.268125 -0.750583 -0.814802 -0.879251 
-0.707584 -1.188600 -0.778449 -1.269916 -0.776433 -0.829802 -0.880541 
-0.681532 -1.150545 -0.750467 -1.246101 -0.745365 -0.799598 -0.849854 
-0.642211 -1.122539 -0.718229 -1.233523 -0.712237 -0.764078 -0.816297 
-0.615232 -1.086115 -0.693492 -1.202041 -0.687383 -0.754584 -0.787005 
-0.594985 -1.054684 -0.675819 -1.176282 -0.675931 -0.730110 -0.766107 
-0.567747 -1.022973 -0.656104 -1.132382 -0.644191 -0.696034 -0.731781 
-0.542042 -0.980372 -0.633451 -1.116343 -0.605207 -0.666685 -0.697330 
-0.544362 -0.954418 -0.613889 -1.108029 -0.587871 -0.638269 -0.675661 
-0.563630 -0.966326 -0.640867 -1.131139 -0.619150 -0.631783 -0.685025 
-0.550888 -0.921469 -0.593824 -1.084921 -0.594820 -0.601432 -0.646520 
-0.530297 -0.899599 -0.565707 -1.060624 -0.540409 -0.558720 -0.606818 
-0.497137 -0.863333 -0.545382 -1.020735 -0.508257 -0.542086 -0.574638 
-0.483084 -0.821121 -0.528553 -0.960071 -0.490627 -0.509603 -0.543635 
-0.465574 -0.783143 -0.503406 -0.896956 -0.477820 -0.482134 -0.512285 
-0.443110 -0.731347 -0.463410 -0.841776 -0.446818 -0.460406 -0.479537 
-0.421777 -0.679717 -0.439032 -0.817099 -0.421129 -0.442170 -0.456119 
-0.419824 -0.637482 -0.417726 -0.740365 -0.382378 -0.423602 -0.432082 
-0.377276 -0.573955 -0.395924 -0.677753 -0.344863 -0.396614 -0.396703 
-0.295520 -0.455385 -0.293817 -0.551944 -0.232359 -0.284342 -0.301257 
-0.225228 -0.362782 -0.221985 -0.435687 -0.128783 -0.202051 -0.211963 
-0.194107 -0.256135 -0.168478 -0.318502 -0.081414 -0.158382 -0.144889 
-0.154123 -0.171417 -0.119216 -0.212338 -0.045588 -0.098577 -0.093036 
-0.120372 -0.090730 -0.073869 -0.135572 -0.005246 -0.066955 -0.041547 
-0.092085 -0.021008 -0.025024 -0.059733 0.040391 -0.026445 -0.002429 
-0.050995 0.032461 0.003224 0.022029 0.057042 0.002695 0.033721 
-0.010523 0.091651 0.051660 0.113439 0.074409 0.046902 0.063326 
0.046579 0.138290 0.100466 0.162683 0.084191 0.090156 0.097074 
0.092953 0.186287 0.138601 0.221448 0.100130 0.128787 0.131090 
0.151963 0.246503 0.162329 0.302158 0.112240 0.150331 0.158507 
0.203995 0.301156 0.192775 0.373744 0.133021 0.189711 0.183058 
0.266508 0.340349 0.229351 0.442174 0.157448 0.233840 0.216873 
0.317376 0.392612 0.261760 0.485490 0.188657 0.257091 0.250176 
0.368001 0.448359 0.300856 0.549934 0.210725 0.303303 0.276701 
0.435892 0.508653 0.335613 0.602252 0.220669 0.332151 0.313441 
0.478562 0.562289 0.378435 0.673641 0.262834 0.364171 0.356057 
0.555639 0.605734 0.411947 0.750005 0.279715 0.386104 0.403142 
0.615089 0.656264 0.455558 0.824463 0.306943 0.432371 0.440063 
0.660801 0.696429 0.499173 0.906535 0.334478 0.455612 0.479129 
0.705281 0.743098 0.543821 0.982696 0.356673 0.490700 0.515907 
0.765135 0.799746 0.589945 1.053472 0.374078 0.519175 0.553207 
0.831124 0.862975 0.646681 1.116811 0.394171 0.550291 0.583187 
0.884621 0.920026 0.705470 1.203708 0.404710 0.593301 0.631880 
0.959532 0.976728 0.747367 1.255880 0.413438 0.611525 0.672403 
1.032589 1.031103 0.784689 1.329878 0.448766 0.667601 0.713764 
1.120541 1.089860 0.816116 1.402062 0.495083 0.724651 0.759355 
1.152542 1.157920 0.864746 1.453068 0.542209 0.769610 0.794920 
1.201558 1.238889 0.906906 1.514551 0.574217 0.814503 0.833113 
1.254717 1.326254 0.943492 1.576612 0.600070 0.869028 0.873704 
1.325167 1.397118 0.969178 1.608839 0.634070 0.913749 0.916584 
1.394361 1.467153 0.998144 1.666638 0.673552 0.954749 0.953564 
1.468355 1.523568 1.042436 1.736827 0.706942 1.008787 1.000495 
1.529634 1.585085 1.089878 1.793463 0.746595 1.044344 1.032404 
1.583450 1.651083 1.147511 1.887666 0.786862 1.092245 1.075580 
1.643084 1.720697 1.213754 1.956564 0.828115 1.128506 1.116933 
1.701906 1.796362 1.278183 2.023530 0.842550 1.163752 1.164227 
1.775969 1.875342 1.329867 2.094414 0.867631 1.224601 1.226834 
1.846515 1.929662 1.382745 2.184069 0.900030 1.255161 1.286997 
1.914888 1.992367 1.454051 2.278596 0.958378 1.291760 1.344866 
1.991104 2.055112 1.530702 2.381150 0.997072 1.316649 1.397416 
2.062106 2.124342 1.608628 2.468747 1.032159 1.360722 1.459651 
2.107889 2.204209 1.655796 2.557455 1.097714 1.407694 1.511337 
2.192891 2.279288 1.702179 2.654475 1.151181 1.474641 1.568078 
2.272076 2.349971 1.768383 2.754978 1.211346 1.533074 1.624152 
2.335145 2.425160 1.823227 2.836771 1.238466 1.577276 1.686630 
2.417468 2.508245 1.898750 2.922429 1.287942 1.642223 1.742080 
2.479009 2.576513 1.957907 3.027790 1.345584 1.699307 1.800350 
2.554386 2.659753 2.012645 3.123715 1.400163 1.749319 1.860382 
2.643349 2.730671 2.083502 3.214051 1.435784 1.809908 1.919362 
2.714139 2.810084 2.147994 3.312045 1.488562 1.883304 1.986709 
2.793696 2.899498 2.205476 3.402905 1.533123 1.943431 2.049643 
2.884168 2.976715 2.269937 3.493492 1.546673 2.000316 2.121722 
2.964371 3.065133 2.349425 3.585523 1.591311 2.062646 2.183078 
3.053110 3.139545 2.410920 3.689143 1.646793 2.129196 2.252755 
3.127504 3.217771 2.489866 3.781900 1.710379 2.192001 2.314904 
3.198742 3.295319 2.549414 3.893017 1.760967 2.249517 2.375648 
3.287877 3.380651 2.627369 3.974554 1.814337 2.299516 2.431830 
3.380643 3.460948 2.712718 4.057926 1.861869 2.383304 2.494332 
3.469897 3.554304 2.784934 4.139435 1.901282 2.470008 2.561785 
3.559919 3.645812 2.867947 4.214936 1.940808 2.539641 2.631483 
3.634657 3.719579 2.944195 4.308358 1.999648 2.601422 2.703009 
3.716944 3.807077 3.026103 4.388766 2.071349 2.678407 2.764816 
3.800358 3.890462 3.107064 4.484848 2.116280 2.750485 2.847120 
3.866134 3.973175 3.194941 4.549939 2.161767 2.827021 2.922674 
3.964738 4.045749 3.271939 4.656354 2.228698 2.926617 2.997566 
4.046518 4.120694 3.348267 4.747800 2.286440 3.004198 3.070225 
4.135881 4.187573 3.429196 4.833735 2.335737 3.079324 3.143152 
4.218409 4.263478 3.503149 4.903914 2.387016 3.144887 3.212164 
4.300460 4.331332 3.571070 4.998658 2.449150 3.195150 3.280264 
4.387147 4.411351 3.649793 5.092244 2.526511 3.256139 3.338112 
4.482310 4.481021 3.735028 5.173629 2.577557 3.345164 3.403626 
4.558717 4.558339 3.810956 5.246503 2.621207 3.414609 3.468909 
4.635127 4.635901 3.879024 5.328729 2.683749 3.468603 3.531966 
4.726569 4.715345 3.948855 5.419825 2.719873 3.536936 3.596712 
4.805130 4.801505 4.031250 5.502476 2.750467 3.587976 3.666442 
4.900947 4.877253 4.114344 5.591343 2.799619 3.647200 3.736483 
4.981384 4.958849 4.195234 5.690282 2.850439 3.742199 3.805061 
5.060817 5.038332 4.271995 5.784441 2.899588 3.803287 3.873416 
5.130202 5.112495 4.367238 5.869337 2.948932 3.890219 3.940215 
5.200798 5.180818 4.445291 5.951614 2.983900 3.964508 4.015443 
5.270964 5.261263 4.528944 6.027265 3.030834 4.042980 4.079480 
5.351699 5.325905 4.621660 6.134753 3.088226 4.121206 4.151702 
5.426610 5.400798 4.707576 6.224987 3.136612 4.221059 4.220724 
5.505923 5.492170 4.793030 6.291341 3.192233 4.296832 4.289513 
5.572333 5.576563 4.871432 6.369307 3.235709 4.365816 4.357664 
5.627016 5.665531 4.963940 6.430925 3.278082 4.432215 4.425266 
5.685354 5.750642 5.041839 6.523805 3.323786 4.467623 4.492568 
5.750651 5.835548 5.131058 6.613295 3.368845 4.549671 4.562459 
5.825492 5.917988 5.210763 6.694241 3.416576 4.633880 4.636748 
5.900185 6.002873 5.295073 6.779152 3.457270 4.728522 4.711855 
5.956156 6.084365 5.368869 6.875562 3.491935 4.803381 4.790767 
6.030814 6.163371 5.447529 6.960274 3.540146 4.860842 4.858230 
6.094979 6.245046 5.535871 7.032751 3.594165 4.923492 4.920350 
6.156876 6.316899 5.615547 7.127576 3.641585 5.010884 4.993557 
6.219644 6.387692 5.695940 7.226391 3.695727 5.089501 5.063437 
6.293879 6.464133 5.780980 7.323350 3.729198 5.152747 5.138546 
6.373551 6.538309 5.864620 7.401060 3.762271 5.236612 5.207515 
NaN NaN NaN NaN NaN NaN NaN 
NaN NaN NaN NaN NaN NaN NaN 
NaN NaN NaN NaN NaN NaN NaN 
NaN NaN NaN NaN NaN NaN NaN 
