NaN NaN NaN NaN NaN NaN NaN NaN NaN NaN NaN NaN NaN NaN NaN NaN NaN NaN NaN NaN NaN 
NaN NaN NaN NaN NaN NaN NaN NaN NaN NaN NaN NaN NaN NaN NaN NaN NaN NaN NaN NaN NaN 
NaN NaN NaN NaN NaN NaN NaN NaN NaN NaN NaN NaN NaN NaN NaN NaN NaN NaN NaN NaN NaN 
NaN NaN NaN NaN NaN NaN NaN NaN NaN NaN NaN NaN NaN NaN NaN NaN NaN NaN NaN NaN NaN 
NaN NaN NaN NaN NaN NaN NaN NaN NaN NaN NaN NaN NaN NaN NaN NaN NaN NaN NaN NaN NaN 
NaN NaN NaN NaN NaN NaN NaN NaN NaN NaN NaN NaN NaN NaN NaN NaN NaN NaN NaN NaN NaN 
-0.971954 -1.320853 -1.692207 -0.268877 -2.676168 -2.021340 -0.133199 -1.209261 -1.866643 -2.879788 0.096462 0.322107 -0.971249 -0.690643 -1.616338 -1.212002 -1.969776 -0.179142 -0.482672 -0.819930 -1.538053 
-0.991396 -1.251914 -1.662886 -0.294668 -2.525793 -2.067192 -0.230329 -1.327069 -1.890352 -2.748496 -0.061941 0.301541 -0.879771 -0.732186 -1.570631 -1.201280 -1.883201 -0.260962 -0.454023 -0.877890 -1.529376 
-1.008684 -1.186331 -1.633017 -0.318921 -2.382000 -2.105596 -0.321323 -1.435486 -1.909560 -2.622408 -0.209550 0.280878 -0.794165 -0.770256 -1.526409 -1.190064 -1.800597 -0.337386 -0.427125 -0.930415 -1.519824 
-1.023852 -1.123983 -1.602625 -0.341649 -2.244595 -2.136846 -0.406324 -1.534767 -1.924411 -2.501358 -0.346685 0.260174 -0.714209 -0.804938 -1.483599 -1.178345 -1.721808 -0.408549 -0.401904 -0.977678 -1.509389 
-1.036934 -1.064748 -1.571734 -0.362868 -2.113388 -2.161234 -0.485478 -1.625162 -1.935049 -2.385184 -0.473662 0.239483 -0.639688 -0.836314 -1.442129 -1.166114 -1.646676 -0.474583 -0.378290 -1.019853 -1.498064 
-1.047966 -1.008509 -1.540367 -0.382592 -1.988193 -2.179044 -0.558923 -1.706918 -1.941615 -2.273726 -0.590795 0.218857 -0.570386 -0.864467 -1.401929 -1.153361 -1.575048 -0.535618 -0.356212 -1.057110 -1.485843 
-1.056979 -0.955147 -1.508547 -0.400834 -1.868824 -2.190558 -0.626802 -1.780281 -1.944248 -2.166825 -0.698391 0.198347 -0.506092 -0.889480 -1.362928 -1.140078 -1.506772 -0.591785 -0.335602 -1.089617 -1.472719 
-1.064010 -0.904548 -1.476298 -0.417610 -1.755099 -2.196053 -0.689251 -1.845492 -1.943084 -2.064324 -0.796753 0.178005 -0.446599 -0.911433 -1.325057 -1.126258 -1.441699 -0.643212 -0.316391 -1.117538 -1.458686 
-1.069089 -0.856598 -1.443642 -0.432933 -1.646835 -2.195800 -0.746406 -1.902788 -1.938259 -1.966070 -0.886180 0.157879 -0.391702 -0.930405 -1.288251 -1.111891 -1.379684 -0.690025 -0.298512 -1.141037 -1.443738 
-1.072252 -0.811185 -1.410601 -0.446819 -1.543856 -2.190066 -0.798404 -1.952407 -1.929905 -1.871912 -0.966969 0.138018 -0.341199 -0.946475 -1.252440 -1.096970 -1.320582 -0.732349 -0.281897 -1.160274 -1.427868 
-1.073532 -0.768198 -1.377197 -0.459282 -1.445986 -2.179114 -0.845376 -1.994578 -1.918152 -1.781698 -1.039409 0.118470 -0.294894 -0.959721 -1.217560 -1.081487 -1.264251 -0.770307 -0.266483 -1.175407 -1.411070 
-1.072961 -0.727530 -1.343452 -0.470337 -1.353049 -2.163201 -0.887453 -2.029533 -1.903128 -1.695282 -1.103787 0.099281 -0.252591 -0.970219 -1.183546 -1.065436 -1.210554 -0.804021 -0.252204 -1.186591 -1.393340 
-1.070571 -0.689074 -1.309385 -0.479997 -1.264876 -2.142580 -0.924767 -2.057497 -1.884961 -1.612519 -1.160384 0.080495 -0.214098 -0.978045 -1.150334 -1.048809 -1.159353 -0.833611 -0.238996 -1.193979 -1.374670 
-1.066397 -0.652723 -1.275019 -0.488279 -1.181297 -2.117498 -0.957443 -2.078693 -1.863775 -1.533264 -1.209480 0.062158 -0.179228 -0.983273 -1.117862 -1.031599 -1.110514 -0.859196 -0.226797 -1.197723 -1.355057 
-1.060470 -0.618376 -1.240372 -0.495197 -1.102145 -2.088200 -0.985610 -2.093341 -1.839691 -1.457378 -1.251346 0.044313 -0.147795 -0.985977 -1.086068 -1.013801 -1.063905 -0.880893 -0.215545 -1.197969 -1.334495 
-1.052822 -0.585931 -1.205465 -0.500765 -1.027255 -2.054924 -1.009390 -2.101658 -1.812830 -1.384722 -1.286253 0.027000 -0.119618 -0.986229 -1.054890 -0.995408 -1.019398 -0.898818 -0.205178 -1.194864 -1.312978 
-1.043486 -0.555286 -1.170318 -0.505000 -0.956466 -2.017903 -1.028908 -2.103858 -1.783309 -1.315158 -1.314465 0.010263 -0.094518 -0.984101 -1.024270 -0.976414 -0.976866 -0.913084 -0.195638 -1.188551 -1.290503 
-1.032494 -0.526345 -1.134948 -0.507915 -0.889617 -1.977367 -1.044285 -2.100151 -1.751245 -1.248553 -1.336242 -0.005860 -0.072320 -0.979663 -0.994148 -0.956813 -0.936185 -0.923803 -0.186864 -1.179170 -1.267063 
-1.019877 -0.499010 -1.099376 -0.509526 -0.826551 -1.933541 -1.055639 -2.090745 -1.716752 -1.184773 -1.351842 -0.021329 -0.052852 -0.972985 -0.964468 -0.936601 -0.897233 -0.931088 -0.178799 -1.166861 -1.242655 
-1.005666 -0.473188 -1.063619 -0.509848 -0.767112 -1.886643 -1.063089 -2.075844 -1.679940 -1.123690 -1.361515 -0.036107 -0.035944 -0.964134 -0.935171 -0.915772 -0.859890 -0.935046 -0.171386 -1.151758 -1.217275 
-0.989894 -0.448783 -1.027695 -0.508896 -0.711148 -1.836890 -1.066751 -2.055650 -1.640921 -1.065175 -1.365509 -0.050157 -0.021433 -0.953179 -0.906203 -0.894322 -0.824040 -0.935787 -0.164567 -1.133996 -1.190918 
-0.972592 -0.425706 -0.991621 -0.506686 -0.658507 -1.784490 -1.066740 -2.030362 -1.599800 -1.009102 -1.364069 -0.063442 -0.009154 -0.940186 -0.877508 -0.872245 -0.789569 -0.933416 -0.158289 -1.113704 -1.163580 
-0.953789 -0.403867 -0.955415 -0.503232 -0.609042 -1.729650 -1.063168 -2.000175 -1.556685 -0.955348 -1.357432 -0.075929 0.001050 -0.925220 -0.849034 -0.849539 -0.756365 -0.928037 -0.152495 -1.091013 -1.135257 
-0.933518 -0.383177 -0.919093 -0.498551 -0.562606 -1.672571 -1.056146 -1.965280 -1.511677 -0.903791 -1.345833 -0.087583 0.009335 -0.908345 -0.820727 -0.826198 -0.724318 -0.919754 -0.147134 -1.066047 -1.105946 
-0.911809 -0.363550 -0.882672 -0.492657 -0.519054 -1.613448 -1.045785 -1.925868 -1.464879 -0.854313 -1.329503 -0.098372 0.015855 -0.889624 -0.792535 -0.802220 -0.693321 -0.908669 -0.142151 -1.038930 -1.075644 
-0.888693 -0.344902 -0.846167 -0.485566 -0.478247 -1.552473 -1.032191 -1.882123 -1.416390 -0.806795 -1.308669 -0.108264 0.020758 -0.869120 -0.764408 -0.777600 -0.663271 -0.894881 -0.137496 -1.009784 -1.044346 
-0.864199 -0.327150 -0.809594 -0.477294 -0.440043 -1.489832 -1.015471 -1.834230 -1.366306 -0.761124 -1.283550 -0.117228 0.024190 -0.846894 -0.736297 -0.752336 -0.634064 -0.878489 -0.133117 -0.978727 -1.012050 
-0.838358 -0.310213 -0.772969 -0.467856 -0.404307 -1.425708 -0.995729 -1.782368 -1.314722 -0.717187 -1.254366 -0.125236 0.026295 -0.823007 -0.708152 -0.726425 -0.605602 -0.859590 -0.128965 -0.945875 -0.978752 
-0.811200 -0.294010 -0.736305 -0.457268 -0.370904 -1.360277 -0.973068 -1.726714 -1.261732 -0.674872 -1.221330 -0.132258 0.027211 -0.797517 -0.679925 -0.699864 -0.577788 -0.838279 -0.124991 -0.911343 -0.944451 
-0.782755 -0.278465 -0.699618 -0.445546 -0.339701 -1.293711 -0.947589 -1.667441 -1.207427 -0.634073 -1.184649 -0.138267 0.027075 -0.770482 -0.651571 -0.672651 -0.550526 -0.814650 -0.121147 -0.875241 -0.909143 
-0.753051 -0.263502 -0.662921 -0.432705 -0.310568 -1.226179 -0.919392 -1.604721 -1.151894 -0.594681 -1.144529 -0.143237 0.026020 -0.741960 -0.623043 -0.644784 -0.523725 -0.788795 -0.117385 -0.837678 -0.872825 
-0.722120 -0.249046 -0.626228 -0.418762 -0.283378 -1.157843 -0.888573 -1.538720 -1.095222 -0.556595 -1.101170 -0.147143 0.024176 -0.712007 -0.594297 -0.616261 -0.497295 -0.760805 -0.113660 -0.798762 -0.835497 
-0.689989 -0.235024 -0.589552 -0.403731 -0.258005 -1.088862 -0.855230 -1.469604 -1.037493 -0.519711 -1.054768 -0.149960 0.021669 -0.680678 -0.565289 -0.587081 -0.471149 -0.730769 -0.109926 -0.758595 -0.797154 
-0.656687 -0.221365 -0.552906 -0.387630 -0.234325 -1.019389 -0.819456 -1.397534 -0.978791 -0.483930 -1.005514 -0.151666 0.018623 -0.648027 -0.535976 -0.557242 -0.445202 -0.698774 -0.106139 -0.717280 -0.757796 
-0.622245 -0.208001 -0.516302 -0.370475 -0.212219 -0.949573 -0.781344 -1.322667 -0.919197 -0.449155 -0.953597 -0.152237 0.015158 -0.614107 -0.506317 -0.526744 -0.419372 -0.664907 -0.102255 -0.674916 -0.717421 
-0.586690 -0.194864 -0.479753 -0.352281 -0.191567 -0.879557 -0.740985 -1.245161 -0.858787 -0.415291 -0.899198 -0.151653 0.011390 -0.578970 -0.476271 -0.495586 -0.393580 -0.629252 -0.098233 -0.631598 -0.676026 
-0.550051 -0.181889 -0.443270 -0.333064 -0.172253 -0.809482 -0.698468 -1.165166 -0.797639 -0.382244 -0.842496 -0.149894 0.007433 -0.542667 -0.445799 -0.463768 -0.367747 -0.591892 -0.094030 -0.587423 -0.633612 
-0.512356 -0.169010 -0.406864 -0.312841 -0.154163 -0.739481 -0.653881 -1.082831 -0.735827 -0.349923 -0.783667 -0.146941 0.003397 -0.505248 -0.414860 -0.431289 -0.341799 -0.552909 -0.089605 -0.542480 -0.590175 
-0.473633 -0.156166 -0.370547 -0.291628 -0.137185 -0.669685 -0.607310 -0.998304 -0.673423 -0.318240 -0.722879 -0.142776 -0.000610 -0.466762 -0.383419 -0.398150 -0.315663 -0.512382 -0.084920 -0.496859 -0.545715 
-0.433911 -0.143296 -0.334328 -0.269441 -0.121210 -0.600218 -0.558839 -0.911726 -0.610496 -0.287108 -0.660299 -0.137382 -0.004485 -0.427257 -0.351438 -0.364351 -0.289270 -0.470389 -0.079935 -0.450648 -0.500232 
-0.393217 -0.130341 -0.298218 -0.246297 -0.106132 -0.531202 -0.508551 -0.823238 -0.547114 -0.256443 -0.596089 -0.130743 -0.008127 -0.386779 -0.318882 -0.329892 -0.262553 -0.427007 -0.074612 -0.403931 -0.453724 
-0.351579 -0.117244 -0.262227 -0.222213 -0.091844 -0.462750 -0.456526 -0.732976 -0.483343 -0.226162 -0.530405 -0.122844 -0.011439 -0.345376 -0.285715 -0.294776 -0.235445 -0.382311 -0.068915 -0.356789 -0.406191 
-0.309023 -0.103949 -0.226363 -0.197204 -0.078245 -0.394976 -0.402844 -0.641075 -0.419247 -0.196185 -0.463400 -0.113672 -0.014327 -0.303091 -0.251905 -0.259002 -0.207885 -0.336375 -0.062807 -0.309302 -0.357633 
-0.265579 -0.090403 -0.190636 -0.171287 -0.065234 -0.327984 -0.347582 -0.547664 -0.354888 -0.166436 -0.395223 -0.103214 -0.016700 -0.259968 -0.217419 -0.222574 -0.179813 -0.289271 -0.056253 -0.261548 -0.308048 
-0.221271 -0.076554 -0.155055 -0.144480 -0.052713 -0.261876 -0.290816 -0.452871 -0.290324 -0.136837 -0.326019 -0.091458 -0.018470 -0.216051 -0.182224 -0.185491 -0.151171 -0.241070 -0.049219 -0.213600 -0.257438 
-0.176129 -0.062350 -0.119627 -0.116798 -0.040588 -0.196749 -0.232620 -0.356822 -0.225614 -0.107315 -0.255926 -0.078395 -0.019554 -0.171380 -0.146291 -0.147757 -0.121904 -0.191839 -0.041672 -0.165531 -0.205802 
-0.130177 -0.047744 -0.084361 -0.088259 -0.028763 -0.132695 -0.173067 -0.259636 -0.160811 -0.077800 -0.185081 -0.064013 -0.019869 -0.125998 -0.109589 -0.109375 -0.091959 -0.141648 -0.033580 -0.117411 -0.153140 
-0.083443 -0.032688 -0.049263 -0.058879 -0.017150 -0.069801 -0.112227 -0.161433 -0.095971 -0.048221 -0.113615 -0.048305 -0.019339 -0.079943 -0.072090 -0.070345 -0.061286 -0.090561 -0.024910 -0.069306 -0.099452 
-0.035952 -0.017138 -0.014341 -0.028675 -0.005658 -0.008149 -0.050170 -0.062328 -0.031143 -0.018512 -0.041655 -0.031263 -0.017889 -0.033255 -0.033767 -0.030672 -0.029838 -0.038642 -0.015633 -0.021282 -0.044741 
0.012268 -0.001049 0.020399 0.002336 0.005799 0.052181 0.013038 0.037567 0.033623 0.011391 0.030676 -0.012881 -0.015446 0.014030 0.005408 0.009641 0.002432 0.014045 -0.005719 0.026599 0.010995 
0.061192 0.015620 0.054950 0.034137 0.017304 0.111119 0.077329 0.138144 0.098281 0.041553 0.103260 0.006846 -0.011944 0.061874 0.045460 0.050591 0.035565 0.067439 0.004861 0.074277 0.067754 
0.110793 0.032910 0.089307 0.066711 0.028940 0.168594 0.142641 0.239295 0.162785 0.072032 0.175983 0.027923 -0.007318 0.110242 0.086413 0.092175 0.069602 0.121481 0.016135 0.121695 0.125534 
0.161048 0.050858 0.123464 0.100040 0.040787 0.224544 0.208910 0.340918 0.227092 0.102887 0.248734 0.050353 -0.001505 0.159098 0.128292 0.134387 0.104581 0.176112 0.028129 0.168798 0.184335 
0.211929 0.069502 0.157416 0.134108 0.052920 0.278910 0.276077 0.442914 0.291163 0.134175 0.321409 0.074138 0.005553 0.208410 0.171119 0.177224 0.140538 0.231277 0.040869 0.215533 0.244155 
0.263412 0.088876 0.191158 0.168898 0.065417 0.331637 0.344082 0.545185 0.354959 0.165949 0.393907 0.099279 0.013910 0.258145 0.214915 0.220682 0.177504 0.286920 0.054380 0.261850 0.304993 
0.315472 0.109014 0.224687 0.204391 0.078348 0.382676 0.412867 0.647638 0.418442 0.198262 0.466129 0.125776 0.023618 0.308271 0.259701 0.264755 0.215512 0.342988 0.068687 0.307701 0.366847 
0.368083 0.129948 0.257998 0.240571 0.091784 0.431982 0.482378 0.750182 0.481580 0.231161 0.537985 0.153629 0.034727 0.358757 0.305497 0.309439 0.254588 0.399429 0.083812 0.353042 0.429714 
0.421222 0.151707 0.291087 0.277420 0.105794 0.479516 0.552559 0.852729 0.544338 0.264696 0.609385 0.182835 0.047281 0.409575 0.352322 0.354727 0.294758 0.456192 0.099778 0.397830 0.493593 
0.474862 0.174319 0.323953 0.314921 0.120443 0.525241 0.623360 0.955196 0.606688 0.298912 0.680246 0.213392 0.061323 0.460695 0.400192 0.400615 0.336045 0.513230 0.116606 0.442023 0.558481 
0.528981 0.197811 0.356591 0.353056 0.135795 0.569129 0.694728 1.057501 0.668601 0.333850 0.750487 0.245294 0.076891 0.512091 0.449126 0.447096 0.378470 0.570494 0.134316 0.485586 0.624376 
0.583553 0.222208 0.388999 0.391807 0.151910 0.611152 0.766616 1.159565 0.730051 0.369553 0.820035 0.278538 0.094021 0.563735 0.499138 0.494165 0.422052 0.627940 0.152928 0.528481 0.691276 
0.638556 0.247533 0.421176 0.431158 0.168848 0.651290 0.838976 1.261314 0.791014 0.406058 0.888817 0.313116 0.112745 0.615603 0.550242 0.541814 0.466804 0.685522 0.172461 0.570676 0.759177 
0.693964 0.273807 0.453120 0.471090 0.186665 0.689526 0.911763 1.362675 0.851469 0.443403 0.956766 0.349021 0.133093 0.667669 0.602454 0.590037 0.512742 0.743199 0.192931 0.612141 0.828077 
0.749755 0.301049 0.484830 0.511585 0.205416 0.725850 0.984931 1.463579 0.911395 0.481621 1.023822 0.386246 0.155091 0.719911 0.655784 0.638827 0.559875 0.800930 0.214356 0.652848 0.897972 
0.805904 0.329278 0.516305 0.552626 0.225152 0.760253 1.058441 1.563961 0.970775 0.520746 1.089924 0.424781 0.178760 0.772306 0.710246 0.688176 0.608212 0.858675 0.236751 0.692771 0.968859 
0.862389 0.358509 0.547545 0.594194 0.245924 0.792734 1.132250 1.663756 1.029593 0.560806 1.155020 0.464614 0.204120 0.824833 0.765848 0.738078 0.657759 0.916396 0.260132 0.731887 1.040735 
0.919187 0.388758 0.578549 0.636272 0.267777 0.823296 1.206320 1.762906 1.087837 0.601830 1.219060 0.505736 0.231188 0.877471 0.822602 0.788524 0.708518 0.974058 0.284512 0.770175 1.113595 
0.976274 0.420037 0.609318 0.678842 0.290759 0.851945 1.280614 1.861354 1.145493 0.643843 1.281999 0.548133 0.259977 0.930201 0.880516 0.839506 0.760492 1.031624 0.309904 0.807617 1.187437 
1.033627 0.452358 0.639852 0.721885 0.314910 0.878694 1.355096 1.959046 1.202554 0.686869 1.343796 0.591791 0.290495 0.983005 0.939597 0.891016 0.813677 1.089063 0.336320 0.844197 1.262256 
1.091225 0.485728 0.670154 0.765384 0.340273 0.903560 1.429732 2.055932 1.259012 0.730929 1.404415 0.636697 0.322750 1.035866 0.999851 0.943045 0.868071 1.146342 0.363772 0.879903 1.338048 
1.149045 0.520157 0.700224 0.809320 0.366884 0.926563 1.504491 2.151964 1.314862 0.776043 1.463822 0.682834 0.356744 1.088767 1.061286 0.995584 0.923666 1.203432 0.392269 0.914722 1.414809 
1.207064 0.555650 0.730064 0.853675 0.394781 0.947732 1.579342 2.247097 1.370100 0.822226 1.521991 0.730185 0.392477 1.141693 1.123904 1.048623 0.980454 1.260303 0.421821 0.948647 1.492533 
1.265261 0.592211 0.759677 0.898431 0.423995 0.967095 1.654256 2.341291 1.424726 0.869494 1.578897 0.778733 0.429947 1.194630 1.187710 1.102154 1.038422 1.316929 0.452437 0.981671 1.571218 
1.323613 0.629844 0.789065 0.943569 0.454560 0.984690 1.729206 2.434507 1.478742 0.917860 1.634521 0.828460 0.469146 1.247565 1.252706 1.156167 1.097558 1.373285 0.484123 1.013792 1.650857 
1.382099 0.668548 0.818232 0.989071 0.486503 1.000556 1.804167 2.526710 1.532149 0.967333 1.688849 0.879344 0.510064 1.300485 1.318894 1.210651 1.157845 1.429346 0.516887 1.045008 1.731445 
1.440698 0.708322 0.847180 1.034918 0.519852 1.014738 1.879114 2.617868 1.584955 1.017922 1.741869 0.931366 0.552689 1.353380 1.386275 1.265597 1.219264 1.485090 0.550734 1.075320 1.812978 
1.499388 0.749165 0.875914 1.081092 0.554631 1.027287 1.954027 2.707951 1.637165 1.069634 1.793574 0.984503 0.597003 1.406240 1.454847 1.320993 1.281793 1.540497 0.585669 1.104732 1.895451 
1.558147 0.791072 0.904438 1.127574 0.590862 1.038258 2.028884 2.796935 1.688790 1.122471 1.843964 1.038732 0.642988 1.459054 1.524611 1.376829 1.345409 1.595547 0.621695 1.133251 1.978856 
1.616956 0.834037 0.932756 1.174345 0.628565 1.047708 2.103667 2.884795 1.739840 1.176436 1.893039 1.094029 0.690621 1.511816 1.595562 1.433094 1.410085 1.650222 0.658815 1.160885 2.063190 
1.675793 0.878052 0.960875 1.221387 0.667756 1.055704 2.178359 2.971513 1.790331 1.231528 1.940807 1.150368 0.739875 1.564519 1.667699 1.489775 1.475793 1.704507 0.697032 1.187646 2.148446 
1.734638 0.923108 0.988798 1.268681 0.708453 1.062312 2.252945 3.057071 1.840278 1.287745 1.987279 1.207725 0.790722 1.617155 1.741015 1.546863 1.542502 1.758387 0.736346 1.213547 2.234617 
1.793470 0.969193 1.016532 1.316208 0.750667 1.067608 2.327410 3.141456 1.889697 1.345081 2.032468 1.266071 0.843128 1.669721 1.815507 1.604344 1.610177 1.811849 0.776758 1.238604 2.321699 
1.852269 1.016295 1.044083 1.363949 0.794409 1.071669 2.401744 3.224657 1.938611 1.403530 2.076396 1.325378 0.897057 1.722212 1.891168 1.662206 1.678783 1.864882 0.818266 1.262835 2.409684 
1.911015 1.064399 1.071457 1.411886 0.839687 1.074578 2.475935 3.306668 1.987039 1.463083 2.119085 1.385617 0.952472 1.774626 1.967989 1.720437 1.748281 1.917474 0.860869 1.286263 2.498566 
1.969688 1.113489 1.098663 1.459998 0.886508 1.076422 2.549975 3.387483 2.035008 1.523727 2.160564 1.446757 1.009328 1.826960 2.045963 1.779024 1.818631 1.969620 0.904565 1.308909 2.588338 
2.028268 1.163547 1.125706 1.508267 0.934875 1.077296 2.623858 3.467101 2.082542 1.585450 2.200864 1.508768 1.067581 1.879214 2.125081 1.837955 1.889788 2.021310 0.949349 1.330800 2.678993 
2.086736 1.214554 1.152594 1.556674 0.984789 1.077294 2.697578 3.545525 2.129671 1.648236 2.240024 1.571616 1.127183 1.931387 2.205331 1.897215 1.961706 2.072541 0.995217 1.351965 2.770525 
2.145073 1.266487 1.179337 1.605200 1.036250 1.076520 2.771131 3.622758 2.176424 1.712067 2.278082 1.635267 1.188079 1.983481 2.286703 1.956791 2.034337 2.123309 1.042164 1.372434 2.862925 
2.203258 1.319324 1.205941 1.653824 1.089255 1.075081 2.844515 3.698809 2.222834 1.776923 2.315086 1.699688 1.250217 2.035498 2.369183 2.016669 2.107631 2.173610 1.090184 1.392240 2.956188 
2.261275 1.373039 1.232417 1.702529 1.143797 1.073086 2.917731 3.773689 2.268936 1.842782 2.351083 1.764843 1.313536 2.087441 2.452760 2.076835 2.181533 2.223446 1.139268 1.411419 3.050304 
2.319102 1.427608 1.258774 1.751294 1.199871 1.070653 2.990780 3.847413 2.314767 1.909618 2.386129 1.830694 1.377975 2.139315 2.537417 2.137275 2.255988 2.272817 1.189409 1.430009 3.145267 
2.376723 1.483000 1.285020 1.800101 1.257464 1.067903 3.063665 3.919996 2.360364 1.977407 2.420281 1.897205 1.443469 2.191125 2.623140 2.197974 2.330938 2.321725 1.240598 1.448051 3.241068 
2.434118 1.539186 1.311167 1.848928 1.316565 1.064960 3.136391 3.991459 2.405770 2.046118 2.453602 1.964336 1.509950 2.242876 2.709913 2.258916 2.406321 2.370174 1.292825 1.465588 3.337699 
2.491269 1.596135 1.337224 1.897758 1.377160 1.061956 3.208965 4.061827 2.451026 2.115721 2.486159 2.032048 1.577346 2.294576 2.797717 2.320088 2.482075 2.418171 1.346079 1.482665 3.435153 
2.548158 1.653814 1.363203 1.946570 1.439230 1.059025 3.281394 4.131124 2.496179 2.186183 2.518022 2.100299 1.645582 2.346235 2.886534 2.381472 2.558133 2.465722 1.400348 1.499330 3.533420 
2.604768 1.712186 1.389114 1.995345 1.502758 1.056307 3.353689 4.199382 2.541275 2.257468 2.549268 2.169048 1.714580 2.397860 2.976345 2.443054 2.634428 2.512836 1.455618 1.515634 3.632493 
2.661079 1.771215 1.414970 2.044062 1.567722 1.053947 3.425861 4.266631 2.586363 2.329540 2.579975 2.238251 1.784260 2.449462 3.067130 2.504817 2.710888 2.559523 1.511877 1.531629 3.732362 
2.717076 1.830864 1.440782 2.092702 1.634097 1.052093 3.497923 4.332909 2.631495 2.402357 2.610228 2.307865 1.854535 2.501052 3.158867 2.566745 2.787442 2.605796 1.569110 1.547371 3.833018 
2.772740 1.891091 1.466563 2.141246 1.701858 1.050900 3.569891 4.398253 2.676724 2.475879 2.640116 2.377845 1.925319 2.552644 3.251533 2.628821 2.864012 2.651667 1.627301 1.562917 3.934453 
2.828055 1.951855 1.492326 2.189672 1.770975 1.050526 3.641781 4.462705 2.722106 2.550062 2.669730 2.448144 1.996521 2.604250 3.345105 2.691029 2.940522 2.697152 1.686434 1.578328 4.036657 
2.883003 2.013111 1.518083 2.237962 1.841420 1.051135 3.713611 4.526311 2.767698 2.624859 2.699168 2.518715 2.068045 2.655885 3.439559 2.753351 3.016890 2.742267 1.746491 1.593666 4.139620 
2.937567 2.074816 1.543848 2.286095 1.913157 1.052895 3.785402 4.589118 2.813560 2.700222 2.728531 2.589510 2.139796 2.707565 3.534869 2.815770 3.093033 2.787030 1.807454 1.608997 4.243334 
2.991732 2.136921 1.569636 2.334050 1.986153 1.055978 3.857175 4.651178 2.859753 2.776100 2.757924 2.660479 2.211671 2.759305 3.631008 2.878268 3.168867 2.831461 1.869304 1.624388 4.347788 
3.045480 2.199379 1.595460 2.381808 2.060369 1.060563 3.928953 4.712544 2.906342 2.852441 2.787458 2.731572 2.283567 2.811123 3.727950 2.940827 3.244303 2.875581 1.932021 1.639908 4.452972 
3.098794 2.262137 1.621335 2.429349 2.135765 1.066831 4.000761 4.773274 2.953393 2.929190 2.817246 2.802738 2.355376 2.863038 3.825665 3.003429 3.319250 2.919413 1.995583 1.655631 4.558877 
3.151660 2.325146 1.647277 2.476652 2.212300 1.074970 4.072627 4.833428 3.000973 3.006290 2.847407 2.873925 2.426989 2.915070 3.924125 3.066055 3.393616 2.962982 2.059968 1.671631 4.665491 
3.204061 2.388349 1.673300 2.523697 2.289929 1.085171 4.144578 4.893069 3.049153 3.083681 2.878065 2.945078 2.498290 2.967239 4.023299 3.128686 3.467306 3.006312 2.125154 1.687986 4.772805 
3.255981 2.451693 1.699421 2.570463 2.368604 1.097631 4.216644 4.952264 3.098004 3.161302 2.909345 3.016143 2.569164 3.019566 4.123154 3.191304 3.540221 3.049431 2.191116 1.704775 4.880808 
3.307405 2.515119 1.725657 2.616930 2.448278 1.112551 4.288858 5.011083 3.147602 3.239090 2.941379 3.087065 2.639489 3.072075 4.223660 3.253889 3.612262 3.092368 2.257830 1.722081 4.989489 
3.358317 2.578568 1.752023 2.663077 2.528897 1.130138 4.361253 5.069597 3.198022 3.316978 2.974303 3.157787 2.709143 3.124788 4.324782 3.316422 3.683326 3.135155 2.325271 1.739988 5.098837 
3.408703 2.641981 1.778536 2.708884 2.610410 1.150601 4.433864 5.127884 3.249343 3.394900 3.008258 3.228250 2.777998 3.177731 4.426486 3.378882 3.753307 3.177822 2.393411 1.758584 5.208841 
3.458546 2.705294 1.805215 2.754330 2.692759 1.174156 4.506727 5.186020 3.301646 3.472783 3.043386 3.298398 2.845925 3.230929 4.528736 3.441249 3.822097 3.220403 2.462223 1.777957 5.319490 
3.507833 2.768443 1.832077 2.799395 2.775887 1.201024 4.579882 5.244089 3.355013 3.550558 3.079838 3.368168 2.912790 3.284409 4.631496 3.503503 3.889588 3.262935 2.531679 1.798201 5.430772 
3.556548 2.831363 1.859139 2.844057 2.859733 1.231429 4.653368 5.302176 3.409529 3.628148 3.117766 3.437502 2.978457 3.338199 4.734728 3.565623 3.955666 3.305452 2.601748 1.819409 5.542676 
3.604677 2.893986 1.886422 2.888295 2.944233 1.265601 4.727227 5.360367 3.465282 3.705477 3.157326 3.506336 3.042785 3.392327 4.838395 3.627588 4.020216 3.347994 2.672402 1.841679 5.655189 
3.652206 2.956242 1.913943 2.932089 3.029324 1.303773 4.801503 5.418755 3.522358 3.782467 3.198681 3.574608 3.105633 3.446824 4.942455 3.689377 4.083120 3.390601 2.743608 1.865110 5.768300 
3.699121 3.018061 1.941723 2.975418 3.114937 1.346187 4.876240 5.477433 3.580851 3.859036 3.241997 3.642254 3.166853 3.501719 5.046870 3.750968 4.144259 3.433313 2.815335 1.889804 5.881997 
3.745407 3.079370 1.969780 3.018261 3.201002 1.393084 4.951487 5.536499 3.640853 3.935101 3.287443 3.709208 3.226296 3.557046 5.151597 3.812339 4.203510 3.476175 2.887549 1.915865 5.996267 
3.791052 3.140094 1.998136 3.060597 3.287447 1.444714 5.027291 5.596053 3.702459 4.010577 3.335195 3.775405 3.283809 3.612836 5.256594 3.873469 4.260748 3.519229 2.960217 1.943400 6.111098 
3.836040 3.200158 2.026810 3.102403 3.374199 1.501329 5.103703 5.656199 3.765767 4.085377 3.385430 3.840777 3.339237 3.669123 5.361817 3.934335 4.315845 3.562523 3.033302 1.972518 6.226477 
3.880360 3.259484 2.055823 3.143661 3.461180 1.563189 5.180774 5.717042 3.830875 4.159410 3.438332 3.905257 3.392420 3.725943 5.467222 3.994914 4.368673 3.606103 3.106771 2.003330 6.342392 
3.923997 3.317992 2.085198 3.184347 3.548312 1.630555 5.258558 5.778693 3.897886 4.232585 3.494089 3.968774 3.443196 3.783332 5.572764 4.055184 4.419098 3.650020 3.180586 2.035952 6.458828 
3.966939 3.375601 2.114955 3.224441 3.635512 1.703695 5.337111 5.841265 3.966903 4.304807 3.552891 4.031258 3.491398 3.841326 5.678395 4.115120 4.466986 3.694323 3.254708 2.070499 6.575774 
4.009172 3.432228 2.145116 3.263921 3.722699 1.782881 5.416490 5.904872 4.038031 4.375981 3.614936 4.092639 3.536859 3.899963 5.784069 4.174701 4.512200 3.739065 3.329101 2.107090 6.693216 
4.050684 3.487789 2.175705 3.302766 3.809785 1.868390 5.496752 5.969634 4.111379 4.446008 3.680423 4.152844 3.579404 3.959282 5.889737 4.233901 4.554599 3.784300 3.403723 2.145847 6.811140 
4.091463 3.542196 2.206743 3.340954 3.896682 1.960504 5.577959 6.035672 4.187055 4.514787 3.749557 4.211798 3.618860 4.019324 5.995349 4.292697 4.594042 3.830084 3.478535 2.186894 6.929532 
4.131496 3.595363 2.238255 3.378465 3.983301 2.059509 5.660173 6.103112 4.265173 4.582216 3.822546 4.269429 3.655048 4.080129 6.100854 4.351065 4.630383 3.876472 3.553496 2.230357 7.048379 
4.170771 3.647198 2.270264 3.415275 4.069548 2.165696 5.743456 6.172082 4.345847 4.648190 3.899605 4.325659 3.687784 4.141740 6.206202 4.408979 4.663477 3.923524 3.628562 2.276365 7.167667 
4.209277 3.697612 2.302793 3.451363 4.155328 2.279361 5.827875 6.242712 4.429191 4.712601 3.980950 4.380413 3.716885 4.204199 6.311340 4.466416 4.693172 3.971300 3.703691 2.325049 7.287381 
4.247000 3.746509 2.335868 3.486709 4.240544 2.400805 5.913497 6.315137 4.515325 4.775340 4.066804 4.433612 3.742161 4.267550 6.416214 4.523350 4.719318 4.019860 3.778839 2.376543 7.407508 
4.283930 3.793797 2.369513 3.521289 4.325096 2.530332 6.000390 6.389494 4.604369 4.836297 4.157392 4.485179 3.763421 4.331839 6.520770 4.579756 4.741759 4.069269 3.853960 2.430983 7.528032 
4.320055 3.839377 2.403753 3.555082 4.408883 2.668253 6.088625 6.465924 4.696444 4.895356 4.252946 4.535033 3.780471 4.397112 6.624952 4.635607 4.760339 4.119591 3.929009 2.488507 7.648939 
4.355364 3.883153 2.438614 3.588066 4.491800 2.814883 6.178274 6.544570 4.791677 4.952403 4.353699 4.583093 3.793110 4.463416 6.728703 4.690879 4.774898 4.170892 4.003939 2.549257 7.770214 
4.389846 3.925023 2.474122 3.620219 4.573741 2.970541 6.269410 6.625579 4.890192 5.007319 4.459891 4.629277 3.801139 4.530799 6.831967 4.745545 4.785275 4.223241 4.078701 2.613377 7.891843 
4.423490 3.964885 2.510304 3.651519 4.654596 3.135550 6.362110 6.709099 4.992120 5.059984 4.571765 4.673503 3.804353 4.599311 6.934684 4.799578 4.791304 4.276705 4.153248 2.681012 8.013808 
4.456285 4.002638 2.547185 3.681944 4.734255 3.310242 6.456450 6.795285 5.097590 5.110276 4.689569 4.715687 3.802543 4.669001 7.036795 4.852951 4.792819 4.331357 4.227529 2.752310 8.136097 
4.488220 4.038174 2.584793 3.711472 4.812604 3.494947 6.552509 6.884290 5.206735 5.158070 4.813556 4.755743 3.795498 4.739921 7.138240 4.905638 4.789651 4.387269 4.301495 2.827423 8.258692 
4.519286 4.071388 2.623156 3.740080 4.889527 3.690006 6.650368 6.976276 5.319691 5.203240 4.943980 4.793585 3.783004 4.812123 7.238957 4.957612 4.781627 4.444514 4.375092 2.906503 8.381578 
4.549472 4.102171 2.662301 3.767746 4.964907 3.895762 6.750108 7.071402 5.436594 5.245657 5.081103 4.829127 3.764843 4.885661 7.338883 5.008843 4.768574 4.503169 4.448270 2.989707 8.504739 
4.578768 4.130413 2.702257 3.794449 5.038623 4.112561 6.851814 7.169835 5.557583 5.285189 5.225190 4.862280 3.740794 4.960589 7.437955 5.059306 4.750315 4.563310 4.520974 3.077193 8.628160 
NaN NaN NaN NaN NaN NaN NaN NaN NaN NaN NaN NaN NaN NaN NaN NaN NaN NaN NaN NaN NaN 
NaN NaN NaN NaN NaN NaN NaN NaN NaN NaN NaN NaN NaN NaN NaN NaN NaN NaN NaN NaN NaN 
NaN NaN NaN NaN NaN NaN NaN NaN NaN NaN NaN NaN NaN NaN NaN NaN NaN NaN NaN NaN NaN 
NaN NaN NaN NaN NaN NaN NaN NaN NaN NaN NaN NaN NaN NaN NaN NaN NaN NaN NaN NaN NaN 
