NaN NaN NaN NaN NaN NaN NaN NaN NaN NaN NaN NaN NaN NaN NaN NaN NaN NaN NaN NaN NaN 
NaN NaN NaN NaN NaN NaN NaN NaN NaN NaN NaN NaN NaN NaN NaN NaN NaN NaN NaN NaN NaN 
NaN NaN NaN NaN NaN NaN NaN NaN NaN NaN NaN NaN NaN NaN NaN NaN NaN NaN NaN NaN NaN 
NaN NaN NaN NaN NaN NaN NaN NaN NaN NaN NaN NaN NaN NaN NaN NaN NaN NaN NaN NaN NaN 
NaN NaN NaN NaN NaN NaN NaN NaN NaN NaN NaN NaN NaN NaN NaN NaN NaN NaN NaN NaN NaN 
-0.424154 0.125102 -0.569712 -0.499206 -0.667567 -0.593508 -1.342141 -0.479181 -0.534419 -0.899949 -0.560125 -0.357207 -0.290640 -0.375655 -0.682746 -0.782780 -0.295598 -0.145091 -0.619301 -0.306452 -0.456133 
-0.421384 0.117808 -0.596470 -0.529852 -0.663953 -0.588582 -1.361213 -0.498946 -0.532830 -0.885614 -0.574461 -0.367326 -0.305753 -0.393760 -0.675757 -0.784474 -0.308062 -0.171744 -0.604236 -0.330121 -0.486243 
-0.418914 0.110351 -0.621088 -0.558175 -0.660267 -0.583690 -1.377699 -0.517290 -0.531120 -0.871461 -0.587422 -0.376674 -0.319997 -0.410585 -0.668895 -0.785194 -0.319852 -0.196917 -0.589666 -0.352424 -0.514435 
-0.416699 0.102756 -0.643610 -0.584225 -0.656486 -0.578808 -1.391650 -0.534229 -0.529272 -0.857462 -0.599029 -0.385255 -0.333371 -0.426144 -0.662133 -0.784959 -0.330962 -0.220629 -0.575562 -0.373368 -0.540731 
-0.414701 0.095050 -0.664079 -0.608050 -0.652587 -0.573913 -1.403118 -0.549778 -0.527270 -0.843595 -0.609305 -0.393075 -0.345875 -0.440454 -0.655441 -0.783789 -0.341383 -0.242900 -0.561898 -0.392962 -0.565154 
-0.412879 0.087258 -0.682535 -0.629697 -0.648545 -0.568983 -1.412152 -0.563954 -0.525095 -0.829833 -0.618275 -0.400137 -0.357507 -0.453529 -0.648793 -0.781701 -0.351110 -0.263748 -0.548647 -0.411215 -0.587726 
-0.411193 0.079405 -0.699020 -0.649213 -0.644338 -0.563995 -1.418802 -0.576772 -0.522730 -0.816152 -0.625959 -0.406445 -0.368267 -0.465384 -0.642161 -0.778716 -0.360137 -0.283192 -0.535780 -0.428136 -0.608468 
-0.409606 0.071516 -0.713575 -0.666645 -0.639943 -0.558927 -1.423119 -0.588247 -0.520159 -0.802529 -0.632382 -0.412005 -0.378154 -0.476035 -0.635517 -0.774851 -0.368456 -0.301250 -0.523272 -0.443734 -0.627402 
-0.408078 0.063616 -0.726239 -0.682038 -0.635338 -0.553759 -1.425149 -0.598394 -0.517364 -0.788941 -0.637564 -0.416820 -0.387168 -0.485496 -0.628836 -0.770125 -0.376062 -0.317940 -0.511097 -0.458017 -0.644549 
-0.406573 0.055728 -0.737052 -0.695437 -0.630502 -0.548468 -1.424941 -0.607228 -0.514330 -0.775363 -0.641527 -0.420894 -0.395308 -0.493782 -0.622089 -0.764556 -0.382949 -0.333281 -0.499228 -0.470995 -0.659929 
-0.405054 0.047876 -0.746052 -0.706886 -0.625411 -0.543033 -1.422542 -0.614765 -0.511038 -0.761774 -0.644294 -0.424232 -0.402575 -0.500908 -0.615252 -0.758161 -0.389111 -0.347291 -0.487641 -0.482676 -0.673565 
-0.403486 0.040084 -0.753278 -0.716430 -0.620045 -0.537433 -1.417997 -0.621017 -0.507474 -0.748151 -0.645886 -0.426838 -0.408969 -0.506890 -0.608298 -0.750958 -0.394543 -0.359987 -0.476308 -0.493070 -0.685476 
-0.401833 0.032375 -0.758767 -0.724111 -0.614383 -0.531649 -1.411354 -0.626001 -0.503621 -0.734472 -0.646324 -0.428716 -0.414491 -0.511740 -0.601202 -0.742963 -0.399239 -0.371386 -0.465207 -0.502186 -0.695682 
-0.400061 0.024771 -0.762556 -0.729971 -0.608403 -0.525659 -1.402656 -0.629729 -0.499463 -0.720716 -0.645629 -0.429870 -0.419140 -0.515475 -0.593937 -0.734194 -0.403195 -0.381507 -0.454311 -0.510033 -0.704204 
-0.398137 0.017295 -0.764682 -0.734053 -0.602085 -0.519443 -1.391947 -0.632217 -0.494984 -0.706861 -0.643822 -0.430304 -0.422917 -0.518108 -0.586479 -0.724666 -0.406406 -0.390367 -0.443597 -0.516620 -0.711061 
-0.396027 0.009969 -0.765180 -0.736396 -0.595409 -0.512983 -1.379272 -0.633477 -0.490168 -0.692886 -0.640922 -0.430023 -0.425824 -0.519655 -0.578803 -0.714397 -0.408866 -0.397981 -0.433040 -0.521958 -0.716273 
-0.393700 0.002815 -0.764086 -0.737041 -0.588355 -0.506258 -1.364674 -0.633523 -0.485001 -0.678772 -0.636951 -0.429030 -0.427862 -0.520129 -0.570885 -0.703401 -0.410571 -0.404368 -0.422617 -0.526054 -0.719860 
-0.391123 -0.004147 -0.761435 -0.736029 -0.580903 -0.499249 -1.348194 -0.632368 -0.479466 -0.664498 -0.631929 -0.427329 -0.429031 -0.519544 -0.562699 -0.691695 -0.411518 -0.409544 -0.412304 -0.528919 -0.721840 
-0.388267 -0.010895 -0.757260 -0.733397 -0.573033 -0.491938 -1.329873 -0.630027 -0.473549 -0.650045 -0.625875 -0.424925 -0.429333 -0.517916 -0.554223 -0.679294 -0.411701 -0.413526 -0.402079 -0.530562 -0.722233 
-0.385100 -0.017409 -0.751595 -0.729185 -0.564726 -0.484306 -1.309754 -0.626511 -0.467235 -0.635394 -0.618809 -0.421820 -0.428770 -0.515258 -0.545432 -0.666212 -0.411118 -0.416329 -0.391918 -0.530993 -0.721057 
-0.381595 -0.023668 -0.744473 -0.723430 -0.555964 -0.476334 -1.287876 -0.621834 -0.460508 -0.620525 -0.610750 -0.418020 -0.427344 -0.511584 -0.536303 -0.652465 -0.409764 -0.417970 -0.381799 -0.530222 -0.718330 
-0.377722 -0.029653 -0.735926 -0.716168 -0.546729 -0.468005 -1.264278 -0.616007 -0.453354 -0.605420 -0.601717 -0.413528 -0.425056 -0.506909 -0.526813 -0.638066 -0.407636 -0.418464 -0.371700 -0.528258 -0.714070 
-0.373453 -0.035344 -0.725987 -0.707437 -0.537000 -0.459300 -1.238999 -0.609045 -0.445759 -0.590061 -0.591730 -0.408347 -0.421909 -0.501246 -0.516939 -0.623031 -0.404730 -0.417828 -0.361599 -0.525111 -0.708296 
-0.368761 -0.040721 -0.714686 -0.697272 -0.526762 -0.450203 -1.212078 -0.600957 -0.437708 -0.574431 -0.580806 -0.402481 -0.417904 -0.494609 -0.506658 -0.607373 -0.401043 -0.416077 -0.351474 -0.520791 -0.701026 
-0.363620 -0.045767 -0.702054 -0.685708 -0.515996 -0.440696 -1.183551 -0.591758 -0.429188 -0.558512 -0.568964 -0.395935 -0.413045 -0.487012 -0.495948 -0.591105 -0.396573 -0.413226 -0.341305 -0.515307 -0.692276 
-0.358004 -0.050462 -0.688121 -0.672779 -0.504684 -0.430762 -1.153456 -0.581459 -0.420183 -0.542287 -0.556223 -0.388712 -0.407335 -0.478469 -0.484787 -0.574240 -0.391317 -0.409291 -0.331070 -0.508671 -0.682064 
-0.351889 -0.054788 -0.672917 -0.658519 -0.492810 -0.420384 -1.121828 -0.570070 -0.410681 -0.525740 -0.542600 -0.380816 -0.400775 -0.468994 -0.473154 -0.556793 -0.385272 -0.404287 -0.320749 -0.500891 -0.670408 
-0.345248 -0.058728 -0.656469 -0.642961 -0.480357 -0.409547 -1.088703 -0.557604 -0.400668 -0.508855 -0.528112 -0.372249 -0.393369 -0.458600 -0.461027 -0.538774 -0.378436 -0.398228 -0.310321 -0.491978 -0.657323 
-0.338060 -0.062264 -0.638808 -0.626138 -0.467308 -0.398234 -1.054115 -0.544073 -0.390130 -0.491615 -0.512778 -0.363017 -0.385120 -0.447301 -0.448384 -0.520198 -0.370806 -0.391129 -0.299767 -0.481943 -0.642826 
-0.330302 -0.065379 -0.619959 -0.608080 -0.453647 -0.386429 -1.018099 -0.529486 -0.379053 -0.474007 -0.496614 -0.353122 -0.376032 -0.435109 -0.435206 -0.501075 -0.362381 -0.383004 -0.289067 -0.470794 -0.626934 
-0.321950 -0.068057 -0.599952 -0.588820 -0.439359 -0.374116 -0.980687 -0.513855 -0.367426 -0.456014 -0.479638 -0.342568 -0.366108 -0.422040 -0.421470 -0.481418 -0.353160 -0.373868 -0.278201 -0.458544 -0.609663 
-0.312985 -0.070280 -0.578811 -0.568387 -0.424426 -0.361282 -0.941913 -0.497190 -0.355234 -0.437622 -0.461866 -0.331358 -0.355352 -0.408106 -0.407158 -0.461239 -0.343139 -0.363736 -0.267151 -0.445201 -0.591029 
-0.303384 -0.072034 -0.556563 -0.546811 -0.408835 -0.347910 -0.901808 -0.479503 -0.342466 -0.418816 -0.443315 -0.319497 -0.343767 -0.393319 -0.392249 -0.440548 -0.332319 -0.352620 -0.255898 -0.430777 -0.571046 
-0.293129 -0.073301 -0.533233 -0.524122 -0.392570 -0.333985 -0.860403 -0.460803 -0.329107 -0.399585 -0.424000 -0.306987 -0.331358 -0.377695 -0.376723 -0.419356 -0.320698 -0.340535 -0.244424 -0.415282 -0.549731 
-0.282200 -0.074068 -0.508847 -0.500346 -0.375617 -0.319495 -0.817729 -0.441100 -0.315147 -0.379912 -0.403939 -0.293832 -0.318130 -0.361245 -0.360561 -0.397675 -0.308274 -0.327494 -0.232710 -0.398726 -0.527099 
-0.270577 -0.074319 -0.483428 -0.475514 -0.357960 -0.304423 -0.773816 -0.420405 -0.300572 -0.359787 -0.383146 -0.280035 -0.304086 -0.343982 -0.343744 -0.375514 -0.295048 -0.313510 -0.220739 -0.381121 -0.503164 
-0.258245 -0.074039 -0.457000 -0.449650 -0.339586 -0.288758 -0.728693 -0.398727 -0.285370 -0.339195 -0.361638 -0.265600 -0.289231 -0.325921 -0.326253 -0.352884 -0.281019 -0.298598 -0.208494 -0.362476 -0.477942 
-0.245185 -0.073214 -0.429586 -0.422782 -0.320481 -0.272484 -0.682389 -0.376075 -0.269530 -0.318126 -0.339429 -0.250530 -0.273569 -0.307073 -0.308069 -0.329794 -0.266185 -0.282769 -0.195956 -0.342802 -0.451446 
-0.231380 -0.071830 -0.401209 -0.394936 -0.300631 -0.255589 -0.634931 -0.352459 -0.253039 -0.296566 -0.316536 -0.234828 -0.257107 -0.287451 -0.289174 -0.306254 -0.250548 -0.266036 -0.183111 -0.322111 -0.423692 
-0.216817 -0.069874 -0.371890 -0.366136 -0.280023 -0.238059 -0.586346 -0.327888 -0.235886 -0.274505 -0.292971 -0.218497 -0.239849 -0.267069 -0.269550 -0.282273 -0.234107 -0.248413 -0.169940 -0.300414 -0.394692 
-0.201478 -0.067332 -0.341650 -0.336407 -0.258644 -0.219883 -0.536661 -0.302372 -0.218060 -0.251932 -0.268751 -0.201541 -0.221800 -0.245939 -0.249180 -0.257860 -0.216862 -0.229912 -0.156428 -0.277720 -0.364460 
-0.185351 -0.064191 -0.310512 -0.305772 -0.236481 -0.201047 -0.485901 -0.275917 -0.199548 -0.228835 -0.243890 -0.183963 -0.202966 -0.224074 -0.228045 -0.233024 -0.198814 -0.210544 -0.142559 -0.254041 -0.333011 
-0.168422 -0.060440 -0.278494 -0.274256 -0.213522 -0.181540 -0.434092 -0.248535 -0.180341 -0.205204 -0.218401 -0.165767 -0.183352 -0.201485 -0.206129 -0.207773 -0.179964 -0.190323 -0.128318 -0.229388 -0.300357 
-0.150678 -0.056066 -0.245616 -0.241879 -0.189755 -0.161349 -0.381258 -0.220232 -0.160427 -0.181031 -0.192299 -0.146954 -0.162965 -0.178187 -0.183414 -0.182116 -0.160311 -0.169260 -0.113688 -0.203773 -0.266511 
-0.132106 -0.051056 -0.211897 -0.208664 -0.165167 -0.140463 -0.327423 -0.191016 -0.139795 -0.156304 -0.165597 -0.127528 -0.141810 -0.154191 -0.159885 -0.156059 -0.139857 -0.147367 -0.098657 -0.177206 -0.231487 
-0.112696 -0.045401 -0.177356 -0.174632 -0.139748 -0.118870 -0.272609 -0.160897 -0.118435 -0.131015 -0.138309 -0.107493 -0.119894 -0.129509 -0.135525 -0.129611 -0.118604 -0.124655 -0.083208 -0.149699 -0.195296 
-0.092437 -0.039087 -0.142011 -0.139803 -0.113486 -0.096560 -0.216840 -0.129881 -0.096335 -0.105155 -0.110448 -0.086851 -0.097223 -0.104155 -0.110318 -0.102778 -0.096553 -0.101135 -0.067327 -0.121262 -0.157951 
-0.071319 -0.032106 -0.105878 -0.104198 -0.086369 -0.073522 -0.160135 -0.097976 -0.073486 -0.078716 -0.082027 -0.065605 -0.073803 -0.078139 -0.084248 -0.075568 -0.073705 -0.076820 -0.051001 -0.091908 -0.119465 
-0.049332 -0.024446 -0.068974 -0.067834 -0.058388 -0.049745 -0.102518 -0.065190 -0.049878 -0.051690 -0.053058 -0.043759 -0.049642 -0.051475 -0.057300 -0.047987 -0.050062 -0.051720 -0.034217 -0.061648 -0.079848 
-0.026469 -0.016097 -0.031316 -0.030731 -0.029532 -0.025220 -0.044007 -0.031530 -0.025501 -0.024069 -0.023555 -0.021315 -0.024745 -0.024174 -0.029459 -0.020042 -0.025626 -0.025845 -0.016959 -0.030492 -0.039113 
-0.002721 -0.007049 0.007081 0.007093 0.000209 0.000065 0.015378 0.002997 -0.000344 0.004153 0.006471 0.001724 0.000879 0.003751 -0.000709 0.008262 -0.000399 0.000793 0.000783 0.001546 0.002729 
0.021918 0.002706 0.046202 0.045622 0.030845 0.026118 0.075617 0.038385 0.025601 0.032985 0.037007 0.025355 0.027223 0.032289 0.028964 0.036919 0.025616 0.028184 0.019024 0.034456 0.045667 
0.047455 0.013178 0.086033 0.084840 0.062385 0.052948 0.136693 0.074626 0.052345 0.062432 0.068043 0.049576 0.054280 0.061427 0.059573 0.065923 0.052417 0.056318 0.037775 0.068227 0.089690 
0.073895 0.024375 0.126561 0.124729 0.094839 0.080566 0.198589 0.111714 0.079896 0.092500 0.099565 0.074383 0.082043 0.091155 0.091134 0.095268 0.080001 0.085184 0.057048 0.102845 0.134787 
0.101244 0.036306 0.167771 0.165276 0.128215 0.108979 0.261286 0.149644 0.108264 0.123195 0.131563 0.099773 0.110504 0.121459 0.123660 0.124951 0.108365 0.114773 0.076856 0.138300 0.180947 
0.129506 0.048978 0.209651 0.206466 0.162523 0.138196 0.324770 0.188408 0.137458 0.154522 0.164027 0.125745 0.139654 0.152329 0.157164 0.154967 0.137506 0.145076 0.097209 0.174579 0.228162 
0.158683 0.062400 0.252190 0.248285 0.197770 0.168226 0.389024 0.228002 0.167486 0.186486 0.196944 0.152295 0.169485 0.183753 0.191660 0.185310 0.167421 0.176081 0.118119 0.211671 0.276420 
0.188779 0.076578 0.295375 0.290720 0.233965 0.199077 0.454034 0.268418 0.198358 0.219092 0.230304 0.179420 0.199990 0.215719 0.227160 0.215978 0.198105 0.207781 0.139597 0.249564 0.325711 
0.219795 0.091520 0.339196 0.333758 0.271115 0.230755 0.519786 0.309653 0.230081 0.252343 0.264097 0.207119 0.231159 0.248216 0.263676 0.246967 0.229556 0.240166 0.161653 0.288246 0.376028 
0.251734 0.107231 0.383644 0.377388 0.309228 0.263269 0.586267 0.351700 0.262664 0.286243 0.298314 0.235388 0.262984 0.281232 0.301222 0.278272 0.261770 0.273226 0.184296 0.327704 0.427359 
0.284595 0.123719 0.428707 0.421598 0.348311 0.296625 0.653463 0.394555 0.296115 0.320796 0.332943 0.264224 0.295457 0.314756 0.339810 0.309892 0.294741 0.306953 0.207538 0.367926 0.479696 
0.318379 0.140988 0.474377 0.466379 0.388370 0.330831 0.721363 0.438213 0.330443 0.356005 0.367975 0.293627 0.328567 0.348777 0.379450 0.341822 0.328466 0.341339 0.231387 0.408900 0.533030 
0.353084 0.159045 0.520645 0.511719 0.429413 0.365893 0.789955 0.482668 0.365654 0.391872 0.403401 0.323592 0.362306 0.383284 0.420155 0.374061 0.362941 0.376374 0.255853 0.450615 0.587353 
0.388709 0.177894 0.567504 0.557611 0.471446 0.401817 0.859230 0.527916 0.401757 0.428399 0.439212 0.354117 0.396665 0.418265 0.461935 0.406606 0.398160 0.412051 0.280945 0.493056 0.642656 
0.425252 0.197541 0.614946 0.604046 0.514474 0.438610 0.929176 0.573954 0.438758 0.465588 0.475398 0.385200 0.431634 0.453709 0.504802 0.439455 0.434120 0.448362 0.306671 0.536213 0.698932 
0.462709 0.217989 0.662964 0.651016 0.558504 0.476276 0.999784 0.620777 0.476667 0.503440 0.511951 0.416839 0.467202 0.489606 0.548766 0.472606 0.470813 0.485297 0.333040 0.580072 0.756172 
0.501077 0.239243 0.711553 0.698513 0.603540 0.514822 1.071046 0.668380 0.515488 0.541957 0.548863 0.449031 0.503361 0.525945 0.593837 0.506059 0.508236 0.522851 0.360058 0.624622 0.814368 
0.540352 0.261306 0.760705 0.746531 0.649589 0.554253 1.142955 0.716761 0.555230 0.581139 0.586125 0.481774 0.540100 0.562714 0.640026 0.539811 0.546383 0.561015 0.387735 0.669849 0.873513 
0.580528 0.284183 0.810418 0.795065 0.696654 0.594573 1.215502 0.765915 0.595900 0.620986 0.623728 0.515066 0.577409 0.599903 0.687342 0.573863 0.585247 0.599781 0.416078 0.715740 0.933601 
0.621600 0.307875 0.860685 0.844109 0.744741 0.635787 1.288681 0.815840 0.637503 0.661498 0.661666 0.548904 0.615277 0.637501 0.735794 0.608213 0.624824 0.639144 0.445092 0.762283 0.994624 
0.663560 0.332386 0.911503 0.893659 0.793853 0.677899 1.362487 0.866531 0.680046 0.702674 0.699931 0.583286 0.653695 0.675497 0.785392 0.642861 0.665107 0.679094 0.474786 0.809466 1.056575 
0.706402 0.357718 0.962870 0.943711 0.843995 0.720914 1.436915 0.917987 0.723536 0.744514 0.738516 0.618210 0.692650 0.713882 0.836145 0.677807 0.706089 0.719627 0.505166 0.857275 1.119448 
0.750117 0.383872 1.014781 0.994262 0.895170 0.764835 1.511958 0.970204 0.767979 0.787017 0.777412 0.653674 0.732132 0.752644 0.888061 0.713052 0.747765 0.760734 0.536236 0.905698 1.183237 
0.794697 0.410851 1.067235 1.045309 0.947381 0.809666 1.587615 1.023180 0.813381 0.830179 0.816615 0.689675 0.772129 0.791773 0.941148 0.748596 0.790128 0.802410 0.568004 0.954720 1.247936 
0.840132 0.438656 1.120231 1.096850 1.000633 0.855410 1.663882 1.076912 0.859748 0.874001 0.856116 0.726212 0.812632 0.831259 0.995415 0.784441 0.833170 0.844649 0.600475 1.004331 1.313539 
0.886412 0.467287 1.173767 1.148884 1.054926 0.902070 1.740757 1.131398 0.907084 0.918478 0.895909 0.763282 0.853627 0.871091 1.050869 0.820586 0.876884 0.887443 0.633654 1.054515 1.380040 
0.933526 0.496746 1.227843 1.201412 1.110265 0.949648 1.818237 1.186637 0.955397 0.963608 0.935989 0.800884 0.895103 0.911259 1.107518 0.857034 0.921264 0.930788 0.667545 1.105261 1.447434 
0.981462 0.527032 1.282460 1.254432 1.166650 0.998147 1.896321 1.242625 1.004690 1.009388 0.976350 0.839015 0.937049 0.951753 1.165369 0.893787 0.966302 0.974677 0.702153 1.156554 1.515717 
1.030208 0.558145 1.337617 1.307946 1.224085 1.047569 1.975011 1.299362 1.054969 1.055814 1.016985 0.877674 0.979453 0.992563 1.224428 0.930846 1.011990 1.019106 0.737483 1.208382 1.584882 
1.079752 0.590085 1.393317 1.361955 1.282571 1.097915 2.054304 1.356847 1.106240 1.102882 1.057890 0.916858 1.022301 1.033679 1.284703 0.968214 1.058320 1.064067 0.773537 1.260732 1.654926 
1.130079 0.622851 1.449562 1.416462 1.342108 1.149188 2.134204 1.415077 1.158506 1.150587 1.099059 0.956566 1.065582 1.075091 1.346200 1.005893 1.105285 1.109557 0.810321 1.313589 1.725845 
1.181174 0.656441 1.506353 1.471468 1.402699 1.201389 2.214711 1.474052 1.211774 1.198926 1.140487 0.996796 1.109284 1.116789 1.408924 1.043887 1.152875 1.155571 0.847836 1.366940 1.797634 
1.233023 0.690855 1.563694 1.526978 1.464343 1.254517 2.295827 1.533771 1.266046 1.247891 1.182169 1.037545 1.153392 1.158763 1.472882 1.082198 1.201083 1.202103 0.886085 1.420772 1.870289 
1.285609 0.726090 1.621589 1.582996 1.527042 1.308575 2.377557 1.594234 1.321327 1.297479 1.224101 1.078813 1.197896 1.201003 1.538078 1.120831 1.249900 1.249148 0.925072 1.475072 1.943806 
1.338916 0.762144 1.680041 1.639527 1.590795 1.363563 2.459903 1.655439 1.377622 1.347683 1.266279 1.120598 1.242780 1.243501 1.604519 1.159788 1.299317 1.296703 0.964799 1.529824 2.018183 
1.392927 0.799014 1.739057 1.696575 1.655602 1.419480 2.542870 1.717387 1.434934 1.398497 1.308699 1.162897 1.288033 1.286246 1.672209 1.199074 1.349325 1.344763 1.005267 1.585017 2.093416 
1.447623 0.836698 1.798640 1.754147 1.721463 1.476326 2.626463 1.780078 1.493268 1.449913 1.351357 1.205708 1.333640 1.329228 1.741152 1.238694 1.399914 1.393324 1.046479 1.640636 2.169502 
1.502985 0.875192 1.858798 1.812251 1.788378 1.534102 2.710688 1.843511 1.552626 1.501925 1.394249 1.249032 1.379589 1.372439 1.811353 1.278651 1.451076 1.442382 1.088434 1.696666 2.246438 
1.558995 0.914492 1.919536 1.870893 1.856344 1.592806 2.795552 1.907686 1.613013 1.554525 1.437372 1.292864 1.425864 1.415868 1.882816 1.318951 1.502801 1.491933 1.131136 1.753095 2.324222 
1.615631 0.954595 1.980863 1.930081 1.925362 1.652437 2.881061 1.972605 1.674432 1.607706 1.480723 1.337205 1.472453 1.459507 1.955544 1.359600 1.555078 1.541973 1.174583 1.809908 2.402852 
1.672873 0.995496 2.042785 1.989824 1.995429 1.712995 2.967224 2.038269 1.736885 1.661458 1.524299 1.382053 1.519341 1.503347 2.029542 1.400602 1.607899 1.592500 1.218778 1.867091 2.482325 
1.730699 1.037190 2.105311 2.050132 2.066543 1.774477 3.054049 2.104677 1.800376 1.715774 1.568097 1.427405 1.566513 1.547377 2.104812 1.441963 1.661251 1.643510 1.263718 1.924630 2.562640 
1.789086 1.079673 2.168450 2.111015 2.138702 1.836882 3.141545 2.171830 1.864908 1.770643 1.612116 1.473261 1.613956 1.591589 2.181357 1.483690 1.715127 1.695000 1.309405 1.982511 2.643796 
1.848012 1.122939 2.232212 2.172483 2.211904 1.900207 3.229723 2.239731 1.930482 1.826058 1.656353 1.519619 1.661654 1.635975 2.259179 1.525789 1.769513 1.746967 1.355838 2.040720 2.725790 
1.907453 1.166981 2.296606 2.234548 2.286146 1.964450 3.318592 2.308381 1.997103 1.882007 1.700805 1.566478 1.709593 1.680524 2.338282 1.568267 1.824401 1.799408 1.403016 2.099242 2.808622 
1.967384 1.211795 2.361643 2.297223 2.361425 2.029609 3.408165 2.377781 2.064771 1.938481 1.745472 1.613836 1.757757 1.725228 2.418667 1.611130 1.879778 1.852322 1.450938 2.158063 2.892292 
2.027780 1.257373 2.427335 2.360519 2.437738 2.095681 3.498452 2.447933 2.133490 1.995468 1.790352 1.661691 1.806132 1.770079 2.500336 1.654385 1.935633 1.905705 1.499602 2.217168 2.976797 
2.088614 1.303710 2.493692 2.424450 2.515080 2.162662 3.589468 2.518839 2.203261 2.052959 1.835444 1.710043 1.854701 1.815067 2.583290 1.698041 1.991956 1.959556 1.549006 2.276544 3.062139 
2.149860 1.350796 2.560729 2.489031 2.593449 2.230548 3.681225 2.590501 2.274085 2.110941 1.880746 1.758891 1.903450 1.860184 2.667530 1.742105 2.048735 2.013873 1.599148 2.336175 3.148317 
2.211492 1.398626 2.628457 2.554275 2.672840 2.299337 3.773737 2.662923 2.345965 2.169402 1.926259 1.808232 1.952362 1.905421 2.753058 1.786586 2.105957 2.068653 1.650026 2.396047 3.235330 
2.273479 1.447190 2.696890 2.620199 2.753247 2.369023 3.867019 2.736105 2.418902 2.228332 1.971981 1.858066 2.001422 1.950770 2.839874 1.831491 2.163611 2.123896 1.701637 2.456145 3.323180 
2.335794 1.496482 2.766043 2.686819 2.834668 2.439603 3.961086 2.810051 2.492897 2.287716 2.017912 1.908391 2.050614 1.996221 2.927978 1.876829 2.221684 2.179600 1.753978 2.516454 3.411867 
2.398407 1.546492 2.835929 2.754151 2.917096 2.511072 4.055955 2.884765 2.567952 2.347542 2.064053 1.959206 2.099920 2.041768 3.017370 1.922610 2.280165 2.235763 1.807046 2.576961 3.501391 
2.461288 1.597212 2.906565 2.822212 3.000526 2.583425 4.151642 2.960249 2.644067 2.407796 2.110403 2.010511 2.149326 2.087400 3.108050 1.968843 2.339041 2.292385 1.860836 2.637649 3.591754 
2.524406 1.648631 2.977966 2.891022 3.084952 2.656657 4.248165 3.036506 2.721243 2.468466 2.156963 2.062304 2.198813 2.133111 3.200018 2.015536 2.398298 2.349465 1.915344 2.698504 3.682957 
2.587728 1.700741 3.050149 2.960597 3.170369 2.730763 4.345542 3.113541 2.799482 2.529536 2.203733 2.114584 2.248366 2.178892 3.293273 2.062701 2.457924 2.407002 1.970568 2.759511 3.775002 
2.651223 1.753532 3.123131 3.030959 3.256769 2.805736 4.443792 3.191356 2.878782 2.590992 2.250716 2.167350 2.297967 2.224734 3.387813 2.110347 2.517906 2.464996 2.026500 2.820655 3.867890 
2.714857 1.806993 3.196929 3.102126 3.344148 2.881570 4.542934 3.269957 2.959145 2.652820 2.297910 2.220601 2.347599 2.270630 3.483638 2.158484 2.578230 2.523446 2.083138 2.881921 3.961622 
2.778596 1.861113 3.271562 3.174120 3.432497 2.958260 4.642988 3.349346 3.040570 2.715004 2.345319 2.274336 2.397245 2.316571 3.580745 2.207124 2.638883 2.582353 2.140475 2.943294 4.056203 
2.842406 1.915881 3.347048 3.246962 3.521810 3.035798 4.743976 3.429529 3.123059 2.777528 2.392944 2.328554 2.446887 2.362551 3.679132 2.256277 2.699852 2.641716 2.198505 3.004758 4.151633 
2.906251 1.971287 3.423407 3.320674 3.612079 3.114178 4.845919 3.510510 3.206610 2.840376 2.440786 2.383254 2.496508 2.408560 3.778798 2.305954 2.761121 2.701535 2.257223 3.066298 4.247915 
2.970095 2.027318 3.500658 3.395279 3.703297 3.193393 4.948840 3.592293 3.291222 2.903532 2.488848 2.438435 2.546089 2.454591 3.879740 2.356168 2.822677 2.761812 2.316623 3.127898 4.345053 
3.033902 2.083962 3.578823 3.470800 3.795455 3.273435 5.052760 3.674883 3.376897 2.966979 2.537132 2.494097 2.595613 2.500636 3.981954 2.406930 2.884506 2.822546 2.376698 3.189544 4.443049 
3.097634 2.141207 3.657923 3.547261 3.888545 3.354297 5.157704 3.758286 3.463632 3.030700 2.585640 2.550238 2.645062 2.546688 4.085438 2.458252 2.946593 2.883738 2.437441 3.251220 4.541908 
3.161253 2.199040 3.737978 3.624686 3.982559 3.435970 5.263697 3.842508 3.551427 3.094677 2.634376 2.606859 2.694416 2.592739 4.190189 2.510147 3.008924 2.945390 2.498845 3.312910 4.641631 
3.224720 2.257448 3.819012 3.703102 4.077487 3.518446 5.370763 3.927552 3.640282 3.158892 2.683342 2.663957 2.743657 2.638782 4.296203 2.562627 3.071482 3.007503 2.560902 3.374599 4.742225 
3.287995 2.316417 3.901047 3.782534 4.173321 3.601717 5.478928 4.013425 3.730194 3.223327 2.732541 2.721533 2.792767 2.684809 4.403475 2.615706 3.134254 3.070077 2.623605 3.436270 4.843691 
3.351037 2.375934 3.984107 3.863009 4.270051 3.685774 5.588218 4.100134 3.821162 3.287963 2.781978 2.779586 2.841727 2.730812 4.512002 2.669397 3.197225 3.133114 2.686945 3.497909 4.946035 
3.413806 2.435983 4.068216 3.944555 4.367667 3.770607 5.698661 4.187683 3.913186 3.352780 2.831656 2.838114 2.890517 2.776785 4.621779 2.723713 3.260377 3.196617 2.750914 3.559500 5.049262 
3.476261 2.496552 4.153398 4.027198 4.466160 3.856208 5.810283 4.276079 4.006262 3.417760 2.881579 2.897119 2.939119 2.822721 4.732802 2.778668 3.323696 3.260587 2.815503 3.621026 5.153375 
3.538357 2.557624 4.239678 4.110969 4.565518 3.942566 5.923115 4.365329 4.100390 3.482882 2.931750 2.956598 2.987512 2.868611 4.845064 2.834277 3.387166 3.325025 2.880703 3.682472 5.258380 
3.600053 2.619185 4.327083 4.195895 4.665732 4.029673 6.037184 4.455440 4.195567 3.548126 2.982176 3.016552 3.035677 2.914449 4.958561 2.890553 3.450771 3.389935 2.946505 3.743821 5.364283 
3.661304 2.681219 4.415639 4.282008 4.766790 4.117516 6.152521 4.546417 4.291791 3.613471 3.032859 3.076979 3.083595 2.960228 5.073287 2.947513 3.514495 3.455318 3.012899 3.805058 5.471089 
3.722065 2.743710 4.505372 4.369338 4.868681 4.206087 6.269156 4.638268 4.389059 3.678896 3.083806 3.137880 3.131244 3.005941 5.189237 3.005170 3.578320 3.521178 3.079874 3.866167 5.578803 
3.782291 2.806641 4.596310 4.457916 4.971393 4.295374 6.387120 4.731001 4.487370 3.744380 3.135021 3.199254 3.178606 3.051581 5.306403 3.063540 3.642230 3.587517 3.147422 3.927131 5.687431 
3.841936 2.869996 4.688482 4.547774 5.074915 4.385366 6.506446 4.824623 4.586720 3.809901 3.186509 3.261101 3.225659 3.097141 5.424779 3.122639 3.706209 3.654338 3.215530 3.987934 5.796980 
3.900954 2.933759 4.781915 4.638946 5.179235 4.476051 6.627165 4.919141 4.687107 3.875436 3.238277 3.323419 3.272384 3.142615 5.544359 3.182482 3.770239 3.721644 3.284187 4.048560 5.907456 
3.959296 2.997910 4.876640 4.731463 5.284341 4.567419 6.749311 5.014563 4.788527 3.940963 3.290330 3.386210 3.318759 3.187995 5.665136 3.243087 3.834303 3.789438 3.353384 4.108993 6.018866 
4.016914 3.062434 4.972685 4.825361 5.390218 4.659457 6.872919 5.110897 4.890978 4.006459 3.342675 3.449472 3.364764 3.233276 5.787101 3.304469 3.898383 3.857724 3.423107 4.169216 6.131216 
4.073759 3.127312 5.070082 4.920674 5.496856 4.752153 6.998021 5.208152 4.994456 4.071900 3.395317 3.513205 3.410377 3.278451 5.910248 3.366645 3.962463 3.926507 3.493346 4.229212 6.244514 
4.129782 3.192525 5.168862 5.017436 5.604240 4.845495 7.124655 5.306335 5.098956 4.137262 3.448263 3.577410 3.455577 3.323512 6.034568 3.429632 4.026523 3.995788 3.564087 4.288965 6.358768 
4.184932 3.258055 5.269055 5.115685 5.712356 4.939469 7.252855 5.405455 5.204477 4.202522 3.501520 3.642085 3.500343 3.368454 6.160053 3.493448 4.090546 4.065574 3.635318 4.348459 6.473983 
4.239158 3.323882 5.370695 5.215457 5.821192 5.034063 7.382659 5.505521 5.311014 4.267655 3.555095 3.707231 3.544653 3.413271 6.286695 3.558110 4.154513 4.135867 3.707027 4.407676 6.590169 
4.292409 3.389987 5.473813 5.316789 5.930732 5.129264 7.514104 5.606543 5.418562 4.332635 3.608995 3.772848 3.588486 3.457956 6.414485 3.623636 4.218407 4.206672 3.779200 4.466601 6.707334 
4.344630 3.456350 5.578444 5.419718 6.040963 5.225058 7.647228 5.708528 5.527118 4.397438 3.663228 3.838934 3.631819 3.502503 6.543414 3.690045 4.282208 4.277995 3.851823 4.525215 6.825486 
4.395770 3.522951 5.684621 5.524285 6.151869 5.321430 7.782070 5.811487 5.636677 4.462037 3.717802 3.905492 3.674631 3.546905 6.673471 3.757355 4.345898 4.349839 3.924883 4.583504 6.944633 
4.445774 3.589770 5.792378 5.630527 6.263436 5.418367 7.918669 5.915428 5.747234 4.526406 3.772724 3.972519 3.716899 3.591158 6.804649 3.825584 4.409457 4.422209 3.998366 4.641448 7.064784 
4.494588 3.656786 5.901752 5.738486 6.375649 5.515855 8.057065 6.020362 5.858786 4.590520 3.828003 4.040017 3.758600 3.635254 6.936936 3.894752 4.472867 4.495112 4.072257 4.699032 7.185948 
4.542156 3.723976 6.012777 5.848200 6.488491 5.613879 8.197299 6.126299 5.971327 4.654350 3.883647 4.107985 3.799712 3.679188 7.070323 3.964879 4.536108 4.568551 4.146541 4.756239 7.308134 
4.588421 3.791321 6.125489 5.959713 6.601947 5.712423 8.339412 6.233248 6.084851 4.717871 3.939665 4.176423 3.840212 3.722954 7.204799 4.035983 4.599159 4.642534 4.221203 4.813050 7.431352 
4.633327 3.858797 6.239926 6.073065 6.716000 5.811473 8.483448 6.341221 6.199355 4.781053 3.996065 4.245332 3.880077 3.766547 7.340353 4.108086 4.662003 4.717064 4.296229 4.869450 7.555612 
NaN NaN NaN NaN NaN NaN NaN NaN NaN NaN NaN NaN NaN NaN NaN NaN NaN NaN NaN NaN NaN 
NaN NaN NaN NaN NaN NaN NaN NaN NaN NaN NaN NaN NaN NaN NaN NaN NaN NaN NaN NaN NaN 
NaN NaN NaN NaN NaN NaN NaN NaN NaN NaN NaN NaN NaN NaN NaN NaN NaN NaN NaN NaN NaN 
NaN NaN NaN NaN NaN NaN NaN NaN NaN NaN NaN NaN NaN NaN NaN NaN NaN NaN NaN NaN NaN 
