NaN NaN NaN NaN NaN NaN NaN NaN NaN NaN NaN NaN NaN NaN NaN NaN NaN NaN NaN NaN NaN NaN NaN NaN NaN NaN NaN NaN 
NaN NaN NaN NaN NaN NaN NaN NaN NaN NaN NaN NaN NaN NaN NaN NaN NaN NaN NaN NaN NaN NaN NaN NaN NaN NaN NaN NaN 
NaN NaN NaN NaN NaN NaN NaN NaN NaN NaN NaN NaN NaN NaN NaN NaN NaN NaN NaN NaN NaN NaN NaN NaN NaN NaN NaN NaN 
NaN NaN NaN NaN NaN NaN NaN NaN NaN NaN NaN NaN NaN NaN NaN NaN NaN NaN NaN NaN NaN NaN NaN NaN NaN NaN NaN NaN 
NaN NaN NaN NaN NaN NaN NaN NaN NaN NaN NaN NaN NaN NaN NaN NaN NaN NaN NaN NaN NaN NaN NaN NaN NaN NaN NaN NaN 
-2.085036 -2.260933 -1.766693 -1.580117 -0.636460 -1.926742 -1.289780 -0.680534 -1.421079 -0.775205 -1.331692 -1.553683 -1.205422 -0.587752 -0.294443 -1.229774 -1.541396 -1.727548 -0.617397 -0.877485 0.095488 -1.050678 -0.602013 -1.822611 -1.871951 -1.931361 -0.673301 -1.995289 
-2.063094 -2.190238 -1.747524 -1.559036 -0.682879 -1.873590 -1.242652 -0.699195 -1.421905 -0.747331 -1.327501 -1.617782 -1.204459 -0.643737 -0.352916 -1.227083 -1.512710 -1.703957 -0.672233 -0.900610 0.000370 -1.086273 -0.655478 -1.785964 -1.817009 -1.805057 -0.703640 -1.981865 
-2.039603 -2.121249 -1.727771 -1.537908 -0.725910 -1.822222 -1.197717 -0.715973 -1.420658 -0.721030 -1.321550 -1.675585 -1.201758 -0.695470 -0.407527 -1.223178 -1.484312 -1.680634 -0.722874 -0.921598 -0.088967 -1.118763 -0.705751 -1.749654 -1.763721 -1.685378 -0.731981 -1.966493 
-2.014620 -2.053915 -1.707425 -1.516699 -0.765622 -1.772548 -1.154874 -0.730909 -1.417405 -0.696218 -1.313905 -1.727271 -1.197379 -0.743057 -0.458363 -1.218080 -1.456174 -1.657521 -0.769428 -0.940482 -0.172668 -1.148205 -0.752866 -1.713658 -1.712015 -1.572101 -0.758334 -1.949241 
-1.988201 -1.988191 -1.686480 -1.495381 -0.802082 -1.724477 -1.114025 -0.744045 -1.412209 -0.672816 -1.304630 -1.773013 -1.191385 -0.786605 -0.505512 -1.211809 -1.428270 -1.634560 -0.812002 -0.957293 -0.250876 -1.174654 -0.796853 -1.677948 -1.661821 -1.465002 -0.782712 -1.930172 
-1.960402 -1.924028 -1.664927 -1.473922 -0.835358 -1.677922 -1.075074 -0.755422 -1.405135 -0.650744 -1.293788 -1.812985 -1.183836 -0.826220 -0.549061 -1.204386 -1.400573 -1.611696 -0.850699 -0.972064 -0.323729 -1.198167 -0.837746 -1.642500 -1.613068 -1.363862 -0.805125 -1.909350 
-1.931276 -1.861379 -1.642761 -1.452292 -0.865517 -1.632797 -1.037924 -0.765078 -1.396246 -0.629923 -1.281440 -1.847357 -1.174791 -0.862004 -0.589093 -1.195832 -1.373056 -1.588872 -0.885623 -0.984825 -0.391367 -1.218799 -0.875577 -1.607290 -1.565689 -1.268464 -0.825586 -1.886839 
-1.900876 -1.800198 -1.619973 -1.430462 -0.892623 -1.589016 -1.002480 -0.773055 -1.385601 -0.610276 -1.267648 -1.876296 -1.164308 -0.894061 -0.625693 -1.186166 -1.345693 -1.566036 -0.916875 -0.995607 -0.453927 -1.236604 -0.910376 -1.572292 -1.519616 -1.178594 -0.844105 -1.862700 
-1.869255 -1.740440 -1.596557 -1.408404 -0.916744 -1.546497 -0.968651 -0.779391 -1.373264 -0.591728 -1.252470 -1.899968 -1.152443 -0.922491 -0.658944 -1.175409 -1.318458 -1.543133 -0.944556 -1.004441 -0.511544 -1.251635 -0.942178 -1.537483 -1.474783 -1.094042 -0.860695 -1.836993 
-1.836462 -1.682059 -1.572508 -1.386091 -0.937942 -1.505156 -0.936345 -0.784124 -1.359292 -0.574204 -1.235965 -1.918535 -1.139252 -0.947394 -0.688928 -1.163580 -1.291326 -1.520113 -0.968765 -1.011358 -0.564349 -1.263947 -0.971013 -1.502840 -1.431123 -1.014601 -0.875368 -1.809777 
-1.802549 -1.625010 -1.547818 -1.363494 -0.956281 -1.464913 -0.905473 -0.787292 -1.343745 -0.557631 -1.218190 -1.932158 -1.124790 -0.968869 -0.715726 -1.150701 -1.264271 -1.496925 -0.989598 -1.016388 -0.612476 -1.273591 -0.996914 -1.468339 -1.388574 -0.940065 -0.888136 -1.781112 
-1.767564 -1.569248 -1.522481 -1.340586 -0.971826 -1.425688 -0.875946 -0.788931 -1.326681 -0.541938 -1.199201 -1.940996 -1.109109 -0.987013 -0.739420 -1.136789 -1.237267 -1.473519 -1.007150 -1.019561 -0.656053 -1.280618 -1.019913 -1.433957 -1.347072 -0.870233 -0.899010 -1.751053 
-1.731555 -1.514731 -1.496492 -1.317343 -0.984637 -1.387402 -0.847677 -0.789080 -1.308155 -0.527054 -1.179053 -1.945203 -1.092263 -1.001921 -0.760087 -1.121866 -1.210291 -1.449846 -1.021517 -1.020908 -0.695209 -1.285081 -1.040041 -1.399673 -1.306554 -0.804908 -0.908004 -1.719657 
-1.694568 -1.461414 -1.469845 -1.293739 -0.994776 -1.349980 -0.820581 -0.787773 -1.288224 -0.512911 -1.157800 -1.944933 -1.074301 -1.013689 -0.777807 -1.105950 -1.183318 -1.425861 -1.032791 -1.020457 -0.730069 -1.287028 -1.057332 -1.365463 -1.266959 -0.743893 -0.915131 -1.686978 
-1.656650 -1.409255 -1.442534 -1.269748 -1.002305 -1.313345 -0.794575 -0.785045 -1.266943 -0.499440 -1.135495 -1.940336 -1.055273 -1.022408 -0.792656 -1.089060 -1.156323 -1.401517 -1.041063 -1.018238 -0.760757 -1.286510 -1.071817 -1.331307 -1.228228 -0.686995 -0.920402 -1.653071 
-1.617846 -1.358212 -1.414553 -1.245346 -1.007283 -1.277423 -0.769576 -0.780932 -1.244364 -0.486576 -1.112189 -1.931562 -1.035228 -1.028172 -0.804711 -1.071217 -1.129283 -1.376768 -1.046422 -1.014281 -0.787396 -1.283576 -1.083528 -1.297183 -1.190302 -0.634027 -0.923831 -1.617988 
-1.578199 -1.308243 -1.385898 -1.220511 -1.009769 -1.242141 -0.745504 -0.775469 -1.220541 -0.474254 -1.087931 -1.918756 -1.014214 -1.031071 -0.814047 -1.052439 -1.102174 -1.351572 -1.048958 -1.008614 -0.810107 -1.278273 -1.092498 -1.263070 -1.153122 -0.584801 -0.925431 -1.581780 
-1.537752 -1.259307 -1.356564 -1.195218 -1.009823 -1.207429 -0.722279 -0.768687 -1.195524 -0.462410 -1.062773 -1.902062 -0.992276 -1.031193 -0.820740 -1.032746 -1.074974 -1.325885 -1.048755 -1.001266 -0.829008 -1.270650 -1.098757 -1.228948 -1.116633 -0.539134 -0.925215 -1.544498 
-1.496547 -1.211362 -1.326546 -1.169446 -1.007503 -1.173215 -0.699823 -0.760621 -1.169366 -0.450982 -1.036760 -1.881621 -0.969459 -1.028628 -0.824862 -1.012155 -1.047658 -1.299666 -1.045901 -0.992266 -0.844217 -1.260753 -1.102339 -1.194796 -1.080777 -0.496846 -0.923197 -1.506191 
-1.454625 -1.164369 -1.295838 -1.143173 -1.002865 -1.139432 -0.678060 -0.751303 -1.142115 -0.439909 -1.009942 -1.857572 -0.945808 -1.023461 -0.826486 -0.990686 -1.020205 -1.272875 -1.040478 -0.981641 -0.855849 -1.248628 -1.103276 -1.160595 -1.045501 -0.457760 -0.919391 -1.466906 
-1.412025 -1.118288 -1.264437 -1.116377 -0.995966 -1.106011 -0.656916 -0.740765 -1.113820 -0.429132 -0.982362 -1.830051 -0.921366 -1.015777 -0.825684 -0.968358 -0.992591 -1.245473 -1.032569 -0.969420 -0.864017 -1.234320 -1.101598 -1.126326 -1.010751 -0.421701 -0.913809 -1.426692 
-1.368787 -1.073079 -1.232339 -1.089038 -0.986861 -1.072886 -0.636318 -0.729038 -1.084528 -0.418592 -0.954066 -1.799193 -0.896173 -1.005661 -0.822525 -0.945188 -0.964796 -1.217421 -1.022254 -0.955631 -0.868833 -1.217876 -1.097339 -1.091970 -0.976474 -0.388499 -0.906466 -1.385594 
-1.324947 -1.028704 -1.199539 -1.061136 -0.975607 -1.039994 -0.616192 -0.716152 -1.054287 -0.408232 -0.925097 -1.765127 -0.870269 -0.993195 -0.817081 -0.921196 -0.936796 -1.188683 -1.009612 -0.940301 -0.870407 -1.199337 -1.090530 -1.057507 -0.942619 -0.357984 -0.897375 -1.343656 
-1.280543 -0.985126 -1.166033 -1.032652 -0.962257 -1.007271 -0.596470 -0.702139 -1.023142 -0.397997 -0.895498 -1.727985 -0.843696 -0.978461 -0.809419 -0.896399 -0.908571 -1.159223 -0.994722 -0.923458 -0.868847 -1.178749 -1.081204 -1.022920 -0.909135 -0.329993 -0.886552 -1.300922 
-1.235611 -0.942305 -1.131819 -1.003567 -0.946865 -0.974654 -0.577082 -0.687026 -0.991137 -0.387833 -0.865309 -1.687893 -0.816489 -0.961539 -0.799608 -0.870815 -0.880099 -1.129006 -0.977659 -0.905128 -0.864260 -1.156153 -1.069392 -0.988191 -0.875973 -0.304363 -0.874010 -1.257434 
-1.190184 -0.900204 -1.096891 -0.973863 -0.929485 -0.942084 -0.557961 -0.670844 -0.958317 -0.377687 -0.834571 -1.644974 -0.788687 -0.942507 -0.787714 -0.844463 -0.851360 -1.098000 -0.958499 -0.885338 -0.856750 -1.131592 -1.055127 -0.953303 -0.843086 -0.280935 -0.859763 -1.213235 
-1.144297 -0.858788 -1.061247 -0.943523 -0.910167 -0.909500 -0.539041 -0.653620 -0.924723 -0.367507 -0.803323 -1.599351 -0.760324 -0.921442 -0.773803 -0.817360 -0.822333 -1.066170 -0.937314 -0.864115 -0.846420 -1.105106 -1.038439 -0.918238 -0.810424 -0.259553 -0.843827 -1.168363 
-1.097982 -0.818020 -1.024884 -0.912530 -0.888963 -0.876846 -0.520258 -0.635383 -0.890398 -0.357244 -0.771602 -1.551144 -0.731436 -0.898421 -0.757940 -0.789525 -0.792997 -1.033487 -0.914177 -0.841486 -0.833370 -1.076738 -1.019362 -0.882979 -0.777943 -0.240064 -0.826216 -1.122859 
-1.051272 -0.777864 -0.987798 -0.880866 -0.865925 -0.844064 -0.501550 -0.616159 -0.855382 -0.346848 -0.739445 -1.500468 -0.702055 -0.873518 -0.740188 -0.760973 -0.763333 -0.999921 -0.889156 -0.817477 -0.817701 -1.046525 -0.997928 -0.847512 -0.745598 -0.222318 -0.806946 -1.076760 
-1.004195 -0.738285 -0.949988 -0.848518 -0.841103 -0.811100 -0.482854 -0.595975 -0.819714 -0.336273 -0.706887 -1.447441 -0.672215 -0.846807 -0.720612 -0.731724 -0.733321 -0.965442 -0.862323 -0.792112 -0.799510 -1.014509 -0.974167 -0.811819 -0.713344 -0.206169 -0.786031 -1.030104 
-0.956783 -0.699249 -0.911449 -0.815469 -0.814545 -0.777899 -0.464111 -0.574857 -0.783434 -0.325471 -0.673964 -1.392172 -0.641945 -0.818360 -0.699272 -0.701794 -0.702941 -0.930022 -0.833742 -0.765419 -0.778891 -0.980727 -0.948113 -0.775885 -0.681138 -0.191472 -0.763486 -0.982925 
-0.909064 -0.660721 -0.872181 -0.781706 -0.786301 -0.744410 -0.445263 -0.552830 -0.746578 -0.314399 -0.640707 -1.334773 -0.611276 -0.788248 -0.676230 -0.671201 -0.672174 -0.893636 -0.803482 -0.737423 -0.755940 -0.945217 -0.919797 -0.739695 -0.648938 -0.178086 -0.739327 -0.935258 
-0.861065 -0.622667 -0.832181 -0.747214 -0.756418 -0.710581 -0.426252 -0.529920 -0.709185 -0.303012 -0.607149 -1.275350 -0.580237 -0.756539 -0.651546 -0.639961 -0.641002 -0.856257 -0.771604 -0.708148 -0.730748 -0.908017 -0.889250 -0.703234 -0.616705 -0.165874 -0.713570 -0.887138 
-0.812813 -0.585055 -0.791446 -0.711980 -0.724943 -0.676363 -0.407024 -0.506150 -0.671288 -0.291269 -0.573321 -1.214009 -0.548854 -0.723303 -0.625279 -0.608092 -0.609406 -0.817861 -0.738174 -0.677621 -0.703405 -0.869163 -0.856506 -0.666488 -0.584397 -0.154701 -0.686230 -0.838596 
-0.764333 -0.547852 -0.749975 -0.675993 -0.691924 -0.641706 -0.387525 -0.481544 -0.632923 -0.279130 -0.539252 -1.150853 -0.517155 -0.688605 -0.597486 -0.575610 -0.577367 -0.778425 -0.703251 -0.645864 -0.674001 -0.828690 -0.821596 -0.629442 -0.551976 -0.144436 -0.657323 -0.789663 
-0.715650 -0.511025 -0.707766 -0.639239 -0.657405 -0.606565 -0.367702 -0.456126 -0.594124 -0.266553 -0.504972 -1.085981 -0.485164 -0.652512 -0.568227 -0.542532 -0.544868 -0.737928 -0.666895 -0.612904 -0.642621 -0.786634 -0.784551 -0.592084 -0.519405 -0.134949 -0.626866 -0.740370 
-0.666787 -0.474544 -0.664817 -0.601707 -0.621432 -0.570893 -0.347504 -0.429917 -0.554922 -0.253503 -0.470507 -1.019492 -0.452906 -0.615088 -0.537555 -0.508875 -0.511892 -0.696347 -0.629165 -0.578765 -0.609351 -0.743030 -0.745404 -0.554400 -0.486647 -0.126115 -0.594874 -0.690745 
-0.617767 -0.438376 -0.621128 -0.563388 -0.584048 -0.534647 -0.326882 -0.402939 -0.515350 -0.239941 -0.435884 -0.951481 -0.420403 -0.576395 -0.505528 -0.474655 -0.478420 -0.653664 -0.590118 -0.543469 -0.574274 -0.697911 -0.704187 -0.516377 -0.453666 -0.117811 -0.561364 -0.640817 
-0.568611 -0.402492 -0.576698 -0.524269 -0.545299 -0.497783 -0.305789 -0.375214 -0.475439 -0.225832 -0.401128 -0.882040 -0.387677 -0.536494 -0.472199 -0.439888 -0.444435 -0.609859 -0.549810 -0.507042 -0.537471 -0.651310 -0.660931 -0.478003 -0.420429 -0.109918 -0.526352 -0.590613 
-0.519340 -0.366861 -0.531524 -0.484343 -0.505225 -0.460259 -0.284177 -0.346762 -0.435217 -0.211144 -0.366263 -0.811261 -0.354749 -0.495448 -0.437621 -0.404590 -0.409922 -0.564916 -0.508293 -0.469507 -0.499022 -0.603260 -0.615668 -0.439265 -0.386901 -0.102318 -0.489855 -0.540157 
-0.469973 -0.331454 -0.485607 -0.443600 -0.463871 -0.422037 -0.262002 -0.317605 -0.394714 -0.195841 -0.331312 -0.739232 -0.321637 -0.453313 -0.401847 -0.368778 -0.374863 -0.518817 -0.465620 -0.430887 -0.459005 -0.553792 -0.568431 -0.400152 -0.353051 -0.094900 -0.451889 -0.489475 
-0.420528 -0.296242 -0.438947 -0.402032 -0.421276 -0.383076 -0.239221 -0.287760 -0.353957 -0.179895 -0.296297 -0.666038 -0.288360 -0.410147 -0.364928 -0.332467 -0.339242 -0.471548 -0.421842 -0.391205 -0.417495 -0.502937 -0.519251 -0.360653 -0.318846 -0.087551 -0.412473 -0.438590 
-0.371024 -0.261196 -0.391541 -0.359632 -0.377483 -0.343339 -0.215792 -0.257247 -0.312973 -0.163274 -0.261238 -0.591762 -0.254936 -0.366008 -0.326916 -0.295674 -0.303044 -0.423094 -0.377008 -0.350484 -0.374567 -0.450726 -0.468160 -0.320756 -0.284258 -0.080165 -0.371622 -0.387523 
-0.321475 -0.226287 -0.343392 -0.316391 -0.332530 -0.302791 -0.191673 -0.226085 -0.271787 -0.145949 -0.226155 -0.516487 -0.221379 -0.320949 -0.287858 -0.258413 -0.266252 -0.373443 -0.331167 -0.308747 -0.330294 -0.397187 -0.415189 -0.280452 -0.249257 -0.072637 -0.329355 -0.336297 
-0.271898 -0.191490 -0.294497 -0.272304 -0.286457 -0.261396 -0.166828 -0.194291 -0.230424 -0.127894 -0.191066 -0.440290 -0.187705 -0.275025 -0.247805 -0.220701 -0.228852 -0.322583 -0.284365 -0.266016 -0.284746 -0.342352 -0.360371 -0.239729 -0.213814 -0.064865 -0.285689 -0.284931 
-0.222308 -0.156775 -0.244859 -0.227365 -0.239302 -0.219121 -0.141217 -0.161882 -0.188908 -0.109083 -0.155988 -0.363247 -0.153926 -0.228287 -0.206802 -0.182553 -0.190829 -0.270503 -0.236646 -0.222314 -0.237991 -0.286246 -0.303738 -0.198579 -0.177904 -0.056752 -0.240640 -0.233444 
-0.172716 -0.122118 -0.194476 -0.181569 -0.191105 -0.175934 -0.114805 -0.128875 -0.147261 -0.089490 -0.120937 -0.285432 -0.120056 -0.180787 -0.164898 -0.143983 -0.152168 -0.217194 -0.188054 -0.177662 -0.190098 -0.228899 -0.245321 -0.156991 -0.141500 -0.048202 -0.194228 -0.181854 
-0.123136 -0.087491 -0.143350 -0.134910 -0.141900 -0.131805 -0.087558 -0.095287 -0.105505 -0.069094 -0.085929 -0.206917 -0.086105 -0.132575 -0.122138 -0.105008 -0.112854 -0.162647 -0.138631 -0.132082 -0.141131 -0.170336 -0.185152 -0.114957 -0.104576 -0.039123 -0.146469 -0.130178 
-0.073579 -0.052870 -0.091481 -0.087386 -0.091726 -0.086704 -0.059442 -0.061131 -0.063660 -0.047871 -0.050976 -0.127770 -0.052084 -0.083698 -0.078566 -0.065642 -0.072873 -0.106855 -0.088417 -0.085596 -0.091153 -0.110585 -0.123263 -0.072468 -0.067110 -0.029424 -0.097383 -0.078430 
-0.024055 -0.018229 -0.038871 -0.038992 -0.040617 -0.040602 -0.030427 -0.026424 -0.021746 -0.025801 -0.016091 -0.048057 -0.018001 -0.034204 -0.034226 -0.025900 -0.032212 -0.049813 -0.037451 -0.038224 -0.040228 -0.049670 -0.059686 -0.029515 -0.029079 -0.019021 -0.046987 -0.026626 
0.025427 0.016456 0.014480 0.010274 0.011390 0.006526 -0.000483 0.008820 0.020218 -0.002864 0.018713 0.032156 0.016136 0.015862 0.010839 0.014203 0.009143 0.008486 0.014229 0.010011 0.011586 0.012384 0.005547 0.013908 0.009539 -0.007830 0.004701 0.025221 
0.074858 0.051209 0.068571 0.060414 0.064263 0.054705 0.030420 0.044588 0.062214 0.020956 0.053428 0.112809 0.050321 0.066456 0.056587 0.054653 0.051204 0.068044 0.066588 0.059091 0.064231 0.075552 0.072405 0.057810 0.048765 0.004229 0.057662 0.077099 
0.124232 0.086054 0.123399 0.111430 0.117968 0.103961 0.062308 0.080867 0.104227 0.045676 0.088043 0.193842 0.084548 0.117533 0.102977 0.095434 0.093986 0.128865 0.119591 0.108993 0.117649 0.139811 0.140857 0.102197 0.088618 0.017235 0.111876 0.128998 
0.173541 0.121014 0.178964 0.163322 0.172471 0.154314 0.095206 0.117645 0.146241 0.071313 0.122552 0.275198 0.118814 0.169053 0.149970 0.136534 0.137501 0.190950 0.173206 0.159697 0.171786 0.205139 0.210869 0.147077 0.129116 0.031259 0.167326 0.180906 
0.222781 0.156110 0.235263 0.216092 0.227741 0.205787 0.129139 0.154908 0.188240 0.097879 0.156946 0.356824 0.153115 0.220975 0.197526 0.177936 0.181760 0.254298 0.227400 0.211185 0.226590 0.271513 0.282410 0.192455 0.170277 0.046375 0.223992 0.232816 
0.271948 0.191366 0.292294 0.269739 0.283747 0.258399 0.164128 0.192647 0.230211 0.125388 0.191220 0.438666 0.187449 0.273260 0.245607 0.219628 0.226777 0.318911 0.282143 0.263434 0.282010 0.338911 0.355449 0.238338 0.212117 0.062649 0.281856 0.284720 
0.321038 0.226802 0.350055 0.324261 0.340456 0.312168 0.200196 0.230850 0.272142 0.153850 0.225370 0.520675 0.221816 0.325870 0.294177 0.261595 0.272562 0.384784 0.337409 0.316427 0.337995 0.407314 0.429954 0.284732 0.254652 0.080147 0.340897 0.336611 
0.370050 0.262440 0.408544 0.379658 0.397841 0.367112 0.237360 0.269507 0.314021 0.183275 0.259392 0.602805 0.256216 0.378769 0.343200 0.303824 0.319128 0.451917 0.393168 0.370144 0.394500 0.476701 0.505893 0.331641 0.297895 0.098930 0.401097 0.388484 
0.418982 0.298299 0.467758 0.435927 0.455871 0.423247 0.275640 0.308609 0.355838 0.213672 0.293283 0.685009 0.290651 0.431921 0.392640 0.346300 0.366484 0.520303 0.449396 0.424565 0.451477 0.547053 0.583234 0.379070 0.341860 0.119059 0.462435 0.440334 
0.467834 0.334401 0.527694 0.493066 0.514518 0.480586 0.315052 0.348146 0.397582 0.245048 0.327044 0.767247 0.325125 0.485294 0.442462 0.389011 0.414643 0.589939 0.506070 0.479671 0.508883 0.618351 0.661946 0.427024 0.386558 0.140588 0.524892 0.492158 
0.516607 0.370763 0.588350 0.551071 0.573754 0.539143 0.355610 0.388110 0.439246 0.277408 0.360673 0.849477 0.359640 0.538853 0.492635 0.431942 0.463614 0.660817 0.563166 0.535445 0.566677 0.690577 0.741996 0.475506 0.432002 0.163571 0.588449 0.543955 
0.565303 0.407406 0.649721 0.609938 0.633552 0.598929 0.397329 0.428494 0.480821 0.310758 0.394173 0.931663 0.394202 0.592569 0.543126 0.475080 0.513409 0.732929 0.620663 0.591867 0.624817 0.763715 0.823354 0.524521 0.478200 0.188057 0.653084 0.595723 
0.613926 0.444347 0.711806 0.669662 0.693886 0.659955 0.440219 0.469290 0.522301 0.345100 0.427544 1.013768 0.428818 0.646410 0.593902 0.518412 0.564036 0.806268 0.678542 0.648919 0.683266 0.837747 0.905987 0.574072 0.525161 0.214094 0.718778 0.647463 
0.662478 0.481605 0.774600 0.730239 0.754729 0.722230 0.484293 0.510491 0.563681 0.380437 0.460791 1.095761 0.463495 0.700350 0.644935 0.561926 0.615506 0.880823 0.736785 0.706584 0.741985 0.912657 0.989864 0.624161 0.572894 0.241724 0.785510 0.699175 
0.710965 0.519197 0.838099 0.791663 0.816058 0.785760 0.529558 0.552092 0.604955 0.416768 0.493918 1.177612 0.498242 0.754359 0.696195 0.605607 0.667827 0.956584 0.795376 0.764843 0.800942 0.988431 1.074952 0.674791 0.621405 0.270990 0.853260 0.750863 
0.759393 0.557139 0.902300 0.853927 0.877848 0.850553 0.576022 0.594087 0.646121 0.454093 0.526932 1.259291 0.533069 0.808414 0.747653 0.649443 0.721010 1.033537 0.854299 0.823679 0.860101 1.065054 1.161222 0.725965 0.670700 0.301928 0.922007 0.802530 
0.807768 0.595449 0.967199 0.917024 0.940076 0.916614 0.623692 0.636472 0.687175 0.492409 0.559837 1.340774 0.567986 0.862488 0.799283 0.693422 0.775062 1.111670 0.913541 0.883075 0.919433 1.142513 1.248639 0.777684 0.720783 0.334573 0.991730 0.854180 
0.856100 0.634141 1.032791 0.980946 1.002718 0.983945 0.672572 0.679241 0.728116 0.531713 0.592644 1.422037 0.603007 0.916559 0.851056 0.737530 0.829993 1.190968 0.973090 0.943013 0.978906 1.220793 1.337174 0.829948 0.771657 0.368957 1.062408 0.905820 
0.904397 0.673232 1.099071 1.045686 1.065753 1.052548 0.722664 0.722391 0.768943 0.572000 0.625361 1.503060 0.638144 0.970604 0.902949 0.781756 0.885810 1.271416 1.032935 1.003478 1.038494 1.299883 1.426794 0.882761 0.823326 0.405109 1.134020 0.957455 
0.952669 0.712736 1.166036 1.111235 1.129160 1.122426 0.773970 0.765920 0.809657 0.613263 0.657998 1.583824 0.673411 1.024604 0.954936 0.826087 0.942521 1.352996 1.093068 1.064452 1.098171 1.379770 1.517467 0.936121 0.875790 0.443054 1.206544 1.009096 
1.000928 0.752668 1.233681 1.177582 1.192917 1.193576 0.826491 0.809824 0.850259 0.655496 0.690566 1.664314 0.708826 1.078539 1.006994 0.870511 1.000134 1.435691 1.153480 1.125919 1.157912 1.460445 1.609163 0.990029 0.929051 0.482815 1.279960 1.060749 
1.049184 0.793041 1.302000 1.244718 1.257005 1.265997 0.880225 0.854101 0.890752 0.698689 0.723079 1.744516 0.744404 1.132390 1.059101 0.915015 1.058656 1.519483 1.214166 1.187863 1.217694 1.541896 1.701849 1.044485 0.983106 0.524412 1.354245 1.112427 
1.097452 0.833869 1.370988 1.312632 1.321404 1.339686 0.935169 0.898751 0.931139 0.742832 0.755550 1.824420 0.780163 1.186141 1.111233 0.959589 1.118094 1.604350 1.275121 1.250267 1.277497 1.624113 1.795493 1.099489 1.037955 0.567860 1.429377 1.164140 
1.145746 0.875164 1.440640 1.381313 1.386097 1.414639 0.991319 0.943773 0.971424 0.787913 0.787994 1.904015 0.816124 1.239777 1.163372 1.004219 1.178455 1.690271 1.336342 1.313118 1.337303 1.707089 1.890065 1.155039 1.093595 0.613174 1.505335 1.215900 
1.194080 0.916939 1.510950 1.450749 1.451066 1.490848 1.048668 0.989165 1.011613 0.833919 0.820426 1.983297 0.852305 1.293284 1.215497 1.048895 1.239746 1.777224 1.397827 1.376398 1.397093 1.790813 1.985532 1.211135 1.150021 0.660363 1.582097 1.267722 
1.242471 0.959206 1.581913 1.520927 1.516293 1.568307 1.107209 1.034930 1.051712 0.880836 0.852865 2.062261 0.888730 1.346648 1.267589 1.093605 1.301971 1.865186 1.459577 1.440093 1.456853 1.875280 2.081863 1.267774 1.207229 0.709436 1.659640 1.319621 
1.290937 1.001976 1.653522 1.591835 1.581762 1.647006 1.166933 1.081067 1.091729 0.928648 0.885328 2.140906 0.925420 1.399860 1.319631 1.138336 1.365138 1.954131 1.521593 1.504187 1.516569 1.960482 2.179026 1.324954 1.265212 0.760396 1.737942 1.371611 
1.339494 1.045259 1.725772 1.663458 1.647458 1.726937 1.227830 1.127579 1.131671 0.977339 0.917834 2.219232 0.962400 1.452908 1.371606 1.183079 1.429252 2.044034 1.583877 1.568667 1.576230 2.046412 2.276990 1.382673 1.323964 0.813245 1.816979 1.423711 
1.388164 1.089067 1.798656 1.735782 1.713365 1.808087 1.289888 1.174467 1.171549 1.026889 0.950405 2.297244 0.999694 1.505783 1.423497 1.227822 1.494317 2.134868 1.646435 1.633518 1.635824 2.133065 2.375722 1.440929 1.383476 0.867982 1.896731 1.475938 
1.436965 1.133408 1.872167 1.808791 1.779471 1.890443 1.353094 1.221734 1.211372 1.077279 0.983062 2.374948 1.037329 1.558479 1.475290 1.272554 1.560339 2.226604 1.709271 1.698725 1.695345 2.220437 2.475193 1.499717 1.443738 0.924601 1.977173 1.528312 
1.485919 1.178293 1.946300 1.882472 1.845760 1.973992 1.417432 1.269384 1.251153 1.128489 1.015829 2.452350 1.075333 1.610989 1.526971 1.317263 1.627323 2.319214 1.772394 1.764274 1.754786 2.308522 2.575368 1.559035 1.504742 0.983094 2.058282 1.580853 
1.535048 1.223729 2.021047 1.956807 1.912221 2.058717 1.482886 1.317420 1.290903 1.180495 1.048728 2.529462 1.113733 1.663308 1.578527 1.361940 1.695272 2.412666 1.835812 1.830153 1.814142 2.397319 2.676219 1.618878 1.566474 1.043452 2.140036 1.633583 
1.584376 1.269725 2.096400 2.031779 1.978842 2.144603 1.549438 1.365848 1.330637 1.233274 1.081785 2.606297 1.152559 1.715434 1.629945 1.406573 1.764192 2.506929 1.899536 1.896346 1.873410 2.486823 2.777712 1.679242 1.628924 1.105660 2.222411 1.686524 
1.633927 1.316289 2.172354 2.107371 2.045610 2.231629 1.617070 1.414671 1.370367 1.286802 1.115027 2.682871 1.191844 1.767363 1.681216 1.451152 1.834084 2.601971 1.963577 1.962841 1.932589 2.577032 2.879816 1.740123 1.692076 1.169702 2.305383 1.739700 
1.683726 1.363429 2.248900 2.183565 2.112517 2.319778 1.685759 1.463896 1.410110 1.341050 1.148481 2.759201 1.231618 1.819095 1.732327 1.495667 1.904954 2.697758 2.027948 2.029625 1.991680 2.667946 2.982499 1.801514 1.755917 1.235557 2.388929 1.793136 
1.733800 1.411149 2.326030 2.260342 2.179551 2.409028 1.755484 1.513530 1.449883 1.395993 1.182175 2.835307 1.271914 1.870630 1.783271 1.540106 1.976804 2.794254 2.092666 2.096684 2.050686 2.759564 3.085731 1.863411 1.820431 1.303203 2.473025 1.846858 
1.784175 1.459458 2.403738 2.337683 2.246704 2.499357 1.826220 1.563578 1.489702 1.451600 1.216140 2.911213 1.312768 1.921971 1.834040 1.584461 2.049637 2.891424 2.157745 2.164007 2.109610 2.851885 3.189479 1.925808 1.885602 1.372613 2.557647 1.900893 
1.834881 1.508361 2.482015 2.415568 2.313968 2.590741 1.897943 1.614049 1.529586 1.507841 1.250406 2.986942 1.354215 1.973119 1.884625 1.628721 2.123455 2.989230 2.223204 2.231581 2.168460 2.944909 3.293713 1.988698 1.951410 1.443759 2.642771 1.955269 
1.885947 1.557862 2.560852 2.493976 2.381334 2.683154 1.970626 1.664950 1.569554 1.564685 1.285005 3.062524 1.396292 2.024081 1.935020 1.672876 2.198262 3.087633 2.289062 2.299394 2.227242 3.038640 3.398399 2.052074 2.017839 1.516609 2.728372 2.010016 
1.937403 1.607968 2.640242 2.572888 2.448796 2.776571 2.044239 1.716290 1.609627 1.622098 1.319970 3.137987 1.439036 2.074861 1.985221 1.716916 2.274058 3.186595 2.355341 2.367434 2.285966 3.133078 3.503508 2.115931 2.084867 1.591128 2.814426 2.065165 
1.989280 1.658680 2.720177 2.652279 2.516347 2.870964 2.118754 1.768079 1.649827 1.680046 1.355336 3.213364 1.482487 2.125466 2.035223 1.760833 2.350845 3.286074 2.422061 2.435688 2.344645 3.228226 3.609007 2.180259 2.152473 1.667277 2.900909 2.120746 
2.041612 1.710005 2.800646 2.732129 2.583982 2.966303 2.194139 1.820325 1.690175 1.738493 1.391138 3.288690 1.526684 2.175905 2.085022 1.804615 2.428625 3.386028 2.489248 2.504147 2.403290 3.324087 3.714865 2.245052 2.220637 1.745016 2.987795 2.176794 
2.094431 1.761944 2.881641 2.812415 2.651697 3.062558 2.270361 1.873040 1.730695 1.797402 1.427413 3.364002 1.571670 2.226188 2.134616 1.848254 2.507399 3.486416 2.556925 2.572798 2.461917 3.420666 3.821051 2.310301 2.289333 1.824300 3.075060 2.233340 
2.147772 1.814500 2.963154 2.893112 2.719486 3.159698 2.347386 1.926235 1.771411 1.856735 1.464199 3.439339 1.617488 2.276326 2.184003 1.891741 2.587168 3.587191 2.625121 2.641631 2.520544 3.517967 3.927532 2.375998 2.358539 1.905082 3.162679 2.290422 
2.201670 1.867676 3.045175 2.974197 2.787348 3.257688 2.425177 1.979920 1.812349 1.916450 1.501534 3.514743 1.664179 2.326330 2.233184 1.935067 2.667932 3.688310 2.693864 2.710635 2.579188 3.615997 4.034278 2.442134 2.428230 1.987313 3.250626 2.348074 
2.256162 1.921472 3.127695 3.055645 2.855278 3.356495 2.503699 2.034108 1.853536 1.976509 1.539458 3.590259 1.711791 2.376216 2.282157 1.978222 2.749691 3.789726 2.763182 2.779799 2.637869 3.714760 4.141257 2.508699 2.498377 2.070938 3.338876 2.406334 
2.311286 1.975891 3.210703 3.137430 2.923275 3.456083 2.582910 2.088812 1.894998 2.036867 1.578013 3.665934 1.760369 2.425996 2.330926 2.021197 2.832446 3.891390 2.833108 2.849113 2.696611 3.814264 4.248438 2.575683 2.568956 2.155902 3.427404 2.465240 
2.367080 2.030933 3.294190 3.219527 2.991339 3.556414 2.662773 2.144046 1.936764 2.097481 1.617241 3.741816 1.809959 2.475689 2.379492 2.063984 2.916195 3.993255 2.903674 2.918567 2.755437 3.914516 4.355789 2.643077 2.639936 2.242145 3.516183 2.524832 
2.423583 2.086598 3.378147 3.301908 3.059468 3.657449 2.743244 2.199822 1.978864 2.158305 1.657185 3.817957 1.860612 2.525311 2.427857 2.106575 3.000939 4.095271 2.974915 2.988152 2.814372 4.015525 4.463278 2.710870 2.711288 2.329605 3.605189 2.585151 
2.480837 2.142886 3.462562 3.384547 3.127662 3.759149 2.824280 2.256156 2.021327 2.219294 1.697890 3.894412 1.912375 2.574882 2.476028 2.148960 3.086676 4.197386 3.046866 3.057857 2.873445 4.117299 4.570875 2.779051 2.782982 2.418216 3.694394 2.646238 
2.538883 2.199795 3.547425 3.467416 3.195923 3.861471 2.905837 2.313062 2.064186 2.280400 1.739403 3.971236 1.965300 2.624422 2.524009 2.191132 3.173404 4.299549 3.119564 3.127674 2.932683 4.219848 4.678547 2.847609 2.854987 2.507911 3.783773 2.708136 
2.597762 2.257324 3.632727 3.550486 3.264253 3.964375 2.987869 2.370557 2.107472 2.341572 1.781768 4.048489 2.019440 2.673952 2.571805 2.233082 3.261123 4.401706 3.193049 3.197592 2.992120 4.323183 4.786264 2.916532 2.927269 2.598618 3.873299 2.770889 
2.657520 2.315472 3.718455 3.633728 3.332653 4.067814 3.070326 2.428656 2.151220 2.402761 1.825036 4.126231 2.074846 2.723495 2.619425 2.274802 3.349830 4.503803 3.267359 3.267605 3.051787 4.427313 4.893993 2.985809 2.999794 2.690262 3.962947 2.834543 
2.718201 2.374236 3.804600 3.717112 3.401126 4.171745 3.153161 2.487376 2.195463 2.463914 1.869254 4.204527 2.131574 2.773076 2.666876 2.316285 3.439523 4.605784 3.342539 3.337702 3.111719 4.532252 5.001705 3.055426 3.072529 2.782766 4.052689 2.899142 
2.779850 2.433613 3.891149 3.800608 3.469677 4.276120 3.236322 2.546735 2.240237 2.524978 1.914474 4.283442 2.189679 2.822719 2.714167 2.357521 3.530201 4.707592 3.418629 3.407875 3.171952 4.638011 5.109366 3.125372 3.145436 2.876049 4.142498 2.964736 
2.842514 2.493599 3.978093 3.884186 3.538311 4.380890 3.319758 2.606751 2.285578 2.585900 1.960746 4.363045 2.249217 2.872453 2.761309 2.398504 3.621859 4.809171 3.495675 3.478116 3.232525 4.744603 5.216946 3.195632 3.218479 2.970028 4.232348 3.031372 
2.906241 2.554191 4.065418 3.967813 3.607031 4.486007 3.403413 2.667442 2.331525 2.646621 2.008124 4.443407 2.310246 2.922304 2.808312 2.439226 3.714495 4.910459 3.573724 3.548418 3.293478 4.852041 5.324414 3.266193 3.291620 3.064616 4.322211 3.099099 
2.971079 2.615384 4.153114 4.051458 3.675845 4.591420 3.487234 2.728828 2.378114 2.707087 2.056661 4.524600 2.372826 2.972303 2.855188 2.479680 3.808105 5.011399 3.652823 3.618773 3.354852 4.960342 5.431737 3.337042 3.364820 3.159724 4.412061 3.167969 
3.037078 2.677174 4.241169 4.135088 3.744759 4.697075 3.571163 2.790928 2.425386 2.767237 2.106411 4.606702 2.437016 3.022481 2.901951 2.519857 3.902686 5.111928 3.733020 3.689172 3.416691 5.069518 5.538885 3.408164 3.438039 3.255258 4.501869 3.238034 
3.104290 2.739555 4.329570 4.218668 3.813781 4.802921 3.655143 2.853762 2.473381 2.827011 2.157432 4.689789 2.502878 3.072868 2.948613 2.559752 3.998235 5.211984 3.814368 3.759610 3.479041 5.179587 5.645826 3.479545 3.511235 3.351125 4.591609 3.309346 
3.172765 2.802520 4.418306 4.302167 3.882917 4.908901 3.739112 2.917352 2.522140 2.886350 2.209780 4.773942 2.570474 3.123500 2.995191 2.599357 4.094746 5.311503 3.896917 3.830078 3.541948 5.290564 5.752529 3.551168 3.584366 3.447223 4.681252 3.381960 
3.242556 2.866063 4.507363 4.385548 3.952179 5.014959 3.823011 2.981719 2.571707 2.945189 2.263514 4.859245 2.639868 3.174410 3.041699 2.638664 4.192215 5.410421 3.980722 3.900570 3.605462 5.402467 5.858963 3.623020 3.657388 3.543453 4.770771 3.455930 
3.313718 2.930178 4.596730 4.468776 4.021574 5.121038 3.906776 3.046886 2.622123 3.003464 2.318693 4.945782 2.711124 3.225636 3.088155 2.677668 4.290637 5.508672 4.065838 3.971080 3.669633 5.515314 5.965096 3.695083 3.730258 3.639708 4.860137 3.531313 
3.386305 2.994857 4.686393 4.551817 4.091113 5.227079 3.990343 3.112874 2.673435 3.061112 2.375377 5.033642 2.784309 3.277213 3.134576 2.716361 4.390008 5.606189 4.152322 4.041601 3.734514 5.629123 6.070896 3.767342 3.802930 3.735882 4.949323 3.608167 
3.460373 3.060092 4.776339 4.634633 4.160808 5.333021 4.073647 3.179707 2.725686 3.118063 2.433629 5.122914 2.859490 3.329181 3.180980 2.754736 4.490321 5.702903 4.240230 4.112128 3.800159 5.743914 6.176333 3.839781 3.875357 3.831863 5.038300 3.686550 
3.535979 3.125874 4.866556 4.717187 4.230669 5.438802 4.156620 3.247409 2.778924 3.174252 2.493511 5.213691 2.936735 3.381581 3.227388 2.792789 4.591571 5.798746 4.329625 4.182653 3.866623 5.859705 6.281376 3.912381 3.947492 3.927538 5.127039 3.766522 
3.613181 3.192194 4.957030 4.799441 4.300710 5.544360 4.239193 3.316005 2.833196 3.229608 2.555088 5.306068 3.016114 3.434452 3.273820 2.830511 4.693753 5.893648 4.420565 4.253173 3.933966 5.976518 6.385992 3.985126 4.019285 4.022789 5.215513 3.848144 
3.692037 3.259044 5.047747 4.881358 4.370943 5.649629 4.321297 3.385519 2.888550 3.284060 2.618424 5.400142 3.097696 3.487839 3.320298 2.867897 4.796859 5.987536 4.513114 4.323681 4.002246 6.094375 6.490151 4.057998 4.090688 4.117498 5.303691 3.931477 
3.772608 3.326411 5.138694 4.962899 4.441383 5.754545 4.402859 3.455978 2.945036 3.337537 2.683587 5.496013 3.181555 3.541784 3.366844 2.904941 4.900883 6.080337 4.607337 4.394172 4.071526 6.213297 6.593821 4.130979 4.161649 4.211539 5.391546 4.016585 
3.854954 3.394288 5.229857 5.044023 4.512044 5.859039 4.483807 3.527407 3.002705 3.389965 2.750643 5.593784 3.267763 3.596334 3.413481 2.941637 5.005818 6.171979 4.703298 4.464642 4.141867 6.333306 6.696971 4.204051 4.232116 4.304789 5.479047 4.103531 
3.939137 3.462661 5.321221 5.124691 4.582941 5.963044 4.564065 3.599833 3.061607 3.441269 2.819661 5.693559 3.356394 3.651535 3.460234 2.977980 5.111657 6.262387 4.801065 4.535085 4.213336 6.454426 6.799569 4.277193 4.302037 4.397118 5.566166 4.192382 
4.025221 3.531520 5.412773 5.204862 4.654090 6.066489 4.643558 3.673283 3.121795 3.491373 2.890710 5.795444 3.447524 3.707435 3.507129 3.013962 5.218392 6.351483 4.900706 4.605498 4.285998 6.576682 6.901585 4.350388 4.371357 4.488393 5.652874 4.283204 
4.113268 3.600852 5.504498 5.284495 4.725508 6.169303 4.722207 3.747786 3.183322 3.540200 2.963863 5.899550 3.541229 3.764083 3.554191 3.049580 5.326016 6.439191 5.002292 4.675876 4.359923 6.700097 7.002987 4.423616 4.440021 4.578479 5.739140 4.376064 
4.203346 3.670646 5.596381 5.363548 4.797213 6.271413 4.799935 3.823370 3.246244 3.587671 3.039190 6.005989 3.637586 3.821530 3.601449 3.084827 5.434520 6.525433 5.105894 4.746215 4.435181 6.824698 7.103744 4.496855 4.507974 4.667240 5.824935 4.471031 
4.295518 3.740887 5.688407 5.441978 4.869223 6.372746 4.876659 3.900065 3.310615 3.633706 3.116766 6.114873 3.736675 3.879828 3.648929 3.119699 5.543897 6.610128 5.211585 4.816511 4.511844 6.950510 7.203825 4.570087 4.575157 4.754532 5.910229 4.568174 
4.389853 3.811563 5.780562 5.519743 4.941556 6.473226 4.952298 3.977899 3.376491 3.678223 3.196664 6.226321 3.838576 3.939030 3.696662 3.154189 5.654137 6.693197 5.319440 4.886761 4.589986 7.077560 7.303198 4.643290 4.641513 4.840213 5.994992 4.667566 
4.486418 3.882659 5.872829 5.596797 5.014232 6.572776 5.026768 4.056904 3.443931 3.721140 3.278960 6.340451 3.943369 3.999190 3.744678 3.188294 5.765232 6.774557 5.429534 4.956962 4.669683 7.205876 7.401832 4.716443 4.706983 4.924134 6.079194 4.769277 
4.585282 3.954160 5.965195 5.673098 5.087272 6.671319 5.099984 4.137109 3.512992 3.762372 3.363730 6.457385 4.051138 4.060364 3.793008 3.222007 5.877171 6.854126 5.541946 5.027111 4.751011 7.335485 7.499696 4.789524 4.771505 5.006146 6.162804 4.873381 
4.686516 4.026052 6.057643 5.748599 5.160697 6.768774 5.171860 4.218548 3.583735 3.801834 3.451053 6.577246 4.161965 4.122611 3.841683 3.255325 5.989947 6.931820 5.656754 5.097204 4.834051 7.466417 7.596759 4.862511 4.835018 5.086095 6.245792 4.979952 
4.790191 4.098319 6.150157 5.823256 5.234527 6.865061 5.242306 4.301251 3.656219 3.839439 3.541007 6.700161 4.275935 4.185987 3.890738 3.288243 6.103548 7.007552 5.774039 5.167240 4.918884 7.598701 7.692989 4.935383 4.897461 5.163826 6.328127 5.089066 
4.896378 4.170944 6.242721 5.897021 5.308787 6.960099 5.311235 4.385252 3.730506 3.875099 3.633673 6.826259 4.393135 4.250553 3.940206 3.320756 6.217964 7.081237 5.893883 5.237216 5.005592 7.732367 7.788355 5.008116 4.958769 5.239178 6.409778 5.200799 
5.005151 4.243912 6.335320 5.969849 5.383499 7.053802 5.378554 4.470583 3.806658 3.908724 3.729131 6.955670 4.513651 4.316371 3.990122 3.352860 6.333186 7.152788 6.016370 5.307129 5.094259 7.867446 7.882827 5.080687 5.018877 5.311989 6.490715 5.315229 
5.116584 4.317204 6.427937 6.041692 5.458687 7.146088 5.444170 4.557279 3.884739 3.940224 3.827464 7.088529 4.637571 4.383502 4.040521 3.384550 6.449202 7.222115 6.141583 5.376978 5.184973 8.003971 7.976372 5.153073 5.077720 5.382095 6.570906 5.432435 
5.230752 4.390804 6.520556 6.112501 5.534375 7.236868 5.507990 4.645374 3.964813 3.969505 3.928755 7.224971 4.764985 4.452010 4.091442 3.415823 6.566001 7.289130 6.269611 5.446762 5.277822 8.141972 8.068960 5.225249 5.135231 5.449325 6.650320 5.552496 
5.347731 4.464692 6.613159 6.182228 5.610589 7.326056 5.569919 4.734903 4.046946 3.996476 4.033089 7.365134 4.895983 4.521961 4.142922 3.446674 6.683572 7.353740 6.400541 5.516479 5.372895 8.281484 8.160559 5.297193 5.191342 5.513510 6.728925 5.675494 
5.467599 4.538852 6.705730 6.250823 5.687356 7.413563 5.629858 4.825901 4.131204 4.021040 4.140553 7.509159 5.030657 4.593421 4.194999 3.477100 6.801904 7.415854 6.534462 5.586128 5.470284 8.422539 8.251138 5.368878 5.245984 5.574474 6.806690 5.801511 
5.590433 4.613262 6.798252 6.318238 5.764701 7.499298 5.687710 4.918405 4.217654 4.043102 4.251232 7.657190 5.169099 4.666457 4.247713 3.507097 6.920984 7.475379 6.671466 5.655707 5.570084 8.565172 8.340667 5.440280 5.299087 5.632040 6.883583 5.930630 
5.716314 4.687904 6.890707 6.384421 5.842653 7.583170 5.743374 5.012452 4.306365 4.062564 4.365215 7.809372 5.311405 4.741139 4.301106 3.536660 7.040800 7.532220 6.811645 5.725217 5.672388 8.709419 8.429114 5.511373 5.350580 5.686027 6.959572 6.062936 
5.845320 4.762758 6.983078 6.449320 5.921240 7.665086 5.796748 5.108079 4.397407 4.079327 4.482591 7.965853 5.457669 4.817538 4.355218 3.565788 7.161339 7.586281 6.955092 5.794656 5.777295 8.855314 8.516447 5.582132 5.400391 5.736252 7.034625 6.198513 
5.977534 4.837802 7.075348 6.512885 6.000490 7.744951 5.847730 5.205323 4.490849 4.093290 4.603450 8.126783 5.607987 4.895724 4.410093 3.594476 7.282590 7.637467 7.101904 5.864025 5.884903 9.002894 8.602636 5.652530 5.448447 5.782529 7.108710 6.337450 
6.113037 4.913016 7.167499 6.575063 6.080433 7.822670 5.896216 5.304224 4.586764 4.104353 4.727885 8.292315 5.762457 4.975771 4.465775 3.622721 7.404538 7.685680 7.252178 5.933324 5.995313 9.152197 8.687650 5.722542 5.494673 5.824666 7.181794 6.479833 
NaN NaN NaN NaN NaN NaN NaN NaN NaN NaN NaN NaN NaN NaN NaN NaN NaN NaN NaN NaN NaN NaN NaN NaN NaN NaN NaN NaN 
NaN NaN NaN NaN NaN NaN NaN NaN NaN NaN NaN NaN NaN NaN NaN NaN NaN NaN NaN NaN NaN NaN NaN NaN NaN NaN NaN NaN 
NaN NaN NaN NaN NaN NaN NaN NaN NaN NaN NaN NaN NaN NaN NaN NaN NaN NaN NaN NaN NaN NaN NaN NaN NaN NaN NaN NaN 
NaN NaN NaN NaN NaN NaN NaN NaN NaN NaN NaN NaN NaN NaN NaN NaN NaN NaN NaN NaN NaN NaN NaN NaN NaN NaN NaN NaN 
