NaN NaN NaN NaN NaN NaN NaN 
NaN NaN NaN NaN NaN NaN NaN 
NaN NaN NaN NaN NaN NaN NaN 
NaN NaN NaN NaN NaN NaN NaN 
NaN NaN NaN NaN NaN NaN NaN 
-1.060100 -1.092450 -0.498819 -0.581667 -0.235304 -0.704392 -0.448610 
-1.053961 -1.095611 -0.495182 -0.567545 -0.295101 -0.681592 -0.444081 
-1.048383 -1.084093 -0.493734 -0.558622 -0.310191 -0.657143 -0.437535 
-1.034826 -1.068464 -0.476330 -0.542709 -0.323960 -0.630509 -0.441705 
-1.027205 -1.043830 -0.468704 -0.521776 -0.327618 -0.623645 -0.453183 
-1.025461 -1.047479 -0.504978 -0.518133 -0.349247 -0.636822 -0.469839 
-1.007308 -1.055696 -0.523529 -0.526641 -0.378215 -0.656295 -0.480012 
-0.990559 -1.066159 -0.542338 -0.543608 -0.405909 -0.640863 -0.484455 
-0.974791 -1.074102 -0.559589 -0.556093 -0.419347 -0.635752 -0.489913 
-0.968093 -1.083196 -0.574622 -0.588698 -0.426633 -0.628296 -0.490451 
-0.952836 -1.096678 -0.582135 -0.622364 -0.434195 -0.587034 -0.489651 
-0.947579 -1.096343 -0.588421 -0.653908 -0.412129 -0.574546 -0.490704 
-0.935755 -1.100473 -0.598404 -0.659488 -0.397366 -0.569017 -0.483506 
-0.930207 -1.078875 -0.603936 -0.674052 -0.375811 -0.547573 -0.466064 
-0.920957 -1.074779 -0.597964 -0.683490 -0.347999 -0.514826 -0.441856 
-0.907608 -1.043428 -0.558833 -0.654465 -0.310773 -0.460779 -0.414013 
-0.898480 -1.013807 -0.543444 -0.647924 -0.269933 -0.414426 -0.392137 
-0.894627 -0.980300 -0.527107 -0.621992 -0.241258 -0.385505 -0.371684 
-0.881480 -0.960573 -0.520807 -0.592949 -0.219400 -0.354942 -0.354193 
-0.861041 -0.934495 -0.516087 -0.567621 -0.193020 -0.338996 -0.341724 
-0.840677 -0.893062 -0.494810 -0.558655 -0.165646 -0.350784 -0.332121 
-0.821868 -0.872454 -0.473654 -0.543464 -0.149479 -0.329398 -0.316374 
-0.793677 -0.831375 -0.451242 -0.536250 -0.132179 -0.303488 -0.302611 
-0.758118 -0.810044 -0.445045 -0.531636 -0.124600 -0.291925 -0.297510 
-0.730261 -0.788529 -0.445579 -0.545635 -0.126093 -0.286747 -0.301333 
-0.712733 -0.761508 -0.462999 -0.575080 -0.109531 -0.282137 -0.292218 
-0.698264 -0.747314 -0.453787 -0.568905 -0.093153 -0.248872 -0.288175 
-0.690902 -0.716816 -0.440897 -0.552192 -0.074137 -0.225152 -0.283630 
-0.666479 -0.671870 -0.428917 -0.531261 -0.056051 -0.207478 -0.278993 
-0.639283 -0.640236 -0.403533 -0.486853 -0.050263 -0.189591 -0.270366 
-0.615747 -0.607315 -0.387692 -0.431043 -0.038570 -0.165860 -0.263318 
-0.586826 -0.565570 -0.368879 -0.373556 -0.033596 -0.154977 -0.259101 
-0.551965 -0.546716 -0.355324 -0.334848 -0.028840 -0.153231 -0.254072 
-0.528447 -0.535891 -0.360866 -0.290914 -0.057013 -0.184919 -0.255020 
-0.505701 -0.525854 -0.352602 -0.231706 -0.074399 -0.212741 -0.245338 
-0.470327 -0.527192 -0.350641 -0.163796 -0.088369 -0.224156 -0.235212 
-0.436790 -0.499351 -0.337216 -0.101477 -0.089839 -0.249569 -0.220600 
-0.385099 -0.490401 -0.323185 -0.056517 -0.100719 -0.252553 -0.204390 
-0.349780 -0.475901 -0.301995 -0.014466 -0.110083 -0.258044 -0.184930 
-0.313864 -0.439958 -0.297384 0.001449 -0.107450 -0.258428 -0.163833 
-0.284085 -0.413272 -0.289779 0.028132 -0.097342 -0.276607 -0.138069 
-0.256680 -0.386477 -0.277071 0.056151 -0.093815 -0.292712 -0.117151 
-0.238615 -0.362029 -0.259532 0.079526 -0.092380 -0.293526 -0.095767 
-0.199803 -0.316332 -0.203060 0.096317 -0.054003 -0.261693 -0.066971 
-0.159508 -0.253353 -0.150602 0.106317 -0.020238 -0.226710 -0.041629 
-0.126059 -0.192705 -0.081344 0.113392 0.002183 -0.196624 -0.027152 
-0.088570 -0.146370 -0.050135 0.100021 0.008953 -0.158768 -0.012159 
-0.068166 -0.088250 -0.027212 0.075347 0.020676 -0.138749 -0.001122 
-0.033840 -0.038044 -0.001518 0.047068 0.030876 -0.106390 0.008160 
-0.009933 0.005790 0.026110 0.031345 0.030793 -0.062588 0.012940 
0.020001 0.044415 0.044899 0.010955 0.027586 -0.007928 0.013812 
0.051710 0.083617 0.061324 -0.009032 0.034992 0.045744 0.016591 
0.071848 0.129334 0.089564 -0.033400 0.034781 0.121056 0.020024 
0.095006 0.166170 0.101676 -0.050152 0.027540 0.165400 0.030689 
0.119439 0.209836 0.111758 -0.066857 0.021907 0.215615 0.039532 
0.150815 0.250740 0.120297 -0.092991 0.026317 0.251858 0.051571 
0.186750 0.281917 0.142238 -0.110916 0.021467 0.267829 0.058110 
0.226553 0.314510 0.181590 -0.123609 0.023970 0.287919 0.069129 
0.251768 0.343735 0.210759 -0.131681 0.025874 0.321838 0.082546 
0.291368 0.366768 0.250039 -0.125931 0.019863 0.345035 0.096915 
0.331270 0.393717 0.282510 -0.134019 0.012804 0.372041 0.113126 
0.366752 0.427234 0.316280 -0.144430 -0.003374 0.372389 0.132043 
0.406950 0.469290 0.337749 -0.140065 -0.009486 0.364319 0.144781 
0.440140 0.516528 0.368688 -0.133326 -0.022102 0.384831 0.155902 
0.480577 0.549195 0.396057 -0.116102 -0.034094 0.390843 0.167206 
0.522795 0.581784 0.434269 -0.106151 -0.055166 0.404992 0.182650 
0.559615 0.630862 0.474032 -0.100049 -0.062579 0.432466 0.201723 
0.597834 0.673116 0.504445 -0.072555 -0.069200 0.471479 0.220281 
0.636027 0.718219 0.541716 -0.060931 -0.079579 0.496573 0.234262 
0.668373 0.769020 0.571905 -0.064275 -0.088665 0.520679 0.248484 
0.697829 0.823840 0.608412 -0.053286 -0.098643 0.574857 0.263538 
0.728743 0.858168 0.643155 -0.041493 -0.093859 0.645579 0.280640 
0.768465 0.901631 0.685069 -0.044509 -0.084114 0.686593 0.300958 
0.811531 0.928039 0.713495 -0.060555 -0.068915 0.714589 0.319925 
0.851501 0.966620 0.752239 -0.092841 -0.071169 0.750921 0.341911 
0.885460 1.014219 0.788078 -0.101331 -0.059667 0.776824 0.357998 
0.923107 1.037173 0.821809 -0.107302 -0.055857 0.808066 0.376797 
0.974060 1.078805 0.853151 -0.129016 -0.052179 0.846293 0.391756 
1.027516 1.118312 0.886972 -0.138626 -0.044585 0.890273 0.404077 
1.079380 1.158839 0.925178 -0.148536 -0.022826 0.930838 0.418031 
1.126324 1.207577 0.970921 -0.146441 -0.010434 0.941031 0.433497 
1.173302 1.263854 1.006316 -0.151516 0.003543 0.968120 0.448594 
1.230809 1.304681 1.043674 -0.131873 0.014773 0.988241 0.461476 
1.286814 1.355333 1.087819 -0.110572 0.020975 1.040696 0.474937 
1.341952 1.403645 1.123817 -0.075793 0.044503 1.084244 0.486988 
1.399859 1.454814 1.150668 -0.044990 0.064377 1.120569 0.501020 
1.454592 1.515553 1.188976 -0.009384 0.086181 1.157043 0.510200 
1.504707 1.554987 1.229631 0.038445 0.101750 1.189852 0.518340 
1.559494 1.607517 1.267088 0.091726 0.117607 1.213161 0.532345 
1.603224 1.659251 1.301485 0.148553 0.131440 1.249078 0.543947 
1.659250 1.695893 1.335421 0.177626 0.149937 1.289862 0.555814 
1.725458 1.745888 1.378446 0.215203 0.151041 1.310515 0.570401 
1.786310 1.797350 1.420951 0.232771 0.156318 1.360982 0.590871 
1.831552 1.860725 1.465378 0.261266 0.164967 1.395895 0.611727 
1.883355 1.899329 1.505981 0.281732 0.167446 1.426195 0.631605 
1.936853 1.945114 1.558142 0.313782 0.164347 1.482000 0.651277 
1.992550 1.995437 1.603623 0.340356 0.173635 1.521361 0.674415 
2.046246 2.049895 1.645555 0.363346 0.177706 1.565023 0.700435 
2.099500 2.102799 1.682448 0.367916 0.189505 1.620863 0.726491 
2.164080 2.158608 1.725716 0.365593 0.198375 1.656245 0.757965 
2.224006 2.222254 1.770281 0.390896 0.196907 1.695004 0.785308 
2.285569 2.279440 1.812371 0.408858 0.208097 1.746655 0.809386 
2.352240 2.334194 1.857772 0.436461 0.220643 1.792590 0.824981 
2.421258 2.385895 1.901521 0.470716 0.233652 1.834719 0.844502 
2.490886 2.456607 1.957072 0.500641 0.250206 1.890179 0.863433 
2.564234 2.515021 2.008926 0.525587 0.269785 1.949444 0.887501 
2.640934 2.577815 2.060169 0.546965 0.286131 2.004457 0.907898 
2.714244 2.639752 2.107142 0.585241 0.305564 2.060537 0.929643 
2.781343 2.692459 2.160428 0.623715 0.319244 2.103903 0.951242 
2.849598 2.731440 2.215104 0.664933 0.330651 2.161565 0.967557 
2.924018 2.779717 2.269321 0.684551 0.345554 2.207483 0.987568 
2.991656 2.838496 2.326805 0.710995 0.362290 2.253088 1.008781 
3.041910 2.891761 2.383724 0.739809 0.375752 2.287897 1.037488 
3.108138 2.943672 2.435280 0.768710 0.398887 2.333948 1.063327 
3.177355 2.987309 2.485138 0.800080 0.415842 2.378178 1.090279 
3.239404 3.029448 2.539287 0.827976 0.431465 2.420673 1.114077 
3.295043 3.076516 2.597869 0.863757 0.443895 2.466969 1.146195 
3.356548 3.128960 2.665683 0.877435 0.465446 2.496615 1.175318 
3.424704 3.184369 2.732838 0.914013 0.482693 2.537548 1.204830 
3.502961 3.248011 2.793170 0.950111 0.501936 2.591285 1.235072 
3.575833 3.294391 2.846692 0.992127 0.525030 2.648995 1.265478 
3.651752 3.336767 2.897539 1.033395 0.550088 2.692296 1.294659 
3.734634 3.391759 2.953700 1.076553 0.576996 2.748299 1.320792 
3.811839 3.438034 3.019772 1.110708 0.586548 2.804846 1.347541 
3.882520 3.495795 3.077421 1.153660 0.600916 2.860087 1.375054 
3.951772 3.561581 3.134057 1.192224 0.622055 2.895322 1.404460 
4.024246 3.620518 3.197591 1.234677 0.634752 2.935682 1.428305 
4.103537 3.676262 3.259697 1.275196 0.644987 2.990020 1.450606 
4.184511 3.731777 3.322091 1.309762 0.656923 3.041115 1.476934 
4.246815 3.785366 3.390512 1.343451 0.678326 3.080114 1.505724 
4.310160 3.844708 3.474965 1.373928 0.691396 3.125508 1.533128 
4.378516 3.902911 3.554007 1.403434 0.701989 3.180527 1.560746 
4.445912 3.951092 3.635805 1.443502 0.715142 3.227025 1.587442 
4.506476 4.001416 3.703526 1.486019 0.737985 3.265399 1.608154 
4.571940 4.056157 3.782039 1.529502 0.763945 3.296843 1.628185 
4.648481 4.102384 3.854414 1.564926 0.779504 3.372212 1.651191 
4.726866 4.149398 3.928163 1.601756 0.806383 3.445884 1.680218 
4.790814 4.191925 4.012108 1.648392 0.832296 3.493473 1.713198 
4.856592 4.241052 4.082352 1.697054 0.853715 3.544716 1.743340 
4.923287 4.296136 4.149660 1.753499 0.874263 3.602712 1.767507 
4.991435 4.348089 4.212578 1.810083 0.909320 3.663956 1.793280 
NaN NaN NaN NaN NaN NaN NaN 
NaN NaN NaN NaN NaN NaN NaN 
NaN NaN NaN NaN NaN NaN NaN 
NaN NaN NaN NaN NaN NaN NaN 
