NaN NaN NaN NaN NaN NaN NaN NaN NaN NaN NaN NaN NaN NaN NaN NaN NaN NaN NaN NaN NaN NaN NaN NaN NaN NaN NaN NaN 
NaN NaN NaN NaN NaN NaN NaN NaN NaN NaN NaN NaN NaN NaN NaN NaN NaN NaN NaN NaN NaN NaN NaN NaN NaN NaN NaN NaN 
NaN NaN NaN NaN NaN NaN NaN NaN NaN NaN NaN NaN NaN NaN NaN NaN NaN NaN NaN NaN NaN NaN NaN NaN NaN NaN NaN NaN 
NaN NaN NaN NaN NaN NaN NaN NaN NaN NaN NaN NaN NaN NaN NaN NaN NaN NaN NaN NaN NaN NaN NaN NaN NaN NaN NaN NaN 
NaN NaN NaN NaN NaN NaN NaN NaN NaN NaN NaN NaN NaN NaN NaN NaN NaN NaN NaN NaN NaN NaN NaN NaN NaN NaN NaN NaN 
-0.920703 -1.527493 -1.469591 -1.044933 -1.356062 -0.973377 -1.117697 -0.472507 -0.997072 -1.104375 -1.090324 -0.724652 -0.819435 -0.708308 -0.564244 -0.621004 -0.406212 -0.997324 -1.101549 -1.047851 -0.672668 -0.668902 -0.526097 -1.532926 -0.975817 -0.512792 -0.662283 -0.754026 
-0.923020 -1.514508 -1.439103 -1.089621 -1.347978 -0.975845 -1.136912 -0.499239 -0.992444 -1.100556 -1.062994 -0.778908 -0.822137 -0.715657 -0.588757 -0.646034 -0.457966 -1.034924 -1.086242 -1.048111 -0.708092 -0.710026 -0.583819 -1.501937 -0.976079 -0.502168 -0.686293 -0.772466 
-0.924388 -1.500603 -1.409504 -1.130237 -1.338874 -0.977508 -1.153382 -0.524301 -0.987141 -1.095882 -1.036195 -0.829403 -0.823875 -0.721845 -0.611349 -0.668817 -0.506457 -1.069427 -1.071114 -1.047627 -0.740936 -0.748396 -0.637817 -1.471330 -0.975477 -0.492085 -0.708396 -0.789162 
-0.924814 -1.485793 -1.380727 -1.166881 -1.328766 -0.978356 -1.167183 -0.547706 -0.981165 -1.090359 -1.009905 -0.876203 -0.824661 -0.726891 -0.632049 -0.689403 -0.551743 -1.100886 -1.056129 -1.046388 -0.771239 -0.784046 -0.688156 -1.441078 -0.974015 -0.482505 -0.728619 -0.804139 
-0.924302 -1.470090 -1.352707 -1.199654 -1.317670 -0.978379 -1.178393 -0.569463 -0.974519 -1.083996 -0.984102 -0.919372 -0.824509 -0.730817 -0.650890 -0.707843 -0.593881 -1.129350 -1.041253 -1.044381 -0.799041 -0.817011 -0.734901 -1.411150 -0.971695 -0.473386 -0.746988 -0.817424 
-0.922857 -1.453508 -1.325381 -1.228654 -1.305604 -0.977570 -1.187087 -0.589585 -0.967207 -1.076797 -0.958765 -0.958976 -0.823429 -0.733640 -0.667902 -0.724187 -0.632927 -1.154871 -1.026453 -1.041595 -0.824382 -0.847327 -0.778116 -1.381521 -0.968519 -0.464691 -0.763528 -0.829042 
-0.920486 -1.436059 -1.298684 -1.253980 -1.292584 -0.975919 -1.193340 -0.608081 -0.959232 -1.068770 -0.933875 -0.995079 -0.821435 -0.735380 -0.683115 -0.738485 -0.668938 -1.177499 -1.011694 -1.038020 -0.847302 -0.875028 -0.817864 -1.352163 -0.964489 -0.456381 -0.778265 -0.839018 
-0.917193 -1.417756 -1.272556 -1.275727 -1.278625 -0.973418 -1.197225 -0.624964 -0.950596 -1.059922 -0.909409 -1.027743 -0.818540 -0.736056 -0.696559 -0.750785 -0.701970 -1.197283 -0.996945 -1.033644 -0.867838 -0.900149 -0.854210 -1.323048 -0.959609 -0.448418 -0.791226 -0.847379 
-0.912984 -1.398612 -1.246935 -1.293990 -1.263743 -0.970061 -1.198814 -0.640244 -0.941303 -1.050259 -0.885347 -1.057033 -0.814754 -0.735686 -0.708264 -0.761137 -0.732076 -1.214273 -0.982174 -1.028459 -0.886031 -0.922725 -0.887213 -1.294151 -0.953880 -0.440766 -0.802434 -0.854149 
-0.907865 -1.378639 -1.221763 -1.308863 -1.247955 -0.965838 -1.198179 -0.653934 -0.931355 -1.039787 -0.861669 -1.083011 -0.810090 -0.734289 -0.718260 -0.769587 -0.759311 -1.228516 -0.967347 -1.022453 -0.901917 -0.942789 -0.916938 -1.265445 -0.947306 -0.433388 -0.811915 -0.859352 
-0.901841 -1.357851 -1.196980 -1.320439 -1.231275 -0.960743 -1.195390 -0.666043 -0.920756 -1.028513 -0.838355 -1.105739 -0.804560 -0.731884 -0.726577 -0.776183 -0.783729 -1.240062 -0.952436 -1.015617 -0.915536 -0.960376 -0.943444 -1.236905 -0.939889 -0.426248 -0.819694 -0.863014 
-0.894918 -1.336258 -1.172529 -1.328808 -1.213718 -0.954770 -1.190515 -0.676585 -0.909507 -1.016443 -0.815385 -1.125277 -0.798174 -0.728487 -0.733243 -0.780971 -0.805383 -1.248958 -0.937408 -1.007942 -0.926923 -0.975519 -0.966792 -1.208506 -0.931632 -0.419311 -0.825795 -0.865159 
-0.887101 -1.313874 -1.148355 -1.334060 -1.195301 -0.947910 -1.183622 -0.685571 -0.897613 -1.003584 -0.792739 -1.141687 -0.790946 -0.724117 -0.738288 -0.783998 -0.824325 -1.255252 -0.922234 -0.999419 -0.936118 -0.988252 -0.987041 -1.180222 -0.922537 -0.412543 -0.830243 -0.865809 
-0.878398 -1.290710 -1.124401 -1.336285 -1.176038 -0.940158 -1.174778 -0.693011 -0.885076 -0.989942 -0.770396 -1.155028 -0.782886 -0.718792 -0.741740 -0.785308 -0.840608 -1.258990 -0.906885 -0.990040 -0.943156 -0.998608 -1.004252 -1.152030 -0.912608 -0.405910 -0.833063 -0.864990 
-0.868813 -1.266779 -1.100615 -1.335568 -1.155942 -0.931508 -1.164049 -0.698919 -0.871899 -0.975524 -0.748339 -1.165361 -0.774006 -0.712529 -0.743628 -0.784948 -0.854282 -1.260219 -0.891331 -0.979796 -0.948074 -1.006619 -1.018483 -1.123906 -0.901848 -0.399377 -0.834277 -0.862724 
-0.858352 -1.242092 -1.076944 -1.331997 -1.135030 -0.921953 -1.151498 -0.703306 -0.858084 -0.960335 -0.726546 -1.172745 -0.764316 -0.705346 -0.743981 -0.782960 -0.865399 -1.258984 -0.875545 -0.968679 -0.950908 -1.012319 -1.029792 -1.095826 -0.890260 -0.392914 -0.833909 -0.859035 
-0.847022 -1.216661 -1.053335 -1.325655 -1.113315 -0.911489 -1.137189 -0.706184 -0.843634 -0.944383 -0.705000 -1.177236 -0.753828 -0.697258 -0.742826 -0.779389 -0.874007 -1.255332 -0.859498 -0.956682 -0.951693 -1.015741 -1.038236 -1.067767 -0.877847 -0.386487 -0.831984 -0.853945 
-0.834829 -1.190497 -1.029739 -1.316627 -1.090811 -0.900110 -1.121185 -0.707565 -0.828552 -0.927672 -0.683680 -1.178895 -0.742552 -0.688284 -0.740191 -0.774278 -0.880158 -1.249307 -0.843163 -0.943798 -0.950466 -1.016915 -1.043872 -1.039706 -0.864612 -0.380065 -0.828525 -0.847476 
-0.821779 -1.163612 -1.006106 -1.304994 -1.067532 -0.887811 -1.103546 -0.707460 -0.812840 -0.910211 -0.662570 -1.177777 -0.730500 -0.678439 -0.736104 -0.767669 -0.883899 -1.240955 -0.826513 -0.930020 -0.947262 -1.015876 -1.046757 -1.011622 -0.850558 -0.373617 -0.823554 -0.839652 
-0.807877 -1.136017 -0.982388 -1.290836 -1.043492 -0.874587 -1.084331 -0.705884 -0.796501 -0.892004 -0.641648 -1.173940 -0.717681 -0.667740 -0.730593 -0.759605 -0.885280 -1.230318 -0.809523 -0.915341 -0.942114 -1.012653 -1.046946 -0.983492 -0.835689 -0.367113 -0.817094 -0.830494 
-0.793131 -1.107724 -0.958537 -1.274234 -1.018704 -0.860435 -1.063601 -0.702846 -0.779538 -0.873057 -0.620898 -1.167439 -0.704107 -0.656203 -0.723685 -0.750126 -0.884347 -1.217441 -0.792166 -0.899755 -0.935058 -1.007280 -1.044494 -0.955295 -0.820009 -0.360524 -0.809169 -0.820024 
-0.777547 -1.078743 -0.934509 -1.255266 -0.993181 -0.845349 -1.041412 -0.698361 -0.761954 -0.853378 -0.600301 -1.158331 -0.689788 -0.643845 -0.715406 -0.739273 -0.881149 -1.202368 -0.774417 -0.883256 -0.926127 -0.999787 -1.039456 -0.927010 -0.803520 -0.353820 -0.799800 -0.808263 
-0.761131 -1.049085 -0.910258 -1.234008 -0.966938 -0.829326 -1.017822 -0.692440 -0.743750 -0.832972 -0.579838 -1.146670 -0.674733 -0.630680 -0.705784 -0.727087 -0.875731 -1.185140 -0.756252 -0.865839 -0.915356 -0.990206 -1.031885 -0.898617 -0.786227 -0.346973 -0.789009 -0.795233 
-0.743889 -1.018762 -0.885740 -1.210537 -0.939985 -0.812363 -0.992884 -0.685096 -0.724929 -0.811845 -0.559492 -1.132510 -0.658954 -0.616725 -0.694844 -0.713608 -0.868139 -1.165801 -0.737647 -0.847498 -0.902777 -0.978567 -1.021834 -0.870095 -0.768133 -0.339956 -0.776820 -0.780953 
-0.725828 -0.987784 -0.860914 -1.184926 -0.912337 -0.794456 -0.966655 -0.676341 -0.705494 -0.790003 -0.539246 -1.115905 -0.642459 -0.601995 -0.682614 -0.698873 -0.858420 -1.144391 -0.718578 -0.828229 -0.888423 -0.964902 -1.009357 -0.841425 -0.749242 -0.332741 -0.763253 -0.765446 
-0.706956 -0.956161 -0.835737 -1.157248 -0.884006 -0.775603 -0.939186 -0.666189 -0.685447 -0.767452 -0.519080 -1.096909 -0.625260 -0.586504 -0.669120 -0.682923 -0.846617 -1.120953 -0.699022 -0.808027 -0.872327 -0.949240 -0.994505 -0.812588 -0.729557 -0.325301 -0.748330 -0.748732 
-0.687278 -0.923904 -0.810169 -1.127576 -0.855004 -0.755800 -0.910530 -0.654651 -0.664791 -0.744198 -0.498979 -1.075575 -0.607365 -0.570269 -0.654387 -0.665793 -0.832775 -1.095528 -0.678957 -0.786887 -0.854522 -0.931612 -0.977330 -0.783564 -0.709082 -0.317611 -0.732073 -0.730829 
-0.666801 -0.891024 -0.784172 -1.095980 -0.825343 -0.735045 -0.880738 -0.641742 -0.643528 -0.720248 -0.478924 -1.051953 -0.588784 -0.553303 -0.638441 -0.647523 -0.816938 -1.068155 -0.658361 -0.764807 -0.835038 -0.912047 -0.957882 -0.754335 -0.687822 -0.309645 -0.714502 -0.711759 
-0.645532 -0.857530 -0.757707 -1.062529 -0.795034 -0.713337 -0.849860 -0.627473 -0.621660 -0.695606 -0.458899 -1.026097 -0.569527 -0.535621 -0.621307 -0.628148 -0.799148 -1.038876 -0.637213 -0.741782 -0.813909 -0.890577 -0.936212 -0.724884 -0.665780 -0.301379 -0.695639 -0.691541 
-0.623478 -0.823433 -0.730738 -1.027291 -0.764091 -0.690674 -0.817944 -0.611858 -0.599190 -0.670279 -0.438886 -0.998056 -0.549603 -0.517237 -0.603011 -0.607705 -0.779448 -1.007729 -0.615491 -0.717810 -0.791164 -0.867229 -0.912369 -0.695192 -0.642961 -0.292789 -0.675504 -0.670194 
-0.600646 -0.788742 -0.703229 -0.990332 -0.732524 -0.667053 -0.785037 -0.594910 -0.576119 -0.644272 -0.418869 -0.967881 -0.529021 -0.498166 -0.583577 -0.586229 -0.757880 -0.974754 -0.593176 -0.692886 -0.766835 -0.842034 -0.886402 -0.665242 -0.619368 -0.283851 -0.654118 -0.647737 
-0.577042 -0.753468 -0.675144 -0.951718 -0.700344 -0.642474 -0.751187 -0.576642 -0.552451 -0.617592 -0.398832 -0.935622 -0.507790 -0.478422 -0.563031 -0.563755 -0.734484 -0.939990 -0.570247 -0.667010 -0.740952 -0.815021 -0.858360 -0.635018 -0.595006 -0.274543 -0.631501 -0.624189 
-0.552675 -0.717620 -0.646452 -0.911512 -0.667563 -0.616936 -0.716438 -0.557067 -0.528187 -0.590244 -0.378757 -0.901328 -0.485919 -0.458017 -0.541396 -0.540318 -0.709303 -0.903474 -0.546687 -0.640179 -0.713546 -0.786218 -0.828291 -0.604504 -0.569878 -0.264842 -0.607673 -0.599569 
-0.527550 -0.681208 -0.617120 -0.869779 -0.634192 -0.590438 -0.680835 -0.536199 -0.503329 -0.562234 -0.358630 -0.865048 -0.463417 -0.436967 -0.518698 -0.515951 -0.682375 -0.865245 -0.522475 -0.612390 -0.684646 -0.755654 -0.796241 -0.573683 -0.543990 -0.254726 -0.582655 -0.573893 
-0.501676 -0.644240 -0.587116 -0.826578 -0.600241 -0.562981 -0.644421 -0.514051 -0.477881 -0.533567 -0.338432 -0.826830 -0.440293 -0.415283 -0.494960 -0.490688 -0.653740 -0.825340 -0.497594 -0.583643 -0.654282 -0.723358 -0.762257 -0.542540 -0.517346 -0.244176 -0.556464 -0.547181 
-0.475059 -0.606728 -0.556410 -0.781970 -0.565721 -0.534562 -0.607237 -0.490637 -0.451843 -0.504250 -0.318150 -0.786721 -0.416554 -0.392978 -0.470206 -0.464561 -0.623437 -0.783796 -0.472026 -0.553936 -0.622482 -0.689357 -0.726386 -0.511060 -0.489950 -0.233169 -0.529122 -0.519450 
-0.447707 -0.568679 -0.524974 -0.736014 -0.530641 -0.505184 -0.569324 -0.465970 -0.425218 -0.474287 -0.297767 -0.744768 -0.392211 -0.370067 -0.444460 -0.437602 -0.591504 -0.740649 -0.445755 -0.523269 -0.589276 -0.653679 -0.688672 -0.479228 -0.461807 -0.221687 -0.500647 -0.490717 
-0.419628 -0.530103 -0.492780 -0.688768 -0.495014 -0.474847 -0.530723 -0.440064 -0.398008 -0.443685 -0.277267 -0.701018 -0.367270 -0.346561 -0.417744 -0.409843 -0.557980 -0.695934 -0.418764 -0.491640 -0.554692 -0.616353 -0.649160 -0.447030 -0.432921 -0.209711 -0.471058 -0.461000 
-0.390827 -0.491008 -0.459802 -0.640287 -0.458847 -0.443551 -0.491471 -0.412932 -0.370215 -0.412449 -0.256635 -0.655516 -0.341740 -0.322473 -0.390083 -0.381314 -0.522900 -0.649689 -0.391036 -0.459050 -0.518758 -0.577406 -0.607894 -0.414453 -0.403297 -0.197221 -0.440375 -0.430315 
-0.361314 -0.451405 -0.426013 -0.590627 -0.422151 -0.411297 -0.451606 -0.384589 -0.341841 -0.380584 -0.235857 -0.608308 -0.315629 -0.297815 -0.361500 -0.352046 -0.486302 -0.601947 -0.362557 -0.425499 -0.481502 -0.536864 -0.564919 -0.381483 -0.372940 -0.184201 -0.408614 -0.398679 
-0.331096 -0.411300 -0.391390 -0.539842 -0.384936 -0.378087 -0.411164 -0.355048 -0.312888 -0.348097 -0.214916 -0.559438 -0.288945 -0.272599 -0.332016 -0.322069 -0.448221 -0.552744 -0.333312 -0.390988 -0.442950 -0.494755 -0.520276 -0.348106 -0.341855 -0.170632 -0.375796 -0.366108 
-0.300180 -0.370704 -0.355909 -0.487984 -0.347211 -0.343923 -0.370181 -0.324324 -0.283357 -0.314992 -0.193798 -0.508949 -0.261695 -0.246837 -0.301655 -0.291411 -0.408693 -0.502113 -0.303286 -0.355517 -0.403130 -0.451106 -0.474009 -0.314311 -0.310047 -0.156499 -0.341938 -0.332618 
-0.268574 -0.329624 -0.319548 -0.435103 -0.308985 -0.308806 -0.328690 -0.292430 -0.253252 -0.281275 -0.172489 -0.456887 -0.233888 -0.220541 -0.270438 -0.260102 -0.367753 -0.450088 -0.272466 -0.319087 -0.362070 -0.405943 -0.426159 -0.280085 -0.277520 -0.141785 -0.307057 -0.298225 
-0.236286 -0.288069 -0.282287 -0.381250 -0.270266 -0.272739 -0.286725 -0.259381 -0.222574 -0.246952 -0.150974 -0.403293 -0.205531 -0.193722 -0.238388 -0.228169 -0.325434 -0.396703 -0.240838 -0.281700 -0.319794 -0.359293 -0.376766 -0.245417 -0.244279 -0.126474 -0.271172 -0.262944 
-0.203324 -0.246047 -0.244106 -0.326474 -0.231064 -0.235724 -0.244317 -0.225191 -0.191324 -0.212027 -0.129238 -0.348209 -0.176630 -0.166390 -0.205527 -0.195640 -0.281770 -0.341990 -0.208390 -0.243358 -0.276328 -0.311181 -0.325873 -0.210295 -0.210331 -0.110553 -0.234300 -0.226790 
-0.169695 -0.203566 -0.204986 -0.270821 -0.191388 -0.197764 -0.201497 -0.189874 -0.159504 -0.176506 -0.107268 -0.291678 -0.147194 -0.138558 -0.171876 -0.162541 -0.236794 -0.285981 -0.175109 -0.204063 -0.231700 -0.261634 -0.273518 -0.174709 -0.175679 -0.094006 -0.196459 -0.189779 
-0.135408 -0.160634 -0.164909 -0.214338 -0.151245 -0.158862 -0.158294 -0.153444 -0.127117 -0.140395 -0.085049 -0.233741 -0.117230 -0.110236 -0.137456 -0.128899 -0.190539 -0.228709 -0.140984 -0.163817 -0.185932 -0.210677 -0.219741 -0.138648 -0.140330 -0.076820 -0.157665 -0.151924 
-0.100470 -0.117259 -0.123859 -0.157069 -0.110643 -0.119022 -0.114737 -0.115917 -0.094164 -0.103698 -0.062568 -0.174438 -0.086744 -0.081434 -0.102290 -0.094739 -0.143036 -0.170204 -0.106004 -0.122624 -0.139052 -0.158336 -0.164580 -0.102102 -0.104288 -0.058983 -0.117935 -0.113241 
-0.064890 -0.073449 -0.081822 -0.099057 -0.069592 -0.078248 -0.070853 -0.077306 -0.060646 -0.066422 -0.039811 -0.113809 -0.055743 -0.052164 -0.066396 -0.060086 -0.094316 -0.110498 -0.070159 -0.080486 -0.091082 -0.104635 -0.108074 -0.065062 -0.067558 -0.040481 -0.077286 -0.073743 
-0.028676 -0.029211 -0.038782 -0.040345 -0.028097 -0.036542 -0.026669 -0.037627 -0.026566 -0.028570 -0.016764 -0.051894 -0.024234 -0.022434 -0.029798 -0.024966 -0.044410 -0.049622 -0.033437 -0.037408 -0.042048 -0.049599 -0.050261 -0.027518 -0.030148 -0.021304 -0.035734 -0.033445 
0.008165 0.015447 0.005272 0.019026 0.013832 0.006090 0.017791 0.003106 0.008076 0.009851 0.006585 0.011268 0.007776 0.007745 0.007486 0.010599 0.006652 0.012396 0.004169 0.006608 0.008028 0.006746 0.008824 0.010539 0.007939 -0.001440 0.006705 0.007641 
0.045623 0.060517 0.050354 0.079018 0.056189 0.049644 0.062503 0.044878 0.043276 0.048837 0.030250 0.075640 0.040280 0.038363 0.045435 0.046585 0.058840 0.075524 0.042669 0.051556 0.059120 0.064376 0.069143 0.049116 0.046697 0.019122 0.050014 0.049501 
0.083690 0.105994 0.096472 0.139592 0.098966 0.094115 0.107443 0.087675 0.079035 0.088382 0.054244 0.141183 0.073274 0.069411 0.084029 0.082969 0.112126 0.139734 0.082072 0.097433 0.111208 0.123267 0.130661 0.088222 0.086119 0.040391 0.094178 0.092121 
0.122358 0.151869 0.143638 0.200710 0.142157 0.139497 0.152591 0.131480 0.115349 0.128481 0.078580 0.207861 0.106750 0.100879 0.123247 0.119728 0.166482 0.204998 0.122384 0.144233 0.164266 0.183396 0.193343 0.127864 0.126200 0.062377 0.139181 0.135490 
0.161619 0.198135 0.191860 0.262338 0.185755 0.185787 0.197925 0.176280 0.152218 0.169130 0.103269 0.275636 0.140702 0.132758 0.163071 0.156843 0.221880 0.271286 0.163615 0.191952 0.218274 0.244737 0.257154 0.168048 0.166935 0.085087 0.185009 0.179595 
0.201464 0.244787 0.241144 0.324440 0.229753 0.232977 0.243427 0.222059 0.189641 0.210323 0.128325 0.344473 0.175124 0.165040 0.203482 0.194291 0.278293 0.338572 0.205769 0.240583 0.273210 0.307269 0.322061 0.208783 0.208317 0.108531 0.231645 0.224424 
0.241884 0.291816 0.291496 0.386985 0.274144 0.281062 0.289077 0.268801 0.227615 0.252055 0.153760 0.414337 0.210011 0.197715 0.244459 0.232051 0.335695 0.406827 0.248854 0.290121 0.329050 0.370966 0.388030 0.250074 0.250341 0.132715 0.279076 0.269964 
0.282871 0.339216 0.342923 0.449940 0.318924 0.330035 0.334859 0.316492 0.266139 0.294321 0.179586 0.485192 0.245357 0.230775 0.285985 0.270105 0.394059 0.476026 0.292874 0.340559 0.385775 0.435807 0.455029 0.291926 0.292999 0.157647 0.327286 0.316205 
0.324415 0.386981 0.395427 0.513275 0.364084 0.379890 0.380757 0.365116 0.305212 0.337117 0.205815 0.557004 0.281156 0.264213 0.328040 0.308433 0.453361 0.546141 0.337836 0.391892 0.443362 0.501768 0.523025 0.334345 0.336288 0.183332 0.376261 0.363134 
0.366509 0.435104 0.449011 0.576960 0.409621 0.430621 0.426755 0.414657 0.344832 0.380437 0.232458 0.629740 0.317403 0.298019 0.370606 0.347017 0.513576 0.617147 0.383744 0.444112 0.501792 0.568828 0.591987 0.377337 0.380199 0.209776 0.425986 0.410741 
0.409143 0.483580 0.503678 0.640967 0.455528 0.482219 0.472841 0.465101 0.384998 0.424277 0.259528 0.703367 0.354093 0.332186 0.413664 0.385837 0.574679 0.689018 0.430601 0.497212 0.561044 0.636962 0.661884 0.420905 0.424727 0.236984 0.476449 0.459015 
0.452309 0.532402 0.559426 0.705271 0.501800 0.534678 0.519000 0.516431 0.425709 0.468632 0.287035 0.777852 0.391220 0.366706 0.457198 0.424878 0.636648 0.761730 0.478412 0.551184 0.621098 0.706150 0.732687 0.465053 0.469866 0.264961 0.527634 0.507945 
0.495997 0.581563 0.616257 0.769846 0.548431 0.587989 0.565222 0.568631 0.466964 0.513497 0.314990 0.853162 0.428780 0.401571 0.501188 0.464121 0.699458 0.835256 0.527178 0.606021 0.681935 0.776369 0.804364 0.509786 0.515609 0.293709 0.579528 0.557521 
0.540198 0.631059 0.674167 0.834667 0.595417 0.642145 0.611496 0.621687 0.508761 0.558867 0.343406 0.929268 0.466767 0.436776 0.545618 0.503550 0.763089 0.909575 0.576904 0.661714 0.743534 0.847598 0.876888 0.555107 0.561950 0.323233 0.632119 0.607734 
0.584903 0.680883 0.733154 0.899712 0.642753 0.697138 0.657814 0.675581 0.551098 0.604737 0.372292 1.006137 0.505176 0.472311 0.590470 0.543151 0.827519 0.984660 0.627589 0.718254 0.805879 0.919814 0.950230 0.601018 0.608883 0.353533 0.685392 0.658573 
0.630104 0.731031 0.793213 0.964960 0.690435 0.752958 0.704165 0.730298 0.593975 0.651104 0.401659 1.083740 0.544004 0.508172 0.635726 0.582906 0.892726 1.060491 0.679237 0.775634 0.868949 0.992998 1.024361 0.647521 0.656400 0.384614 0.739335 0.710028 
0.675790 0.781495 0.854340 1.030390 0.738457 0.809598 0.750545 0.785823 0.637391 0.697961 0.431518 1.162046 0.583245 0.544350 0.681371 0.622803 0.958689 1.137043 0.731847 0.833843 0.932726 1.067128 1.099256 0.694620 0.704495 0.416475 0.793935 0.762092 
0.721953 0.832271 0.916528 1.095983 0.786815 0.867047 0.796946 0.842138 0.681344 0.745305 0.461879 1.241028 0.622895 0.580839 0.727388 0.662827 1.025389 1.214294 0.785420 0.892872 0.997193 1.142182 1.174887 0.742315 0.753161 0.449117 0.849180 0.814754 
0.768582 0.883354 0.979770 1.161723 0.835507 0.925296 0.843364 0.899227 0.725834 0.793131 0.492753 1.320656 0.662951 0.617634 0.773759 0.702964 1.092807 1.292223 0.839955 0.952712 1.062333 1.218141 1.251227 0.790608 0.802392 0.482540 0.905057 0.868007 
0.815670 0.934738 1.044056 1.227592 0.884527 0.984336 0.889795 0.957076 0.770859 0.841434 0.524148 1.400903 0.703407 0.654728 0.820469 0.743202 1.160923 1.370808 0.895452 1.013351 1.128127 1.294985 1.328253 0.839499 0.852181 0.516743 0.961555 0.921841 
0.863206 0.986419 1.109377 1.293576 0.933873 1.044156 0.936237 1.015665 0.816418 0.890210 0.556077 1.481741 0.744260 0.692116 0.867502 0.783529 1.229720 1.450028 0.951909 1.074779 1.194560 1.372692 1.405938 0.888988 0.902520 0.551726 1.018660 0.976250 
0.911180 1.038391 1.175723 1.359661 0.983540 1.104747 0.982687 1.074981 0.862510 0.939455 0.588547 1.563143 0.785505 0.729791 0.914842 0.823932 1.299180 1.529863 1.009325 1.136986 1.261615 1.451244 1.484260 0.939077 0.953404 0.587487 1.076363 1.031224 
0.959583 1.090651 1.243080 1.425835 1.033526 1.166097 1.029147 1.135005 0.909134 0.989163 0.621568 1.645083 0.827140 0.767749 0.962474 0.864401 1.369286 1.610292 1.067696 1.199960 1.329276 1.530621 1.563193 0.989763 1.004823 0.624022 1.134650 1.086757 
1.008406 1.143192 1.311437 1.492086 1.083827 1.228196 1.075616 1.195722 0.956290 1.039331 0.655150 1.727536 0.869161 0.805984 1.010382 0.904925 1.440022 1.691296 1.127021 1.263690 1.397526 1.610802 1.642716 1.041046 1.056773 0.661330 1.193512 1.142841 
1.057638 1.196011 1.380777 1.558405 1.134441 1.291032 1.122096 1.257114 1.003976 1.089954 0.689301 1.810476 0.911564 0.844492 1.058551 0.945494 1.511372 1.772856 1.187295 1.328163 1.466351 1.691770 1.722805 1.092924 1.109245 0.699405 1.252937 1.199469 
1.107270 1.249104 1.451087 1.624783 1.185366 1.354594 1.168592 1.319165 1.052191 1.141027 0.724032 1.893879 0.954345 0.883267 1.106966 0.986099 1.583320 1.854954 1.248514 1.393368 1.535736 1.773505 1.803439 1.145397 1.162231 0.738244 1.312914 1.256635 
1.157291 1.302465 1.522349 1.691213 1.236598 1.418871 1.215105 1.381858 1.100935 1.192546 0.759350 1.977721 0.997502 0.922305 1.155613 1.026731 1.655853 1.937570 1.310673 1.459292 1.605666 1.855988 1.884598 1.198461 1.215726 0.777842 1.373433 1.314332 
1.207693 1.356091 1.594546 1.757688 1.288135 1.483849 1.261643 1.445176 1.150206 1.244508 0.795264 2.061979 1.041031 0.961601 1.204477 1.067382 1.728955 2.020687 1.373769 1.525921 1.676126 1.939202 1.966259 1.252114 1.269720 0.818194 1.434483 1.372553 
1.258464 1.409978 1.667659 1.824205 1.339976 1.549517 1.308212 1.509103 1.200005 1.296907 0.831782 2.146631 1.084930 1.001152 1.253545 1.108045 1.802615 2.104289 1.437794 1.593243 1.747103 2.023127 2.048404 1.306353 1.324208 0.859292 1.496055 1.431294 
1.309595 1.464122 1.741667 1.890760 1.392118 1.615863 1.354818 1.573619 1.250329 1.349740 0.868914 2.231652 1.129196 1.040953 1.302801 1.148711 1.876818 2.188357 1.502742 1.661244 1.818583 2.107745 2.131012 1.361174 1.379181 0.901131 1.558138 1.490548 
1.361076 1.518520 1.816549 1.957351 1.444561 1.682873 1.401471 1.638710 1.301180 1.403002 0.906666 2.317024 1.173825 1.081002 1.352233 1.189376 1.951553 2.272876 1.568607 1.729910 1.890553 2.193040 2.214066 1.416574 1.434631 0.943703 1.620722 1.550310 
1.412896 1.573167 1.892284 2.023977 1.497301 1.750533 1.448180 1.704357 1.352554 1.456689 0.945048 2.402723 1.218816 1.121293 1.401827 1.230032 2.026807 2.357830 1.635382 1.799227 1.962999 2.278993 2.297547 1.472548 1.490551 0.987000 1.683799 1.610575 
1.465046 1.628059 1.968848 2.090638 1.550339 1.818832 1.494956 1.770543 1.404453 1.510797 0.984066 2.488730 1.264166 1.161824 1.451569 1.270675 2.102571 2.443202 1.703058 1.869180 2.035910 2.365587 2.381437 1.529092 1.546933 1.031013 1.747358 1.671338 
1.517514 1.683195 2.046215 2.157336 1.603674 1.887754 1.541812 1.837250 1.456875 1.565321 1.023728 2.575025 1.309873 1.202592 1.501447 1.311301 2.178833 2.528979 1.771628 1.939755 2.109272 2.452805 2.465720 1.586200 1.603770 1.075733 1.811391 1.732595 
1.570291 1.738570 2.124362 2.224075 1.657303 1.957285 1.588761 1.904462 1.509820 1.620259 1.064042 2.661589 1.355934 1.243594 1.551447 1.351904 2.255584 2.615145 1.841081 2.010935 2.183075 2.540630 2.550379 1.643866 1.661053 1.121150 1.875890 1.794341 
1.623366 1.794181 2.203259 2.290859 1.711228 2.027412 1.635816 1.972160 1.563288 1.675605 1.105014 2.748402 1.402348 1.284828 1.601558 1.392481 2.332814 2.701687 1.911409 2.082706 2.257306 2.629045 2.635399 1.702085 1.718774 1.167254 1.940844 1.856573 
1.676728 1.850025 2.282881 2.357693 1.765446 2.098120 1.682994 2.040327 1.617276 1.731356 1.146653 2.835447 1.449112 1.326289 1.651766 1.433030 2.410515 2.788591 1.982602 2.155051 2.331955 2.718035 2.720763 1.760851 1.776926 1.214033 2.006247 1.919286 
1.730367 1.906099 2.363196 2.424584 1.819959 2.169393 1.730310 2.108945 1.671786 1.787507 1.188965 2.922707 1.496224 1.367978 1.702060 1.473548 2.488678 2.875842 2.054649 2.227955 2.407010 2.807582 2.806459 1.820155 1.835499 1.261476 2.072089 1.982477 
1.784272 1.962401 2.444176 2.491541 1.874765 2.241217 1.777783 2.177996 1.726817 1.844055 1.231956 3.010163 1.543684 1.409890 1.752427 1.514033 2.567296 2.963430 2.127539 2.301400 2.482461 2.897671 2.892471 1.879992 1.894487 1.309571 2.138363 2.046144 
1.838433 2.018927 2.525789 2.558573 1.929866 2.313575 1.825431 2.247462 1.782368 1.900996 1.275633 3.097800 1.591490 1.452025 1.802857 1.554484 2.646363 3.051341 2.201260 2.375370 2.558299 2.988287 2.978787 1.940354 1.953881 1.358304 2.205062 2.110282 
1.892839 2.075676 2.608002 2.625691 1.985261 2.386453 1.873273 2.317325 1.838438 1.958326 1.320002 3.185603 1.639639 1.494381 1.853336 1.594900 2.725871 3.139564 2.275801 2.449847 2.634512 3.079413 3.065394 2.001231 2.013672 1.407662 2.272176 2.174891 
1.947478 2.132645 2.690781 2.692907 2.040950 2.459834 1.921333 2.387568 1.895028 2.016040 1.365070 3.273554 1.688132 1.536957 1.903855 1.635282 2.805816 3.228086 2.351147 2.524814 2.711093 3.171035 3.152280 2.062616 2.073852 1.457630 2.339700 2.239966 
2.002341 2.189831 2.774092 2.760234 2.096936 2.533701 1.969630 2.458171 1.952137 2.074136 1.410843 3.361641 1.736966 1.579750 1.954402 1.675630 2.886191 3.316898 2.427287 2.600252 2.788031 3.263137 3.239433 2.124501 2.134412 1.508194 2.407626 2.305506 
2.057415 2.247233 2.857899 2.827688 2.153218 2.608038 2.018189 2.529117 2.009765 2.132610 1.457327 3.449848 1.786141 1.622760 2.004967 1.715945 2.966993 3.405989 2.504206 2.676144 2.865319 3.355705 3.326842 2.186874 2.195345 1.559339 2.475947 2.371510 
2.112691 2.304848 2.942165 2.895284 2.209798 2.682829 2.067034 2.600387 2.067910 2.191457 1.504526 3.538163 1.835656 1.665987 2.055538 1.756229 3.048217 3.495348 2.581890 2.752471 2.942947 3.448724 3.414498 2.249727 2.256640 1.611048 2.544656 2.437976 
2.168156 2.362674 3.026851 2.963039 2.266676 2.758055 2.116190 2.671964 2.126574 2.250674 1.552448 3.626572 1.885510 1.709429 2.106106 1.796484 3.129861 3.584966 2.660324 2.829213 3.020907 3.542179 3.502389 2.313050 2.318291 1.663305 2.613747 2.504902 
2.223800 2.420710 3.111918 3.030971 2.323856 2.833699 2.165684 2.743827 2.185756 2.310257 1.601096 3.715063 1.935702 1.753086 2.156659 1.836712 3.211920 3.674834 2.739493 2.906353 3.099193 3.636058 3.590508 2.376831 2.380288 1.716092 2.683214 2.572287 
2.279611 2.478954 3.197326 3.099102 2.381337 2.909744 2.215545 2.815960 2.245456 2.370203 1.650477 3.803623 1.986233 1.796959 2.207190 1.876918 3.294395 3.764944 2.819380 2.983869 3.177797 3.730345 3.678846 2.441059 2.442621 1.769391 2.753051 2.640132 
2.335579 2.537405 3.283033 3.167452 2.439123 2.986170 2.265800 2.888343 2.305672 2.430507 1.700594 3.892243 2.037101 1.841046 2.257686 1.917106 3.377281 3.855286 2.899969 3.061742 3.256711 3.825028 3.767395 2.505724 2.505283 1.823185 2.823252 2.708435 
2.391691 2.596060 3.368995 3.236042 2.497215 3.062961 2.316480 2.960956 2.366406 2.491167 1.751454 3.980911 2.088306 1.885349 2.308140 1.957279 3.460579 3.945854 2.981243 3.139951 3.335930 3.920092 3.856147 2.570814 2.568264 1.877454 2.893811 2.777196 
2.447937 2.654920 3.455171 3.304898 2.555615 3.140097 2.367616 3.033783 2.427658 2.552179 1.803060 4.069617 2.139849 1.929867 2.358542 1.997444 3.544289 4.036640 3.063184 3.218477 3.415446 4.015525 3.945097 2.636315 2.631556 1.932177 2.964723 2.846415 
2.504305 2.713981 3.541513 3.374044 2.614327 3.217559 2.419240 3.106803 2.489426 2.613539 1.855418 4.158351 2.191729 1.974601 2.408883 2.037606 3.628410 4.127637 3.145775 3.297298 3.495255 4.111313 4.034237 2.702215 2.695149 1.987335 3.035983 2.916093 
2.560783 2.773245 3.627976 3.443507 2.673352 3.295328 2.471385 3.179998 2.551711 2.675244 1.908531 4.247105 2.243947 2.019552 2.459154 2.077771 3.712943 4.218838 3.228996 3.376392 3.575350 4.207445 4.123563 2.768501 2.759033 2.042908 3.107585 2.986231 
2.617360 2.832708 3.714513 3.513313 2.732694 3.373384 2.524087 3.253348 2.614514 2.737290 1.962403 4.335870 2.296502 2.064722 2.509347 2.117946 3.797890 4.310239 3.312829 3.455739 3.655726 4.303907 4.213070 2.835160 2.823200 2.098872 3.179526 3.056829 
2.674023 2.892372 3.801075 3.583492 2.792356 3.451708 2.577381 3.326835 2.677833 2.799674 2.017039 4.424638 2.349396 2.110110 2.559453 2.158139 3.883252 4.401832 3.397253 3.535315 3.736379 4.400687 4.302753 2.902177 2.887641 2.155206 3.251800 3.127888 
2.730763 2.952235 3.887613 3.654075 2.852341 3.530279 2.631303 3.400439 2.741670 2.862392 2.072442 4.513403 2.402628 2.155720 2.609464 2.198359 3.969033 4.493614 3.482248 3.615099 3.817304 4.497773 4.392609 2.969538 2.952346 2.211887 3.324403 3.199410 
2.787565 3.012296 3.974076 3.725091 2.912653 3.609077 2.685891 3.474141 2.806023 2.925441 2.128616 4.602157 2.456200 2.201551 2.659372 2.238612 4.055234 4.585580 3.567794 3.695069 3.898496 4.595154 4.482634 3.037228 3.017305 2.268892 3.397331 3.271398 
2.844420 3.072555 4.060412 3.796575 2.973295 3.688081 2.741185 3.547921 2.870894 2.988818 2.185565 4.690895 2.510112 2.247607 2.709170 2.278910 4.141861 4.677725 3.653868 3.775200 3.979953 4.692818 4.572827 3.105232 3.082510 2.326196 3.470581 3.343851 
2.901314 3.133012 4.146567 3.868560 3.034270 3.767271 2.797225 3.621760 2.936282 3.052519 2.243291 4.779610 2.564365 2.293890 2.758850 2.319261 4.228917 4.770046 3.740450 3.855470 4.061670 4.790753 4.663185 3.173533 3.147950 2.383775 3.544148 3.416774 
2.958236 3.193666 4.232489 3.941082 3.095585 3.846624 2.854051 3.695638 3.002187 3.116542 2.301797 4.868299 2.618961 2.340401 2.808405 2.359677 4.316407 4.862540 3.827516 3.935856 4.143645 4.888949 4.753708 3.242117 3.213616 2.441604 3.618030 3.490169 
3.015173 3.254519 4.318121 4.014177 3.157241 3.926120 2.911707 3.769536 3.068610 3.180882 2.361087 4.956957 2.673900 2.387143 2.857828 2.400168 4.404338 4.955203 3.915044 4.016332 4.225875 4.987394 4.844394 3.310966 3.279498 2.499656 3.692222 3.564038 
3.072114 3.315568 4.403407 4.087883 3.219245 4.005736 2.970235 3.843434 3.135551 3.245537 2.421164 5.045579 2.729184 2.434119 2.907112 2.440746 4.492714 5.048034 4.003009 4.096875 4.308357 5.086078 4.935244 3.380064 3.345586 2.557906 3.766723 3.638384 
3.129046 3.376816 4.488290 4.162239 3.281600 4.085450 3.029681 3.917313 3.203010 3.310503 2.482029 5.134163 2.784814 2.481331 2.956251 2.481422 4.581542 5.141031 4.091389 4.177461 4.391090 5.184990 5.026258 3.449392 3.411871 2.616325 3.841528 3.713211 
3.185958 3.438261 4.572711 4.237287 3.344312 4.165241 3.090089 3.991151 3.270988 3.375778 2.543685 5.222706 2.840792 2.528783 3.005238 2.522211 4.670831 5.234193 4.180158 4.258063 4.474071 5.284121 5.117438 3.518934 3.478342 2.674886 3.916636 3.788523 
3.242836 3.499906 4.656609 4.313066 3.407386 4.245084 3.151508 4.064930 3.339484 3.441358 2.606135 5.311207 2.897119 2.576479 3.054068 2.563124 4.760587 5.327517 4.269291 4.338657 4.557299 5.383460 5.208784 3.588671 3.544989 2.733562 3.992044 3.864324 
3.299668 3.561749 4.739925 4.389622 3.470826 4.324958 3.213985 4.138629 3.408500 3.507240 2.669380 5.399663 2.953798 2.624420 3.102734 2.604177 4.850820 5.421005 4.358762 4.419217 4.640774 5.482998 5.300301 3.658584 3.611803 2.792322 4.067751 3.940617 
3.356443 3.623792 4.822596 4.466997 3.534639 4.404838 3.277568 4.212228 3.478034 3.573421 2.733423 5.488073 3.010830 2.672613 3.151230 2.645383 4.941538 5.514655 4.448545 4.499717 4.724495 5.582725 5.391990 3.728655 3.678773 2.851137 4.143753 4.017408 
3.413146 3.686035 4.904558 4.545239 3.598830 4.484701 3.342310 4.285707 3.548089 3.639899 2.798265 5.576439 3.068218 2.721059 3.199552 2.686757 5.032751 5.608469 4.538614 4.580131 4.808461 5.682632 5.483855 3.798863 3.745890 2.909977 4.220050 4.094700 
3.469767 3.748480 4.985748 4.624393 3.663404 4.564524 3.408259 4.359045 3.618664 3.706669 2.863908 5.664758 3.125963 2.769764 3.247695 2.728316 5.124470 5.702447 4.628940 4.660432 4.892673 5.782710 5.575901 3.869189 3.813142 2.968811 4.296640 4.172500 
3.526292 3.811128 5.066100 4.704507 3.728369 4.644282 3.475470 4.432223 3.689760 3.773729 2.930352 5.753034 3.184069 2.818732 3.295652 2.770076 5.216704 5.796590 4.719496 4.740593 4.977131 5.882950 5.668132 3.939613 3.880519 3.027607 4.373521 4.250811 
3.582708 3.873979 5.145546 4.785632 3.793729 4.723951 3.543996 4.505219 3.761377 3.841077 2.997600 5.841266 3.242537 2.867967 3.343420 2.812053 5.309466 5.890901 4.810255 4.820587 5.061836 5.983343 5.760554 4.010113 3.948011 3.086334 4.450693 4.329641 
3.639003 3.937036 5.224021 4.867819 3.859493 4.803505 3.613892 4.578013 3.833516 3.908709 3.065651 5.929457 3.301371 2.917474 3.390994 2.854265 5.402768 5.985381 4.901185 4.900386 5.146788 6.083882 5.853172 4.080669 4.015608 3.144959 4.528154 4.408994 
3.695164 4.000298 5.301453 4.951118 3.925665 4.882920 3.685213 4.650585 3.906177 3.976622 3.134508 6.017610 3.360572 2.967258 3.438369 2.896729 5.496622 6.080034 4.992259 4.979961 5.231991 6.184557 5.945994 4.151258 4.083299 3.203448 4.605905 4.488877 
3.751178 4.063769 5.377774 5.035585 3.992254 4.962171 3.758016 4.722913 3.979361 4.044814 3.204170 6.105727 3.420144 3.017325 3.485542 2.939465 5.591041 6.174862 5.083446 5.059285 5.317444 6.285362 6.039027 4.221860 4.151073 3.261767 4.683944 4.569296 
3.807032 4.127450 5.452912 5.121272 4.059266 5.041232 3.832360 4.794978 4.053069 4.113282 3.274639 6.193812 3.480090 3.067679 3.532509 2.982492 5.686039 6.269869 5.174715 5.138329 5.403151 6.386288 6.132278 4.292451 4.218919 3.319883 4.762272 4.650258 
3.862713 4.191342 5.526795 5.208237 4.126708 5.120077 3.908304 4.866757 4.127301 4.182023 3.345914 6.281871 3.540413 3.118326 3.579266 3.025829 5.781631 6.365059 5.266036 5.217064 5.489113 6.487329 6.225756 4.363009 4.286827 3.377759 4.840888 4.731770 
3.918208 4.255447 5.599349 5.296537 4.194589 5.198679 3.985908 4.938231 4.202057 4.251035 3.417996 6.369906 3.601117 3.169272 3.625810 3.069496 5.877832 6.460436 5.357377 5.295460 5.575335 6.588476 6.319470 4.433510 4.354786 3.435360 4.919793 4.813839 
3.973504 4.319768 5.670500 5.386230 4.262914 5.277013 4.065234 5.009378 4.277340 4.320313 3.490884 6.457925 3.662204 3.220523 3.672137 3.113515 5.974657 6.556006 5.448705 5.373489 5.661819 6.689724 6.413430 4.503931 4.422785 3.492650 4.998987 4.896472 
4.028587 4.384306 5.740172 5.477376 4.331693 5.355051 4.146344 5.080177 4.353148 4.389857 3.564578 6.545932 3.723678 3.272086 3.718245 3.157907 6.072122 6.651775 5.539987 5.451118 5.748568 6.791065 6.507646 4.574247 4.490813 3.549591 5.078471 4.979677 
4.083445 4.449064 5.808288 5.570036 4.400934 5.432767 4.229302 5.150606 4.429484 4.459664 3.639079 6.633935 3.785544 3.323966 3.764131 3.202694 6.170245 6.747747 5.631191 5.528320 5.835587 6.892492 6.602129 4.644434 4.558859 3.606146 5.158245 5.063463 
4.138063 4.514045 5.874770 5.664273 4.470644 5.510133 4.314173 5.220645 4.506348 4.529730 3.714385 6.721940 3.847804 3.376170 3.809792 3.247899 6.269042 6.843929 5.722283 5.605061 5.922880 6.994001 6.696890 4.714468 4.626912 3.662276 5.238312 5.147837 
4.192429 4.579250 5.939539 5.760150 4.540832 5.587122 4.401023 5.290272 4.583741 4.600053 3.790496 6.809956 3.910463 3.428706 3.855227 3.293545 6.368531 6.940328 5.813228 5.681313 6.010452 7.095583 6.791941 4.784321 4.694960 3.717943 5.318671 5.232808 
4.246530 4.644683 6.002514 5.857732 4.611506 5.663705 4.489919 5.359465 4.661663 4.670631 3.867410 6.897991 3.973524 3.481579 3.900433 3.339656 6.468732 7.036951 5.903991 5.757042 6.098307 7.197235 6.887295 4.853970 4.762993 3.773108 5.399325 5.318386 
4.300350 4.710347 6.063615 5.957086 4.682677 5.739854 4.580929 5.428204 4.740116 4.741461 3.945128 6.986053 4.036992 3.534799 3.945408 3.386256 6.569662 7.133807 5.994537 5.832218 6.186451 7.298949 6.982966 4.923386 4.830999 3.827729 5.480275 5.404578 
4.353878 4.776243 6.122758 6.058279 4.754351 5.815541 4.674123 5.496466 4.819100 4.812541 4.023646 7.074152 4.100872 3.588371 3.990150 3.433371 6.671343 7.230902 6.084829 5.906809 6.274890 7.400722 7.078967 4.992545 4.898966 3.881767 5.561524 5.491395 
4.407098 4.842376 6.179860 6.161380 4.826540 5.890738 4.769570 5.564230 4.898617 4.883868 4.102965 7.162298 4.165167 3.642303 4.034660 3.481025 6.773793 7.328246 6.174833 5.980782 6.363630 7.502547 7.175313 5.061419 4.966883 3.935180 5.643073 5.578846 
4.459999 4.908748 6.234836 6.266460 4.899251 5.965414 4.867344 5.631474 4.978667 4.955440 4.183083 7.250502 4.229882 3.696604 4.078934 3.529245 6.877035 7.425848 6.264509 6.054104 6.452677 7.604419 7.272019 5.129979 5.034739 3.987925 5.724924 5.666941 
4.512565 4.975362 6.287600 6.373589 4.972495 6.039541 4.967516 5.698176 5.059252 5.027254 4.263997 7.338775 4.295022 3.751281 4.122972 3.578057 6.981089 7.523718 6.353821 6.126742 6.542037 7.706335 7.369100 5.198199 5.102522 4.039962 5.807082 5.755690 
4.564783 5.042223 6.338065 6.482840 5.046282 6.113088 5.070160 5.764314 5.140372 5.099309 4.345707 7.427129 4.360593 3.806343 4.166775 3.627490 7.085978 7.621864 6.442730 6.198663 6.631719 7.808290 7.466573 5.266050 5.170220 4.091245 5.889547 5.845104 
4.616639 5.109333 6.386142 6.594288 5.120621 6.186027 5.175351 5.829866 5.222028 5.171601 4.428209 7.515575 4.426597 3.861799 4.210340 3.677571 7.191724 7.720298 6.531198 6.269833 6.721729 7.910280 7.564455 5.333503 5.237822 4.141732 5.972324 5.935193 
4.668118 5.176697 6.431743 6.708008 5.195523 6.258327 5.283165 5.894811 5.304223 5.244129 4.511501 7.604128 4.493042 3.917656 4.253669 3.728327 7.298350 7.819031 6.619185 6.340218 6.812075 8.012300 7.662763 5.400529 5.305315 4.191378 6.055415 6.025969 
NaN NaN NaN NaN NaN NaN NaN NaN NaN NaN NaN NaN NaN NaN NaN NaN NaN NaN NaN NaN NaN NaN NaN NaN NaN NaN NaN NaN 
NaN NaN NaN NaN NaN NaN NaN NaN NaN NaN NaN NaN NaN NaN NaN NaN NaN NaN NaN NaN NaN NaN NaN NaN NaN NaN NaN NaN 
NaN NaN NaN NaN NaN NaN NaN NaN NaN NaN NaN NaN NaN NaN NaN NaN NaN NaN NaN NaN NaN NaN NaN NaN NaN NaN NaN NaN 
NaN NaN NaN NaN NaN NaN NaN NaN NaN NaN NaN NaN NaN NaN NaN NaN NaN NaN NaN NaN NaN NaN NaN NaN NaN NaN NaN NaN 
