-0.431739 -0.514103 -0.881631 -0.688037 -1.252708 -0.971793 -1.010704 0.011749 -0.952312 -0.867214 0.025063 0.130021 -0.943396 -0.168217 -0.923715 -1.179506 -0.390663 -0.337157 -0.833689 -0.342651 -0.958064 
-0.473026 -0.505692 -0.981295 -0.750239 -1.255578 -0.989144 -1.031928 -0.090754 -0.971315 -0.867713 -0.029350 0.085010 -0.959270 -0.256976 -0.930208 -1.209545 -0.466659 -0.407277 -0.833488 -0.439285 -1.021003 
-0.512132 -0.497594 -1.073622 -0.808146 -1.256987 -1.004680 -1.051551 -0.187903 -0.988374 -0.867688 -0.080721 0.041978 -0.973674 -0.340613 -0.936072 -1.236235 -0.537817 -0.473221 -0.832655 -0.529792 -1.079897 
-0.549075 -0.489784 -1.158821 -0.861860 -1.256972 -1.018434 -1.069580 -0.279798 -1.003531 -0.867131 -0.129121 0.000900 -0.986621 -0.419241 -0.941291 -1.259674 -0.604255 -0.535079 -0.831197 -0.614327 -1.134816 
-0.583877 -0.482239 -1.237096 -0.911484 -1.255572 -1.030442 -1.086025 -0.366538 -1.016829 -0.866037 -0.174618 -0.038248 -0.998127 -0.492969 -0.945848 -1.279962 -0.666087 -0.592938 -0.829121 -0.693042 -1.185828 
-0.616556 -0.474936 -1.308650 -0.957118 -1.252822 -1.040738 -1.100891 -0.448223 -1.028307 -0.864400 -0.217278 -0.075491 -1.008204 -0.561910 -0.949727 -1.297194 -0.723431 -0.646887 -0.826431 -0.766087 -1.232999 
-0.647133 -0.467852 -1.373684 -0.998862 -1.248759 -1.049354 -1.114187 -0.524950 -1.038007 -0.862213 -0.257169 -0.110855 -1.016869 -0.626171 -0.952912 -1.311465 -0.776398 -0.697011 -0.823135 -0.833610 -1.276397 
-0.675627 -0.460965 -1.432395 -1.036812 -1.243418 -1.056325 -1.125922 -0.596816 -1.045969 -0.859470 -0.294357 -0.144363 -1.024133 -0.685860 -0.955389 -1.322870 -0.825101 -0.743395 -0.819238 -0.895759 -1.316088 
-0.702058 -0.454253 -1.484977 -1.071066 -1.236833 -1.061683 -1.136101 -0.663916 -1.052230 -0.856166 -0.328907 -0.176039 -1.030012 -0.741083 -0.957141 -1.331501 -0.869651 -0.786124 -0.814746 -0.952677 -1.352136 
-0.726447 -0.447694 -1.531622 -1.101719 -1.229037 -1.065461 -1.144734 -0.726345 -1.056829 -0.852295 -0.360882 -0.205907 -1.034519 -0.791947 -0.958154 -1.337449 -0.910157 -0.825279 -0.809664 -1.004508 -1.384606 
-0.748814 -0.441266 -1.572518 -1.128864 -1.220065 -1.067689 -1.151827 -0.784197 -1.059805 -0.847851 -0.390347 -0.233991 -1.037669 -0.838554 -0.958412 -1.340802 -0.946726 -0.860944 -0.803998 -1.051394 -1.413563 
-0.769178 -0.434948 -1.607851 -1.152595 -1.209947 -1.068400 -1.157388 -0.837565 -1.061193 -0.842830 -0.417365 -0.260315 -1.039474 -0.881007 -0.957902 -1.341650 -0.979465 -0.893200 -0.797752 -1.093472 -1.439068 
-0.787559 -0.428720 -1.637804 -1.173002 -1.198715 -1.067624 -1.161425 -0.886541 -1.061030 -0.837225 -0.441996 -0.284901 -1.039949 -0.919409 -0.956608 -1.340078 -1.008479 -0.922126 -0.790932 -1.130881 -1.461186 
-0.803978 -0.422561 -1.662557 -1.190175 -1.186400 -1.065391 -1.163945 -0.931216 -1.059352 -0.831032 -0.464303 -0.307774 -1.039108 -0.953860 -0.954517 -1.336172 -1.033871 -0.947802 -0.783542 -1.163757 -1.479977 
-0.818455 -0.416450 -1.682287 -1.204203 -1.173033 -1.061732 -1.164956 -0.971680 -1.056193 -0.824247 -0.484346 -0.328956 -1.036965 -0.984459 -0.951615 -1.330016 -1.055743 -0.970305 -0.775587 -1.192232 -1.495504 
-0.831009 -0.410368 -1.697169 -1.215173 -1.158641 -1.056675 -1.164464 -1.008022 -1.051588 -0.816863 -0.502184 -0.348470 -1.033532 -1.011304 -0.947889 -1.321692 -1.074195 -0.989713 -0.767072 -1.216441 -1.507825 
-0.841662 -0.404295 -1.707375 -1.223170 -1.143255 -1.050251 -1.162478 -1.040331 -1.045569 -0.808877 -0.517876 -0.366338 -1.028824 -1.034492 -0.943324 -1.311280 -1.089326 -1.006101 -0.757999 -1.236512 -1.517003 
-0.850434 -0.398212 -1.713073 -1.228280 -1.126900 -1.042486 -1.159004 -1.068693 -1.038171 -0.800284 -0.531479 -0.382584 -1.022855 -1.054118 -0.937909 -1.298861 -1.101234 -1.019545 -0.748374 -1.252574 -1.523094 
-0.857345 -0.392099 -1.714429 -1.230586 -1.109605 -1.033410 -1.154050 -1.093194 -1.029425 -0.791079 -0.543052 -0.397228 -1.015637 -1.070278 -0.931629 -1.284512 -1.110016 -1.030119 -0.738201 -1.264755 -1.526159 
-0.862414 -0.385938 -1.711606 -1.230169 -1.091396 -1.023050 -1.147623 -1.113921 -1.019362 -0.781259 -0.552650 -0.410294 -1.007184 -1.083064 -0.924473 -1.268309 -1.115765 -1.037895 -0.727482 -1.273177 -1.526254 
-0.865664 -0.379711 -1.704764 -1.227109 -1.072298 -1.011432 -1.139730 -1.130958 -1.008014 -0.770820 -0.560328 -0.421803 -0.997510 -1.092568 -0.916428 -1.250328 -1.118576 -1.042945 -0.716221 -1.277966 -1.523438 
-0.867113 -0.373399 -1.694062 -1.221487 -1.052336 -0.998584 -1.130378 -1.144388 -0.995410 -0.759757 -0.566142 -0.431777 -0.986629 -1.098881 -0.907482 -1.230643 -1.118539 -1.045341 -0.704422 -1.279241 -1.517766 
-0.866783 -0.366985 -1.679652 -1.213380 -1.031534 -0.984532 -1.119575 -1.154293 -0.981579 -0.748066 -0.570146 -0.440237 -0.974552 -1.102094 -0.897623 -1.209326 -1.115745 -1.045152 -0.692088 -1.277123 -1.509294 
-0.864695 -0.360451 -1.661688 -1.202865 -1.009915 -0.969301 -1.107327 -1.160756 -0.966551 -0.735745 -0.572392 -0.447204 -0.961295 -1.102294 -0.886839 -1.186447 -1.110284 -1.042448 -0.679221 -1.271728 -1.498078 
-0.860867 -0.353780 -1.640317 -1.190016 -0.987503 -0.952917 -1.093642 -1.163856 -0.950353 -0.722790 -0.572933 -0.452700 -0.946870 -1.099568 -0.875120 -1.162076 -1.102242 -1.037296 -0.665824 -1.263174 -1.484172 
-0.855323 -0.346955 -1.615686 -1.174908 -0.964318 -0.935404 -1.078526 -1.163674 -0.933014 -0.709197 -0.571821 -0.456746 -0.931289 -1.094004 -0.862453 -1.136281 -1.091706 -1.029763 -0.651900 -1.251572 -1.467630 
-0.848081 -0.339960 -1.587938 -1.157613 -0.940382 -0.916786 -1.061987 -1.160289 -0.914558 -0.694963 -0.569105 -0.459361 -0.914568 -1.085685 -0.848828 -1.109129 -1.078760 -1.019915 -0.637452 -1.237037 -1.448504 
-0.839162 -0.332778 -1.557214 -1.138203 -0.915715 -0.897088 -1.044031 -1.153777 -0.895013 -0.680085 -0.564837 -0.460568 -0.896718 -1.074695 -0.834235 -1.080684 -1.063488 -1.007817 -0.622481 -1.219677 -1.426848 
-0.828588 -0.325393 -1.523651 -1.116748 -0.890337 -0.876333 -1.024665 -1.144216 -0.874404 -0.664560 -0.559065 -0.460386 -0.877752 -1.061117 -0.818663 -1.051011 -1.045970 -0.993533 -0.606989 -1.199602 -1.402713 
-0.816379 -0.317790 -1.487383 -1.093315 -0.864267 -0.854544 -1.003896 -1.131682 -0.852756 -0.648386 -0.551838 -0.458835 -0.857684 -1.045033 -0.802101 -1.020171 -1.026288 -0.977126 -0.590978 -1.176918 -1.376151 
-0.802556 -0.309954 -1.448542 -1.067972 -0.837522 -0.831742 -0.981731 -1.116250 -0.830091 -0.631560 -0.543202 -0.455935 -0.836527 -1.026521 -0.784540 -0.988225 -1.004519 -0.958657 -0.574450 -1.151730 -1.347211 
-0.787139 -0.301869 -1.407258 -1.040786 -0.810121 -0.807951 -0.958177 -1.097993 -0.806434 -0.614079 -0.533206 -0.451706 -0.814294 -1.005662 -0.765970 -0.955233 -0.980742 -0.938188 -0.557406 -1.124142 -1.315943 
-0.770150 -0.293521 -1.363656 -1.011820 -0.782080 -0.783191 -0.933240 -1.076986 -0.781808 -0.595941 -0.521894 -0.446168 -0.790997 -0.982533 -0.746382 -0.921253 -0.955032 -0.915778 -0.539847 -1.094253 -1.282397 
-0.751610 -0.284895 -1.317859 -0.981139 -0.753415 -0.757483 -0.906927 -1.053299 -0.756233 -0.577144 -0.509312 -0.439340 -0.766649 -0.957209 -0.725767 -0.886341 -0.927464 -0.891486 -0.521776 -1.062165 -1.246621 
-0.731539 -0.275978 -1.269989 -0.948803 -0.724140 -0.730849 -0.879245 -1.027005 -0.729731 -0.557685 -0.495504 -0.431241 -0.741264 -0.929768 -0.704115 -0.850552 -0.898110 -0.865370 -0.503191 -1.027974 -1.208662 
-0.709958 -0.266755 -1.220163 -0.914873 -0.694271 -0.703308 -0.850199 -0.998173 -0.702324 -0.537564 -0.480514 -0.421890 -0.714853 -0.900282 -0.681418 -0.813939 -0.867043 -0.837487 -0.484095 -0.991777 -1.168569 
-0.686889 -0.257213 -1.168495 -0.879410 -0.663821 -0.674879 -0.819798 -0.966873 -0.674030 -0.516778 -0.464385 -0.411306 -0.687430 -0.868825 -0.657667 -0.776556 -0.834332 -0.807892 -0.464487 -0.953667 -1.126386 
-0.662352 -0.247340 -1.115097 -0.842470 -0.632804 -0.645583 -0.788047 -0.933174 -0.644868 -0.495325 -0.447158 -0.399508 -0.659007 -0.835468 -0.632855 -0.738453 -0.800046 -0.776641 -0.444368 -0.913737 -1.082161 
-0.636369 -0.237121 -1.060079 -0.804110 -0.601230 -0.615436 -0.754952 -0.897141 -0.614858 -0.473205 -0.428874 -0.386514 -0.629598 -0.800282 -0.606972 -0.699679 -0.764252 -0.743787 -0.423739 -0.872076 -1.035937 
-0.608961 -0.226544 -1.003546 -0.764386 -0.569113 -0.584459 -0.720521 -0.858843 -0.584017 -0.450415 -0.409574 -0.372342 -0.599213 -0.763337 -0.580012 -0.660282 -0.727016 -0.709383 -0.402599 -0.828774 -0.987760 
-0.580149 -0.215599 -0.945603 -0.723352 -0.536462 -0.552668 -0.684759 -0.818344 -0.552362 -0.426955 -0.389298 -0.357010 -0.567867 -0.724699 -0.551968 -0.620309 -0.688402 -0.673481 -0.380947 -0.783917 -0.937673 
-0.549954 -0.204271 -0.886349 -0.681059 -0.503288 -0.520081 -0.647674 -0.775710 -0.519909 -0.402824 -0.368083 -0.340537 -0.535571 -0.684437 -0.522831 -0.579804 -0.648473 -0.636131 -0.358784 -0.737590 -0.885719 
-0.518397 -0.192550 -0.825883 -0.637560 -0.469600 -0.486715 -0.609270 -0.731003 -0.486675 -0.378020 -0.345969 -0.322940 -0.502339 -0.642616 -0.492594 -0.538811 -0.607291 -0.597383 -0.336110 -0.689877 -0.831940 
-0.485500 -0.180425 -0.764299 -0.592904 -0.435406 -0.452585 -0.569555 -0.684286 -0.452674 -0.352544 -0.322992 -0.304236 -0.468181 -0.599300 -0.461252 -0.497373 -0.564916 -0.557287 -0.312922 -0.640858 -0.776379 
-0.451284 -0.167884 -0.701689 -0.547141 -0.400714 -0.417708 -0.528535 -0.635622 -0.417921 -0.326394 -0.299188 -0.284443 -0.433112 -0.554553 -0.428797 -0.455530 -0.521406 -0.515889 -0.289221 -0.590614 -0.719075 
-0.415771 -0.154917 -0.638142 -0.500316 -0.365531 -0.382099 -0.486216 -0.585071 -0.382429 -0.299570 -0.274594 -0.263578 -0.397142 -0.508437 -0.395224 -0.413321 -0.476817 -0.473236 -0.265005 -0.539221 -0.660071 
-0.378982 -0.141513 -0.573745 -0.452477 -0.329864 -0.345774 -0.442604 -0.532692 -0.346212 -0.272071 -0.249243 -0.241657 -0.360284 -0.461013 -0.360526 -0.370785 -0.431207 -0.429375 -0.240272 -0.486756 -0.599404 
-0.340938 -0.127663 -0.508581 -0.403667 -0.293719 -0.308746 -0.397705 -0.478546 -0.309281 -0.243899 -0.223170 -0.218698 -0.322551 -0.412340 -0.324697 -0.327957 -0.384629 -0.384350 -0.215022 -0.433293 -0.537115 
-0.301661 -0.113357 -0.442732 -0.353931 -0.257099 -0.271030 -0.351525 -0.422689 -0.271649 -0.215051 -0.196408 -0.194717 -0.283955 -0.362478 -0.287732 -0.284874 -0.337135 -0.338204 -0.189253 -0.378903 -0.473241 
-0.261172 -0.098584 -0.376273 -0.303309 -0.220009 -0.232639 -0.304071 -0.365179 -0.233326 -0.185530 -0.168989 -0.169731 -0.244507 -0.311483 -0.249626 -0.241567 -0.288777 -0.290980 -0.162963 -0.323658 -0.407820 
-0.219494 -0.083337 -0.309282 -0.251844 -0.182453 -0.193586 -0.255349 -0.306072 -0.194322 -0.155334 -0.140945 -0.143755 -0.204220 -0.259411 -0.210373 -0.198070 -0.239606 -0.242721 -0.136150 -0.267627 -0.340889 
-0.176647 -0.067605 -0.241829 -0.199573 -0.144433 -0.153883 -0.205363 -0.245423 -0.154648 -0.124465 -0.112306 -0.116805 -0.163106 -0.206319 -0.169969 -0.154414 -0.189668 -0.193465 -0.108811 -0.210875 -0.272485 
-0.132653 -0.051382 -0.173985 -0.146536 -0.105950 -0.113544 -0.154121 -0.183286 -0.114313 -0.092922 -0.083103 -0.088898 -0.121177 -0.152258 -0.128410 -0.110627 -0.139012 -0.143254 -0.080945 -0.153468 -0.202643 
-0.087535 -0.034657 -0.105814 -0.092768 -0.067007 -0.072580 -0.101628 -0.119714 -0.073323 -0.060707 -0.053364 -0.060049 -0.078444 -0.097282 -0.085690 -0.066738 -0.087683 -0.092126 -0.052548 -0.095469 -0.131398 
-0.041313 -0.017425 -0.037382 -0.038305 -0.027603 -0.031001 -0.047890 -0.054761 -0.031687 -0.027821 -0.023118 -0.030273 -0.034920 -0.041443 -0.041807 -0.022772 -0.035725 -0.040119 -0.023618 -0.036939 -0.058784 
0.005990 0.000324 0.031251 0.016819 0.012261 0.011182 0.007087 0.011524 0.010587 0.005736 0.007607 0.000414 0.009383 0.015210 0.003245 0.021245 0.016820 0.012732 0.005848 0.022061 0.015165 
0.054353 0.018596 0.100027 0.072571 0.052587 0.053957 0.063297 0.079089 0.053495 0.039962 0.038785 0.031997 0.054454 0.072628 0.049468 0.065289 0.069910 0.066389 0.035853 0.081475 0.090416 
0.103754 0.037398 0.168892 0.128921 0.093378 0.097316 0.120735 0.147885 0.097031 0.074856 0.070390 0.064463 0.100282 0.130763 0.096866 0.109339 0.123506 0.120820 0.066401 0.141246 0.166936 
0.154171 0.056738 0.237792 0.185837 0.134634 0.141249 0.179395 0.217864 0.141189 0.110417 0.102397 0.097795 0.146853 0.189568 0.145442 0.153374 0.177569 0.175989 0.097494 0.201321 0.244695 
0.205582 0.076620 0.306679 0.243292 0.176360 0.185747 0.239272 0.288977 0.185965 0.146643 0.134782 0.131979 0.194157 0.248998 0.195198 0.197374 0.232063 0.231865 0.129137 0.261646 0.323661 
0.257964 0.097052 0.375506 0.301258 0.218560 0.230802 0.300359 0.361179 0.231357 0.183533 0.167520 0.167002 0.242182 0.309009 0.246138 0.241322 0.286952 0.288416 0.161334 0.322172 0.403805 
0.311297 0.118039 0.444229 0.359708 0.261238 0.276406 0.362651 0.434423 0.277361 0.221083 0.200589 0.202849 0.290916 0.369558 0.298264 0.285202 0.342202 0.345611 0.194088 0.382849 0.485095 
0.365558 0.139587 0.512807 0.418620 0.304399 0.322551 0.426143 0.508665 0.323976 0.259294 0.233968 0.239506 0.340349 0.430603 0.351577 0.328997 0.397780 0.403421 0.227404 0.443632 0.567505 
0.420724 0.161701 0.581203 0.477968 0.348051 0.369231 0.490829 0.583860 0.371199 0.298161 0.267634 0.276960 0.390468 0.492104 0.406080 0.372696 0.453656 0.461817 0.261287 0.504474 0.651004 
0.476774 0.184385 0.649381 0.537731 0.392200 0.416439 0.556704 0.659967 0.419030 0.337684 0.301569 0.315197 0.441261 0.554020 0.461775 0.416285 0.509800 0.520772 0.295740 0.565332 0.735567 
0.533686 0.207644 0.717309 0.597889 0.436854 0.464168 0.623762 0.736943 0.467470 0.377859 0.335751 0.354203 0.492719 0.616315 0.518662 0.459754 0.566184 0.580258 0.330768 0.626166 0.821165 
0.591437 0.231482 0.784957 0.658421 0.482021 0.512414 0.691998 0.814748 0.516518 0.418684 0.370163 0.393966 0.544828 0.678951 0.576743 0.503094 0.622781 0.640252 0.366377 0.686936 0.907773 
0.650005 0.255903 0.852299 0.719311 0.527711 0.561171 0.761407 0.893340 0.566176 0.460157 0.404786 0.434473 0.597579 0.741892 0.636018 0.546297 0.679566 0.700728 0.402572 0.747603 0.995365 
0.709368 0.280911 0.919311 0.780541 0.573933 0.610434 0.831982 0.972682 0.616447 0.502274 0.439604 0.475710 0.650960 0.805103 0.696489 0.589357 0.736514 0.761662 0.439357 0.808132 1.083916 
0.769503 0.306509 0.985972 0.842095 0.620698 0.660200 0.903720 1.052734 0.667332 0.545032 0.474599 0.517666 0.704958 0.868552 0.758156 0.632268 0.793605 0.823032 0.476739 0.868488 1.173402 
0.830389 0.332700 1.052263 0.903961 0.668018 0.710464 0.976614 1.133460 0.718835 0.588428 0.509757 0.560328 0.759565 0.932206 0.821019 0.675028 0.850816 0.884817 0.514724 0.928640 1.263800 
0.892002 0.359487 1.118170 0.966124 0.715905 0.761224 1.050660 1.214824 0.770961 0.632460 0.545063 0.603684 0.814767 0.996034 0.885077 0.717634 0.908128 0.946996 0.553316 0.988556 1.355087 
0.954321 0.386871 1.183680 1.028575 0.764371 0.812476 1.125853 1.296790 0.823713 0.677122 0.580503 0.647721 0.870555 1.060006 0.950331 0.760085 0.965524 1.009550 0.592522 1.048208 1.447240 
1.017322 0.414856 1.248783 1.091302 0.813430 0.864218 1.202186 1.379324 0.877098 0.722413 0.616063 0.692429 0.926917 1.124094 1.016780 0.802383 1.022986 1.072461 0.632349 1.107570 1.540238 
1.080983 0.443442 1.313473 1.154297 0.863097 0.916449 1.279657 1.462392 0.931121 0.768328 0.651731 0.737794 0.983842 1.188270 1.084422 0.844529 1.080500 1.135710 0.672802 1.166615 1.634060 
1.145283 0.472631 1.377746 1.217553 0.913386 0.969166 1.358258 1.545961 0.985790 0.814863 0.687496 0.783807 1.041319 1.252508 1.153258 0.886527 1.138051 1.199281 0.713889 1.225320 1.728686 
1.210197 0.502424 1.441600 1.281063 0.964315 1.022370 1.437985 1.630002 1.041111 0.862014 0.723347 0.830455 1.099338 1.316783 1.223285 0.928383 1.195628 1.263159 0.755615 1.283665 1.824097 
1.275703 0.532823 1.505038 1.344823 1.015898 1.076059 1.518834 1.714482 1.097093 0.909777 0.759274 0.877728 1.157888 1.381071 1.294503 0.970102 1.253219 1.327330 0.797989 1.341630 1.920273 
1.341780 0.563827 1.568063 1.408830 1.068154 1.130234 1.600800 1.799372 1.153745 0.958147 0.795268 0.925615 1.216957 1.445351 1.366909 1.011693 1.310816 1.391780 0.841017 1.399195 2.017197 
1.408403 0.595436 1.630685 1.473081 1.121100 1.184894 1.683877 1.884644 1.211076 1.007121 0.831320 0.974105 1.276535 1.509599 1.440501 1.053165 1.368411 1.456497 0.884707 1.456347 2.114851 
1.475551 0.627652 1.692911 1.537576 1.174756 1.240042 1.768060 1.970269 1.269097 1.056694 0.867424 1.023188 1.336611 1.573796 1.515277 1.094529 1.425996 1.521469 0.929065 1.513070 2.213218 
1.543200 0.660472 1.754757 1.602315 1.229140 1.295679 1.853346 2.056221 1.327818 1.106860 0.903571 1.072853 1.397176 1.637924 1.591235 1.135798 1.483567 1.586687 0.974101 1.569351 2.312282 
1.611328 0.693897 1.816238 1.667300 1.284274 1.351805 1.939729 2.142474 1.387251 1.157616 0.939757 1.123091 1.458217 1.701963 1.668371 1.176984 1.541121 1.652140 1.019821 1.625181 2.412028 
1.679912 0.727925 1.877372 1.732535 1.340178 1.408425 2.027204 2.229003 1.447408 1.208955 0.975976 1.173890 1.519725 1.765899 1.746683 1.218103 1.598655 1.717820 1.066233 1.680550 2.512441 
1.748928 0.762555 1.938182 1.798024 1.396874 1.465539 2.115767 2.315784 1.508302 1.260873 1.012224 1.225243 1.581688 1.829714 1.826168 1.259172 1.656169 1.783720 1.113347 1.735452 2.613507 
1.818354 0.797786 1.998691 1.863772 1.454385 1.523153 2.205413 2.402795 1.569947 1.313365 1.048497 1.277138 1.644098 1.893395 1.906821 1.300208 1.713662 1.849833 1.161170 1.789882 2.715212 
1.888168 0.833615 2.058928 1.929788 1.512733 1.581269 2.296138 2.490012 1.632357 1.366424 1.084792 1.329568 1.706942 1.956929 1.988639 1.341232 1.771139 1.916155 1.209711 1.843835 2.817544 
1.958345 0.870040 2.118921 1.996080 1.571943 1.639892 2.387937 2.577415 1.695547 1.420046 1.121108 1.382522 1.770211 2.020305 2.071619 1.382263 1.828601 1.982681 1.258978 1.897310 2.920490 
2.028863 0.907058 2.178706 2.062657 1.632039 1.699026 2.480805 2.664983 1.759533 1.474224 1.157443 1.435992 1.833894 2.083510 2.155755 1.423324 1.886055 2.049408 1.308982 1.950309 3.024039 
2.099698 0.944667 2.238316 2.129532 1.693048 1.758677 2.574739 2.752698 1.824330 1.528953 1.193797 1.489968 1.897982 2.146537 2.241044 1.464439 1.943507 2.116333 1.359730 2.002832 3.128181 
2.170828 0.982863 2.297791 2.196716 1.754994 1.818850 2.669733 2.840541 1.889957 1.584226 1.230171 1.544443 1.962463 2.209376 2.327481 1.505633 2.000965 2.183455 1.411233 2.054884 3.232905 
2.242230 1.021643 2.357173 2.264223 1.817905 1.879552 2.765783 2.928495 1.956430 1.640038 1.266565 1.599409 2.027329 2.272021 2.415060 1.546932 2.058438 2.250773 1.463499 2.106471 3.338202 
2.313879 1.061003 2.416506 2.332069 1.881809 1.940788 2.862886 3.016543 2.023769 1.696382 1.302982 1.654855 2.092567 2.334466 2.503777 1.588366 2.115937 2.318290 1.516539 2.157599 3.444063 
2.385754 1.100939 2.475836 2.400270 1.946735 2.002567 2.961035 3.104669 2.091991 1.753251 1.339425 1.710776 2.158169 2.396707 2.593626 1.629962 2.173475 2.386005 1.570363 2.208279 3.550481 
2.457829 1.141447 2.535215 2.468845 2.012710 2.064894 3.060228 3.192860 2.161118 1.810640 1.375897 1.767163 2.224125 2.458739 2.684601 1.671752 2.231065 2.453923 1.624979 2.258521 3.657447 
2.530083 1.182521 2.594695 2.537811 2.079766 2.127779 3.160460 3.281101 2.231169 1.868540 1.412403 1.824007 2.290423 2.520560 2.776696 1.713768 2.288723 2.522046 1.680400 2.308338 3.764955 
2.602492 1.224157 2.654332 2.607191 2.147932 2.191230 3.261727 3.369380 2.302166 1.926946 1.448947 1.881303 2.357055 2.582170 2.869906 1.756044 2.346465 2.590380 1.736634 2.357746 3.872999 
2.675032 1.266349 2.714184 2.677005 2.217241 2.255255 3.364025 3.457686 2.374130 1.985850 1.485537 1.939043 2.424011 2.643569 2.964223 1.798615 2.404309 2.658930 1.793693 2.406760 3.981574 
2.747681 1.309091 2.774313 2.747277 2.287723 2.319865 3.467349 3.546007 2.447084 2.045244 1.522178 1.997219 2.491280 2.704757 3.059641 1.841517 2.462275 2.727703 1.851588 2.455400 4.090675 
2.820413 1.352378 2.834783 2.818032 2.359413 2.385068 3.571696 3.634333 2.521051 2.105123 1.558879 2.055824 2.558853 2.765739 3.156154 1.884790 2.520384 2.796708 1.910330 2.503685 4.200298 
2.893206 1.396203 2.895662 2.889295 2.432344 2.450875 3.677061 3.722657 2.596055 2.165477 1.595647 2.114853 2.626720 2.826516 3.253753 1.928472 2.578659 2.865951 1.969929 2.551637 4.310439 
2.966037 1.440560 2.957018 2.961094 2.506550 2.517298 3.783440 3.810969 2.672120 2.226301 1.632493 2.174298 2.694871 2.887095 3.352432 1.972603 2.637123 2.935445 2.030397 2.599281 4.421096 
3.038881 1.485442 3.018926 3.033457 2.582065 2.584346 3.890831 3.899263 2.749272 2.287584 1.669426 2.234154 2.763297 2.947481 3.452183 2.017228 2.695801 3.005199 2.091746 2.646642 4.532268 
3.111715 1.530841 3.081460 3.106414 2.658927 2.652032 3.999227 3.987533 2.827537 2.349321 1.706457 2.294413 2.831987 3.007681 3.552997 2.062388 2.754722 3.075225 2.153987 2.693747 4.643952 
3.184516 1.576750 3.144700 3.179996 2.737171 2.720369 4.108626 4.075773 2.906940 2.411502 1.743597 2.355071 2.900933 3.067705 3.654868 2.108130 2.813911 3.145536 2.217132 2.740626 4.756147 
3.257259 1.623161 3.208726 3.254235 2.816835 2.789368 4.219024 4.163981 2.987510 2.474119 1.780860 2.416121 2.970125 3.127562 3.757786 2.154500 2.873400 3.216146 2.281193 2.787309 4.868855 
3.329920 1.670066 3.273623 3.329167 2.897957 2.859042 4.330417 4.252151 3.069275 2.537165 1.818258 2.477558 3.039553 3.187262 3.861742 2.201546 2.933220 3.287070 2.346184 2.833831 4.982076 
3.402477 1.717457 3.339477 3.404825 2.980575 2.929406 4.442802 4.340283 3.152263 2.600630 1.855806 2.539377 3.109207 3.246818 3.966729 2.249317 2.993403 3.358323 2.412115 2.880224 5.095811 
3.474905 1.765324 3.406379 3.481246 3.064729 3.000473 4.556174 4.428374 3.236502 2.664507 1.893517 2.601572 3.179079 3.306244 4.072736 2.297865 3.053983 3.429923 2.478999 2.926527 5.210062 
3.547180 1.813659 3.474422 3.558469 3.150459 3.072258 4.670529 4.516425 3.322025 2.728785 1.931409 2.664139 3.249159 3.365554 4.179755 2.347242 3.114996 3.501888 2.546851 2.972777 5.324831 
3.619278 1.862452 3.543700 3.636531 3.237807 3.144776 4.785865 4.604436 3.408860 2.793457 1.969496 2.727072 3.319438 3.424763 4.287775 2.397502 3.176478 3.574235 2.615681 3.019014 5.440123 
3.691175 1.911694 3.614312 3.715475 3.326813 3.218042 4.902178 4.692408 3.497040 2.858512 2.007798 2.790367 3.389906 3.483888 4.396787 2.448699 3.238468 3.646986 2.685505 3.065281 5.555941 
3.762848 1.961374 3.686360 3.795341 3.417521 3.292072 5.019463 4.780344 3.586596 2.923943 2.046331 2.854020 3.460554 3.542948 4.506781 2.500891 3.301006 3.720162 2.756334 3.111621 5.672290 
3.834272 2.011483 3.759947 3.876173 3.509973 3.366883 5.137718 4.868248 3.677561 2.989739 2.085114 2.918027 3.531373 3.601962 4.617747 2.554136 3.364133 3.793783 2.828183 3.158080 5.789176 
3.905423 2.062009 3.835181 3.958015 3.604214 3.442491 5.256939 4.956123 3.769969 3.055891 2.124167 2.982383 3.602354 3.660950 4.729673 2.608493 3.427892 3.867873 2.901065 3.204705 5.906604 
3.976277 2.112942 3.912170 4.040913 3.700288 3.518914 5.377122 5.043975 3.863853 3.122390 2.163511 3.047084 3.673488 3.719934 4.842549 2.664023 3.492327 3.942457 2.974994 3.251545 6.024581 
4.046809 2.164271 3.991029 4.124915 3.798241 3.596169 5.498265 5.131811 3.959249 3.189224 2.203166 3.112127 3.744765 3.778937 4.956365 2.720789 3.557483 4.017558 3.049985 3.298652 6.143115 
4.116996 2.215983 4.071871 4.210068 3.898118 3.674274 5.620363 5.219637 4.056192 3.256386 2.243156 3.177509 3.816177 3.837984 5.071107 2.778854 3.623408 4.093204 3.126051 3.346079 6.262214 
4.186814 2.268067 4.154817 4.296423 3.999967 3.753249 5.743414 5.307461 4.154719 3.323864 2.283501 3.243226 3.887715 3.897098 5.186766 2.838284 3.690150 4.169420 3.203207 3.393879 6.381886 
4.256238 2.320511 4.239985 4.384031 4.103836 3.833113 5.867414 5.395293 4.254865 3.391648 2.324227 3.309275 3.959369 3.956307 5.303329 2.899145 3.757759 4.246235 3.281468 3.442110 6.502142 
4.325243 2.373303 4.327502 4.472943 4.209772 3.913885 5.992359 5.483142 4.356668 3.459728 2.365358 3.375654 4.031132 4.015639 5.420785 2.961505 3.826286 4.323678 3.360848 3.490829 6.622990 
4.393806 2.426429 4.417492 4.563215 4.317824 3.995585 6.118248 5.571020 4.460167 3.528094 2.406919 3.442359 4.102993 4.075123 5.539120 3.025434 3.895784 4.401779 3.441363 3.540098 6.744442 
4.461901 2.479877 4.510087 4.654901 4.428043 4.078233 6.245076 5.658939 4.565401 3.596734 2.448935 3.509388 4.174945 4.134787 5.658322 3.091004 3.966308 4.480569 3.523027 3.589977 6.866510 
4.529505 2.533633 4.605418 4.748058 4.540480 4.161852 6.372840 5.746910 4.672409 3.665638 2.491434 3.576738 4.246978 4.194665 5.778379 3.158285 4.037914 4.560080 3.605856 3.640531 6.989205 
4.596593 2.587683 4.703621 4.842743 4.655185 4.246462 6.501537 5.834949 4.781231 3.734795 2.534444 3.644409 4.319085 4.254788 5.899277 3.227353 4.110657 4.640346 3.689866 3.691825 7.112540 
4.663141 2.642014 4.804833 4.939015 4.772210 4.332085 6.631165 5.923070 4.891908 3.804193 2.577993 3.712397 4.391255 4.315189 6.021004 3.298283 4.184598 4.721399 3.775073 3.743926 7.236529 
4.729123 2.696610 4.909197 5.036935 4.891609 4.418745 6.761719 6.011288 5.004482 3.873822 2.622109 3.780700 4.463482 4.375905 6.143545 3.371150 4.259796 4.803275 3.861491 3.796904 7.361186 
4.794516 2.751458 5.016856 5.136566 5.013434 4.506463 6.893198 6.099620 5.118995 3.943671 2.666824 3.849319 4.535755 4.436970 6.266887 3.446034 4.336312 4.886011 3.949138 3.850830 7.486526 
4.859295 2.806543 5.127956 5.237969 5.137741 4.595263 7.025598 6.188083 5.235491 4.013726 2.712167 3.918250 4.608067 4.498423 6.391016 3.523014 4.414210 4.969643 4.038030 3.905776 7.612564 
4.923434 2.861849 5.242647 5.341209 5.264584 4.685169 7.158916 6.276697 5.354012 4.083978 2.758171 3.987493 4.680410 4.560301 6.515918 3.602171 4.493554 5.054209 4.128182 3.961817 7.739316 
4.986910 2.917360 5.361082 5.446353 5.394018 4.776205 7.293150 6.365481 5.474603 4.154414 2.804868 4.057047 4.752774 4.622645 6.641578 3.683587 4.574409 5.139749 4.219613 4.019029 7.866800 
5.049697 2.973061 5.483415 5.553467 5.526101 4.868396 7.428297 6.454454 5.597310 4.225022 2.852291 4.126911 4.825151 4.685494 6.767981 3.767347 4.656844 5.226302 4.312338 4.077492 7.995032 
5.111770 3.028936 5.609805 5.662619 5.660890 4.961768 7.564353 6.543639 5.722177 4.295790 2.900475 4.197084 4.897534 4.748892 6.895112 3.853535 4.740927 5.313910 4.406374 4.137283 8.124031 
5.173106 3.084968 5.740413 5.773880 5.798443 5.056345 7.701316 6.633057 5.849252 4.366705 2.949453 4.267566 4.969913 4.812882 7.022957 3.942239 4.826728 5.402615 4.501740 4.198487 8.253817 
5.233679 3.141140 5.875402 5.887321 5.938817 5.152155 7.839184 6.722733 5.978581 4.437756 2.999262 4.338357 5.042281 4.877507 7.151499 4.033546 4.914318 5.492460 4.598451 4.261185 8.384407 
5.293463 3.197436 6.014939 6.003013 6.082074 5.249223 7.977953 6.812689 6.110212 4.508930 3.049939 4.409457 5.114630 4.942814 7.280724 4.127546 5.003772 5.583489 4.696527 4.325465 8.515823 
5.352435 3.253837 6.159194 6.121031 6.228272 5.347578 8.117622 6.902951 6.244193 4.580213 3.101519 4.480866 5.186951 5.008849 7.410614 4.224330 5.095162 5.675747 4.795983 4.391412 8.648086 
5.410569 3.310326 6.308338 6.241450 6.377473 5.447246 8.258187 6.993546 6.380574 4.651594 3.154042 4.552583 5.259235 5.075661 7.541154 4.323991 5.188566 5.769281 4.896840 4.459116 8.781216 
5.467840 3.366885 6.462547 6.364347 6.529739 5.548255 8.399646 7.084500 6.519405 4.723059 3.207547 4.624611 5.331476 5.143298 7.672327 4.426623 5.284061 5.864138 4.999114 4.528669 8.915237 
5.524223 3.423496 6.621999 6.489798 6.685132 5.650635 8.541997 7.175841 6.660735 4.794596 3.262072 4.696949 5.403666 5.211812 7.804117 4.532320 5.381725 5.960365 5.102823 4.600162 9.050171 
5.579692 3.480140 6.786874 6.617883 6.843715 5.754413 8.685236 7.267598 6.804617 4.866190 3.317658 4.769598 5.475795 5.281254 7.936507 4.641180 5.481639 6.058012 5.207987 4.673691 9.186041 
5.634224 3.536798 6.957357 6.748683 7.005552 5.859621 8.829362 7.359801 6.951102 4.937829 3.374347 4.842560 5.547857 5.351676 8.069479 4.753301 5.583885 6.157129 5.314624 4.749352 9.322873 
5.687792 3.593451 7.133633 6.882279 7.170707 5.966286 8.974372 7.452481 7.100242 5.009498 3.432180 4.915836 5.619843 5.423133 8.203016 4.868782 5.688546 6.257768 5.422753 4.827242 9.460690 
5.740371 3.650079 7.315892 7.018755 7.339247 6.074441 9.120264 7.545669 7.252090 5.081185 3.491201 4.989426 5.691746 5.495680 8.337100 4.987725 5.795706 6.359981 5.532393 4.907463 9.599519 
5.791936 3.706662 7.504326 7.158194 7.511236 6.184115 9.267036 7.639398 7.406702 5.152874 3.551452 5.063334 5.763557 5.569373 8.471714 5.110232 5.905452 6.463820 5.643563 4.990115 9.739385 
5.842462 3.763181 7.699131 7.300683 7.686743 6.295340 9.414684 7.733701 7.564130 5.224554 3.612979 5.137560 5.835270 5.644270 8.606840 5.236407 6.017871 6.569341 5.756282 5.075302 9.880316 
5.891923 3.819614 7.900503 7.446308 7.865834 6.408148 9.563208 7.828614 7.724431 5.296208 3.675826 5.212107 5.906876 5.720430 8.742458 5.366355 6.133052 6.676598 5.870570 5.163130 10.022339 
5.940295 3.875941 8.108645 7.595158 8.048578 6.522571 9.712605 7.924172 7.887660 5.367823 3.740041 5.286978 5.978368 5.797913 8.878550 5.500183 6.251086 6.785647 5.986447 5.253706 10.165483 
5.987550 3.932141 8.323758 7.747322 8.235043 6.638642 9.862872 8.020411 8.053875 5.439385 3.805668 5.362173 6.049738 5.876780 9.015098 5.638000 6.372065 6.896547 6.103933 5.347140 10.309777 
6.033665 3.988192 8.546050 7.902893 8.425300 6.756393 10.014007 8.117368 8.223131 5.510879 3.872757 5.437697 6.120979 5.957094 9.152081 5.779915 6.496081 7.009355 6.223047 5.443541 10.455249 
