-0.174121 -1.262274 -0.977760 -0.851450 -0.674417 -0.673149 -0.735426 -0.454266 -0.422021 -0.580851 -0.117791 -0.728253 -0.271564 -0.119754 -0.194571 -0.890235 -0.658001 -1.392688 -0.546502 -0.593418 -0.034147 -0.701105 -0.617402 -1.440636 -0.879786 -0.656973 -0.894155 -0.606949 
-0.198060 -1.234562 -0.951728 -0.868878 -0.664758 -0.682278 -0.723185 -0.472932 -0.446045 -0.583004 -0.133773 -0.752900 -0.273927 -0.122130 -0.236107 -0.896051 -0.679935 -1.385395 -0.583093 -0.591396 -0.102420 -0.729181 -0.682736 -1.375765 -0.856303 -0.631859 -0.866314 -0.606436 
-0.220782 -1.207280 -0.926658 -0.884267 -0.655103 -0.690428 -0.710976 -0.489961 -0.468187 -0.584688 -0.148149 -0.775583 -0.275903 -0.124597 -0.275313 -0.900535 -0.699916 -1.377135 -0.617039 -0.588996 -0.166448 -0.754980 -0.743460 -1.313433 -0.833485 -0.607675 -0.839659 -0.605539 
-0.242298 -1.180412 -0.902505 -0.897673 -0.645445 -0.697608 -0.698796 -0.505397 -0.488494 -0.585900 -0.160987 -0.796338 -0.277501 -0.127135 -0.312231 -0.903720 -0.717992 -1.367928 -0.648403 -0.586220 -0.226346 -0.778550 -0.799691 -1.253565 -0.811304 -0.584392 -0.814136 -0.604254 
-0.262621 -1.153941 -0.879224 -0.909152 -0.635778 -0.703829 -0.686640 -0.519283 -0.507016 -0.586640 -0.172355 -0.815200 -0.278730 -0.129726 -0.346899 -0.905638 -0.734209 -1.357792 -0.677244 -0.583074 -0.282227 -0.799945 -0.851546 -1.196087 -0.789734 -0.561982 -0.789692 -0.602581 
-0.281762 -1.127851 -0.856770 -0.918758 -0.626094 -0.709099 -0.674503 -0.531663 -0.523798 -0.586908 -0.182319 -0.832204 -0.279598 -0.132351 -0.379361 -0.906323 -0.748613 -1.346748 -0.703621 -0.579560 -0.334201 -0.819212 -0.899142 -1.140926 -0.768749 -0.540416 -0.766276 -0.600520 
-0.299731 -1.102124 -0.835100 -0.926545 -0.616387 -0.713428 -0.662381 -0.542579 -0.538886 -0.586703 -0.190942 -0.847385 -0.280115 -0.134990 -0.409654 -0.905805 -0.761249 -1.334813 -0.727594 -0.575681 -0.382380 -0.836402 -0.942591 -1.088010 -0.748322 -0.519668 -0.743836 -0.598069 
-0.316542 -1.076746 -0.814172 -0.932567 -0.606650 -0.716827 -0.650269 -0.552072 -0.552327 -0.586024 -0.198289 -0.860776 -0.280289 -0.137628 -0.437821 -0.904118 -0.772163 -1.322006 -0.749220 -0.571442 -0.426870 -0.851563 -0.982005 -1.037268 -0.728428 -0.499710 -0.722322 -0.595227 
-0.332204 -1.051699 -0.793942 -0.936876 -0.596876 -0.719306 -0.638163 -0.560185 -0.564165 -0.584872 -0.204421 -0.872412 -0.280126 -0.140244 -0.463899 -0.901291 -0.781399 -1.308345 -0.768558 -0.566845 -0.467780 -0.864743 -1.017497 -0.988629 -0.709041 -0.480514 -0.701684 -0.591994 
-0.346731 -1.026968 -0.774369 -0.939524 -0.587059 -0.720874 -0.626057 -0.566956 -0.574444 -0.583245 -0.209400 -0.882326 -0.279636 -0.142824 -0.487929 -0.897357 -0.788999 -1.293848 -0.785663 -0.561895 -0.505215 -0.875989 -1.049176 -0.942025 -0.690138 -0.462053 -0.681874 -0.588368 
-0.360133 -1.002537 -0.755413 -0.940560 -0.577193 -0.721542 -0.613948 -0.572427 -0.583208 -0.581143 -0.213285 -0.890552 -0.278826 -0.145348 -0.509949 -0.892345 -0.795007 -1.278533 -0.800592 -0.556593 -0.539279 -0.885349 -1.077150 -0.897386 -0.671693 -0.444301 -0.662843 -0.584350 
-0.372422 -0.978391 -0.737032 -0.940035 -0.567271 -0.721319 -0.601832 -0.576636 -0.590499 -0.578566 -0.216135 -0.897122 -0.277704 -0.147802 -0.529998 -0.886287 -0.799465 -1.262417 -0.813400 -0.550944 -0.570074 -0.892867 -1.101526 -0.854646 -0.653683 -0.427231 -0.644546 -0.579938 
-0.383610 -0.954514 -0.719186 -0.937998 -0.557287 -0.720216 -0.589702 -0.579622 -0.596362 -0.575513 -0.218008 -0.902069 -0.276276 -0.150169 -0.548115 -0.879213 -0.802415 -1.245519 -0.824142 -0.544951 -0.597702 -0.898591 -1.122409 -0.813738 -0.636083 -0.410817 -0.626934 -0.575132 
-0.393709 -0.930892 -0.701837 -0.934498 -0.547234 -0.718243 -0.577556 -0.581422 -0.600836 -0.571984 -0.218959 -0.905426 -0.274550 -0.152433 -0.564337 -0.871151 -0.803897 -1.227854 -0.832871 -0.538616 -0.622262 -0.902564 -1.139902 -0.774597 -0.618871 -0.395033 -0.609964 -0.569930 
-0.402730 -0.907508 -0.684946 -0.929582 -0.537108 -0.715410 -0.565389 -0.582074 -0.603963 -0.567979 -0.219044 -0.907224 -0.272533 -0.154578 -0.578703 -0.862132 -0.803952 -1.209439 -0.839640 -0.531942 -0.643852 -0.904830 -1.154110 -0.737156 -0.602024 -0.379854 -0.593590 -0.564334 
-0.410687 -0.884349 -0.668476 -0.923296 -0.526901 -0.711727 -0.553196 -0.581615 -0.605783 -0.563498 -0.218316 -0.907495 -0.270232 -0.156590 -0.591249 -0.852185 -0.802619 -1.190292 -0.844502 -0.524933 -0.662570 -0.905434 -1.165133 -0.701354 -0.585520 -0.365254 -0.577770 -0.558341 
-0.417589 -0.861399 -0.652388 -0.915687 -0.516609 -0.707205 -0.540972 -0.580079 -0.606336 -0.558539 -0.216828 -0.906271 -0.267652 -0.158454 -0.602013 -0.841339 -0.799939 -1.170428 -0.847509 -0.517591 -0.678510 -0.904418 -1.173070 -0.667127 -0.569335 -0.351208 -0.562459 -0.551953 
-0.423450 -0.838644 -0.636647 -0.906799 -0.506224 -0.701855 -0.528714 -0.577504 -0.605662 -0.553104 -0.214632 -0.903582 -0.264801 -0.160156 -0.611032 -0.829621 -0.795948 -1.149864 -0.848711 -0.509920 -0.691766 -0.901825 -1.178020 -0.634414 -0.553449 -0.337691 -0.547616 -0.545168 
-0.428281 -0.816070 -0.621216 -0.896678 -0.495742 -0.695686 -0.516417 -0.573922 -0.603798 -0.547193 -0.211778 -0.899458 -0.261683 -0.161682 -0.618341 -0.817061 -0.790685 -1.128615 -0.848159 -0.501921 -0.702432 -0.897695 -1.180079 -0.603153 -0.537840 -0.324680 -0.533199 -0.537986 
-0.432095 -0.793662 -0.606060 -0.885366 -0.485157 -0.688709 -0.504076 -0.569369 -0.600782 -0.540804 -0.208314 -0.893932 -0.258307 -0.163018 -0.623979 -0.803685 -0.784187 -1.106698 -0.845902 -0.493598 -0.710597 -0.892071 -1.179344 -0.573285 -0.522487 -0.312149 -0.519169 -0.530406 
-0.434903 -0.771407 -0.591144 -0.872906 -0.474463 -0.680935 -0.491687 -0.563877 -0.596652 -0.533938 -0.204289 -0.887031 -0.254676 -0.164151 -0.627979 -0.789522 -0.776490 -1.084128 -0.841989 -0.484953 -0.716351 -0.884993 -1.175908 -0.544750 -0.507370 -0.300074 -0.505486 -0.522430 
-0.436718 -0.749290 -0.576435 -0.859340 -0.463655 -0.672375 -0.479246 -0.557480 -0.591444 -0.526595 -0.199749 -0.878787 -0.250797 -0.165069 -0.630378 -0.774598 -0.767631 -1.060919 -0.836468 -0.475989 -0.719782 -0.876500 -1.169863 -0.517490 -0.492469 -0.288433 -0.492110 -0.514056 
-0.437552 -0.727298 -0.561898 -0.844710 -0.452727 -0.663038 -0.466749 -0.550208 -0.585194 -0.518775 -0.194739 -0.869228 -0.246674 -0.165758 -0.631211 -0.758941 -0.757645 -1.037087 -0.829387 -0.466707 -0.720977 -0.866631 -1.161302 -0.491449 -0.477763 -0.277201 -0.479004 -0.505284 
-0.437417 -0.705417 -0.547502 -0.829055 -0.441675 -0.652936 -0.454191 -0.542095 -0.577938 -0.510479 -0.189305 -0.858383 -0.242314 -0.166208 -0.630514 -0.742576 -0.746566 -1.012647 -0.820791 -0.457112 -0.720021 -0.855426 -1.150313 -0.466570 -0.463234 -0.266355 -0.466131 -0.496115 
-0.436325 -0.683634 -0.533213 -0.812415 -0.430493 -0.642079 -0.441567 -0.533169 -0.569709 -0.501705 -0.183488 -0.846282 -0.237721 -0.166406 -0.628320 -0.725531 -0.734428 -0.987613 -0.810728 -0.447204 -0.716997 -0.842922 -1.136985 -0.442798 -0.448862 -0.255872 -0.453455 -0.486548 
-0.434289 -0.661935 -0.519000 -0.794829 -0.419177 -0.630478 -0.428874 -0.523463 -0.560542 -0.492455 -0.177331 -0.832952 -0.232899 -0.166341 -0.624664 -0.707830 -0.721265 -0.961999 -0.799242 -0.436986 -0.711988 -0.829155 -1.121406 -0.420078 -0.434629 -0.245731 -0.440940 -0.476584 
-0.431320 -0.640309 -0.504833 -0.776335 -0.407720 -0.618144 -0.416107 -0.513004 -0.550470 -0.482729 -0.170874 -0.818422 -0.227854 -0.166001 -0.619580 -0.689499 -0.707110 -0.935820 -0.786378 -0.426461 -0.705073 -0.814164 -1.103660 -0.398357 -0.420516 -0.235908 -0.428551 -0.466222 
-0.427432 -0.618741 -0.490681 -0.756970 -0.396118 -0.605088 -0.403262 -0.501822 -0.539525 -0.472527 -0.164157 -0.802719 -0.222589 -0.165378 -0.613101 -0.670565 -0.691994 -0.909090 -0.772180 -0.415630 -0.696334 -0.797983 -1.083831 -0.377583 -0.406506 -0.226382 -0.416255 -0.455463 
-0.422637 -0.597219 -0.476515 -0.736770 -0.384367 -0.591321 -0.390334 -0.489945 -0.527740 -0.461849 -0.157217 -0.785870 -0.217110 -0.164460 -0.605262 -0.651050 -0.675949 -0.881821 -0.756690 -0.404496 -0.685847 -0.780649 -1.062003 -0.357704 -0.392581 -0.217130 -0.404019 -0.444307 
-0.416948 -0.575730 -0.462305 -0.715770 -0.372462 -0.576854 -0.377320 -0.477400 -0.515147 -0.450695 -0.150093 -0.767904 -0.211419 -0.163237 -0.596096 -0.630980 -0.659007 -0.854027 -0.739952 -0.393061 -0.673688 -0.762196 -1.038256 -0.338669 -0.378725 -0.208131 -0.391810 -0.432755 
-0.410376 -0.554263 -0.448024 -0.694006 -0.360398 -0.561698 -0.364215 -0.464215 -0.501775 -0.439066 -0.142820 -0.748846 -0.205520 -0.161700 -0.585634 -0.610380 -0.641196 -0.825722 -0.722006 -0.381326 -0.659933 -0.742657 -1.012671 -0.320429 -0.364919 -0.199365 -0.379598 -0.420806 
-0.402934 -0.532805 -0.433643 -0.671511 -0.348170 -0.545863 -0.351014 -0.450415 -0.487654 -0.426963 -0.135432 -0.728724 -0.199418 -0.159841 -0.573910 -0.589272 -0.622548 -0.796918 -0.702893 -0.369294 -0.644654 -0.722067 -0.985325 -0.302935 -0.351149 -0.190809 -0.367352 -0.408461 
-0.394635 -0.511344 -0.419136 -0.648319 -0.335774 -0.529362 -0.337714 -0.436027 -0.472815 -0.414385 -0.127963 -0.707562 -0.193115 -0.157650 -0.560955 -0.567681 -0.603090 -0.767627 -0.682655 -0.356966 -0.627925 -0.700459 -0.956296 -0.286139 -0.337398 -0.182443 -0.355042 -0.395720 
-0.385492 -0.489867 -0.404475 -0.624461 -0.323206 -0.512205 -0.324311 -0.421074 -0.457287 -0.401333 -0.120444 -0.685387 -0.186615 -0.155119 -0.546802 -0.545630 -0.582851 -0.737864 -0.661330 -0.344345 -0.609815 -0.677864 -0.925659 -0.269995 -0.323651 -0.174247 -0.342639 -0.382584 
-0.375517 -0.468364 -0.389636 -0.599970 -0.310461 -0.494403 -0.310799 -0.405582 -0.441096 -0.387808 -0.112908 -0.662225 -0.179921 -0.152240 -0.531482 -0.523142 -0.561859 -0.707639 -0.638956 -0.331431 -0.590393 -0.654314 -0.893489 -0.254456 -0.309893 -0.166201 -0.330116 -0.369054 
-0.364723 -0.446823 -0.374593 -0.574876 -0.297536 -0.475968 -0.297176 -0.389574 -0.424271 -0.373811 -0.105384 -0.638100 -0.173036 -0.149006 -0.515027 -0.500238 -0.540141 -0.676964 -0.615573 -0.318226 -0.569727 -0.629840 -0.859858 -0.239477 -0.296108 -0.158285 -0.317445 -0.355130 
-0.353123 -0.425232 -0.359322 -0.549208 -0.284426 -0.456911 -0.283436 -0.373073 -0.406838 -0.359341 -0.097901 -0.613037 -0.165961 -0.145409 -0.497467 -0.476942 -0.517724 -0.645852 -0.591218 -0.304733 -0.547883 -0.604473 -0.824838 -0.225015 -0.282282 -0.150479 -0.304600 -0.340812 
-0.340729 -0.403580 -0.343798 -0.522997 -0.271127 -0.437244 -0.269577 -0.356101 -0.388825 -0.344400 -0.090486 -0.587062 -0.158700 -0.141443 -0.478832 -0.453276 -0.494632 -0.614313 -0.565926 -0.290953 -0.524926 -0.578241 -0.788498 -0.211026 -0.268402 -0.142764 -0.291555 -0.326102 
-0.327555 -0.381857 -0.327998 -0.496269 -0.257635 -0.416978 -0.255592 -0.338680 -0.370255 -0.328989 -0.083164 -0.560197 -0.151255 -0.137101 -0.459154 -0.429261 -0.470892 -0.582360 -0.539735 -0.276886 -0.500919 -0.551175 -0.750906 -0.197469 -0.254454 -0.135121 -0.278287 -0.311000 
-0.313614 -0.360051 -0.311901 -0.469054 -0.243947 -0.396124 -0.241479 -0.320832 -0.351155 -0.313107 -0.075962 -0.532467 -0.143628 -0.132377 -0.438462 -0.404917 -0.446527 -0.550002 -0.512679 -0.262535 -0.475924 -0.523302 -0.712131 -0.184301 -0.240424 -0.127530 -0.264770 -0.295507 
-0.298917 -0.338151 -0.295483 -0.441377 -0.230058 -0.374694 -0.227233 -0.302576 -0.331548 -0.296756 -0.068904 -0.503895 -0.135821 -0.127266 -0.416786 -0.380268 -0.421563 -0.517252 -0.484792 -0.247900 -0.450000 -0.494651 -0.672237 -0.171482 -0.226300 -0.119974 -0.250982 -0.279624 
-0.283479 -0.316148 -0.278724 -0.413265 -0.215966 -0.352700 -0.212851 -0.283932 -0.311459 -0.279936 -0.062011 -0.474504 -0.127834 -0.121761 -0.394155 -0.355331 -0.396021 -0.484119 -0.456109 -0.232984 -0.423207 -0.465248 -0.631289 -0.158974 -0.212069 -0.112435 -0.236901 -0.263352 
-0.267312 -0.294030 -0.261602 -0.384742 -0.201666 -0.330152 -0.198327 -0.264920 -0.290909 -0.262649 -0.055305 -0.444318 -0.119671 -0.115859 -0.370598 -0.330129 -0.369926 -0.450614 -0.426663 -0.217786 -0.395602 -0.435120 -0.589350 -0.146738 -0.197720 -0.104894 -0.222505 -0.246691 
-0.250429 -0.271788 -0.244099 -0.355833 -0.187155 -0.307064 -0.183658 -0.245557 -0.269922 -0.244896 -0.048807 -0.413359 -0.111332 -0.109555 -0.346145 -0.304681 -0.343298 -0.416747 -0.396485 -0.202309 -0.367241 -0.404293 -0.546480 -0.134736 -0.183240 -0.097333 -0.207774 -0.229643 
-0.232844 -0.249411 -0.226193 -0.326562 -0.172429 -0.283447 -0.168841 -0.225862 -0.248519 -0.226676 -0.042535 -0.381649 -0.102817 -0.102843 -0.320823 -0.279007 -0.316159 -0.382528 -0.365607 -0.186554 -0.338179 -0.372793 -0.502740 -0.122931 -0.168619 -0.089736 -0.192688 -0.212209 
-0.214570 -0.226889 -0.207867 -0.296950 -0.157486 -0.259311 -0.153870 -0.205853 -0.226721 -0.207992 -0.036507 -0.349209 -0.094129 -0.095722 -0.294660 -0.253126 -0.288530 -0.347966 -0.334061 -0.170520 -0.308468 -0.340643 -0.458189 -0.111289 -0.153844 -0.082084 -0.177229 -0.194390 
-0.195619 -0.204214 -0.189102 -0.267021 -0.142322 -0.234670 -0.138742 -0.185544 -0.204549 -0.188844 -0.030740 -0.316062 -0.085267 -0.088186 -0.267685 -0.227057 -0.260431 -0.313071 -0.301877 -0.154210 -0.278159 -0.307868 -0.412883 -0.099773 -0.138907 -0.074362 -0.161377 -0.176187 
-0.176006 -0.181374 -0.169881 -0.236795 -0.126934 -0.209535 -0.123452 -0.164953 -0.182022 -0.169233 -0.025250 -0.282229 -0.076232 -0.080234 -0.239925 -0.200818 -0.231882 -0.277853 -0.269083 -0.137625 -0.247304 -0.274491 -0.366879 -0.088352 -0.123796 -0.066553 -0.145117 -0.157601 
-0.155742 -0.158362 -0.150187 -0.206292 -0.111320 -0.183918 -0.107998 -0.144094 -0.159160 -0.149160 -0.020051 -0.247730 -0.067025 -0.071862 -0.211407 -0.174428 -0.202901 -0.242319 -0.235709 -0.120764 -0.215950 -0.240535 -0.320230 -0.076991 -0.108503 -0.058640 -0.128431 -0.138634 
-0.134843 -0.135168 -0.130004 -0.175532 -0.095475 -0.157832 -0.092374 -0.122983 -0.135980 -0.128627 -0.015155 -0.212586 -0.057645 -0.063067 -0.182159 -0.147905 -0.173507 -0.206480 -0.201783 -0.103629 -0.184145 -0.206023 -0.272989 -0.065659 -0.093017 -0.050607 -0.111305 -0.119287 
-0.113320 -0.111782 -0.109316 -0.144534 -0.079397 -0.131287 -0.076577 -0.101633 -0.112501 -0.107634 -0.010574 -0.176818 -0.048092 -0.053849 -0.152205 -0.121267 -0.143717 -0.170343 -0.167332 -0.086220 -0.151935 -0.170975 -0.225208 -0.054325 -0.077329 -0.042438 -0.093722 -0.099561 
-0.091188 -0.088196 -0.088107 -0.113315 -0.063084 -0.104296 -0.060603 -0.080057 -0.088740 -0.086183 -0.006320 -0.140445 -0.038366 -0.044205 -0.121574 -0.094531 -0.113549 -0.133916 -0.132382 -0.068539 -0.119363 -0.135412 -0.176937 -0.042958 -0.061432 -0.034118 -0.075670 -0.079458 
-0.068459 -0.064401 -0.066365 -0.081893 -0.046533 -0.076872 -0.044447 -0.058268 -0.064714 -0.064276 -0.002402 -0.103487 -0.028467 -0.034135 -0.090291 -0.067714 -0.083018 -0.097208 -0.096960 -0.050584 -0.086472 -0.099355 -0.128224 -0.031531 -0.045316 -0.025633 -0.057136 -0.058979 
-0.045148 -0.040389 -0.044074 -0.050284 -0.029741 -0.049026 -0.028107 -0.036278 -0.040438 -0.041912 0.001173 -0.065962 -0.018394 -0.023637 -0.058381 -0.040833 -0.052140 -0.060227 -0.061091 -0.032358 -0.053304 -0.062823 -0.079117 -0.020014 -0.028975 -0.016965 -0.038106 -0.038126 
-0.021268 -0.016150 -0.021223 -0.018504 -0.012706 -0.020771 -0.011577 -0.014098 -0.015928 -0.019095 0.004397 -0.027892 -0.008145 -0.012710 -0.025870 -0.013903 -0.020931 -0.022979 -0.024799 -0.013861 -0.019899 -0.025835 -0.029661 -0.008380 -0.012400 -0.008102 -0.018570 -0.016900 
0.003167 0.008322 0.002203 0.013433 0.004575 0.007881 0.005146 0.008260 0.008803 0.004176 0.007264 0.010708 0.002279 -0.001356 0.007217 0.013058 0.010595 0.014527 0.011893 0.004908 0.013706 0.011590 0.020100 0.003396 0.004416 0.000971 0.001482 0.004696 
0.028145 0.033036 0.026213 0.045513 0.022104 0.036918 0.022065 0.030787 0.033739 0.027898 0.009769 0.049817 0.012882 0.010426 0.040856 0.040035 0.042424 0.052284 0.048960 0.023947 0.047473 0.049435 0.070122 0.015341 0.021478 0.010269 0.022062 0.026662 
0.053651 0.058000 0.050820 0.077723 0.039883 0.066327 0.039186 0.053473 0.058867 0.052071 0.011910 0.089418 0.023663 0.022636 0.075021 0.067014 0.074544 0.090286 0.086382 0.043257 0.081366 0.087683 0.120363 0.027478 0.038794 0.019805 0.043177 0.048995 
0.079671 0.083222 0.076034 0.110050 0.057914 0.096096 0.056511 0.076310 0.084176 0.076692 0.013683 0.129494 0.034624 0.035272 0.109690 0.093978 0.106941 0.128526 0.124135 0.062838 0.115353 0.126317 0.170785 0.039831 0.056369 0.029593 0.064836 0.071694 
0.106192 0.108709 0.101865 0.142483 0.076200 0.126212 0.074044 0.099290 0.109652 0.101760 0.015089 0.170027 0.045768 0.048332 0.144837 0.120913 0.139604 0.166997 0.162200 0.082689 0.149399 0.165321 0.221348 0.052423 0.074209 0.039647 0.087045 0.094757 
0.133200 0.134468 0.128322 0.175012 0.094742 0.156664 0.091790 0.122404 0.135285 0.127273 0.016126 0.211000 0.057097 0.061816 0.180440 0.147804 0.172521 0.205694 0.200557 0.102810 0.183474 0.204681 0.272015 0.065275 0.092319 0.049979 0.109812 0.118181 
0.160681 0.160508 0.155414 0.207625 0.113543 0.187437 0.109752 0.145647 0.161063 0.153231 0.016797 0.252396 0.068612 0.075721 0.216475 0.174639 0.205681 0.244610 0.239185 0.123202 0.217549 0.244382 0.322750 0.078408 0.110704 0.060601 0.133143 0.141965 
0.188622 0.186834 0.183148 0.240315 0.132603 0.218520 0.127935 0.169011 0.186977 0.179631 0.017103 0.294200 0.080317 0.090044 0.252920 0.201401 0.239076 0.283740 0.278066 0.143864 0.251595 0.284409 0.373518 0.091841 0.129367 0.071528 0.157041 0.166107 
0.217008 0.213453 0.211533 0.273073 0.151925 0.249900 0.146341 0.192492 0.213017 0.206472 0.017049 0.336394 0.092214 0.104782 0.289752 0.228080 0.272694 0.323078 0.317183 0.164796 0.285586 0.324750 0.424288 0.105594 0.148314 0.082770 0.181511 0.190605 
0.245825 0.240373 0.240574 0.305891 0.171510 0.281565 0.164975 0.216085 0.239175 0.233751 0.016640 0.378964 0.104305 0.119933 0.326949 0.254660 0.306528 0.362619 0.356517 0.186000 0.319496 0.365392 0.475027 0.119685 0.167547 0.094340 0.206556 0.215457 
0.275060 0.267600 0.270279 0.338763 0.191360 0.313500 0.183841 0.239785 0.265442 0.261468 0.015882 0.421894 0.116594 0.135492 0.364489 0.281130 0.340569 0.402358 0.396053 0.207475 0.353302 0.406323 0.525705 0.134129 0.187070 0.106249 0.232178 0.240660 
0.304698 0.295141 0.300651 0.371683 0.211476 0.345695 0.202941 0.263588 0.291810 0.289620 0.014781 0.465170 0.129084 0.151456 0.402350 0.307477 0.374809 0.442289 0.435774 0.229221 0.386981 0.447531 0.576293 0.148944 0.206885 0.118510 0.258379 0.266213 
0.334726 0.323001 0.331697 0.404645 0.231859 0.378135 0.222281 0.287492 0.318274 0.318205 0.013347 0.508775 0.141778 0.167821 0.440510 0.333689 0.409243 0.482410 0.475666 0.251238 0.420512 0.489007 0.626765 0.164144 0.226995 0.131132 0.285159 0.292112 
0.365128 0.351186 0.363420 0.437645 0.252511 0.410808 0.241864 0.311494 0.344826 0.347222 0.011589 0.552696 0.154680 0.184580 0.478950 0.359754 0.443863 0.522714 0.515713 0.273529 0.453876 0.530738 0.677093 0.179743 0.247402 0.144127 0.312518 0.318356 
0.395892 0.379703 0.395824 0.470681 0.273433 0.443701 0.261693 0.335593 0.371461 0.376669 0.009519 0.596919 0.167794 0.201730 0.517648 0.385661 0.478664 0.563198 0.555903 0.296092 0.487055 0.572717 0.727255 0.195754 0.268108 0.157506 0.340456 0.344942 
0.427003 0.408557 0.428911 0.503748 0.294627 0.476800 0.281773 0.359788 0.398174 0.406543 0.007148 0.641431 0.181124 0.219265 0.556584 0.411398 0.513641 0.603859 0.596221 0.318928 0.520032 0.614935 0.777226 0.212191 0.289114 0.171278 0.368970 0.371868 
0.458445 0.437753 0.462685 0.536846 0.316092 0.510093 0.302106 0.384078 0.424961 0.436844 0.004490 0.686217 0.194674 0.237179 0.595737 0.436955 0.548790 0.644692 0.636657 0.342039 0.552793 0.657382 0.826985 0.229063 0.310420 0.185454 0.398058 0.399131 
0.490207 0.467298 0.497146 0.569973 0.337829 0.543567 0.322697 0.408463 0.451818 0.467568 0.001559 0.731264 0.208449 0.255465 0.635089 0.462321 0.584107 0.685694 0.677198 0.365425 0.585324 0.700052 0.876512 0.246382 0.332028 0.200043 0.427715 0.426729 
0.522272 0.497196 0.532296 0.603129 0.359841 0.577209 0.343550 0.432945 0.478742 0.498713 -0.001629 0.776561 0.222452 0.274118 0.674619 0.487486 0.619588 0.726862 0.717834 0.389086 0.617613 0.742937 0.925788 0.264157 0.353937 0.215056 0.457939 0.454659 
0.554626 0.527452 0.568134 0.636314 0.382127 0.611004 0.364667 0.457526 0.505731 0.530278 -0.005057 0.822094 0.236689 0.293129 0.714309 0.512440 0.655231 0.768193 0.758554 0.413024 0.649648 0.786031 0.974796 0.282397 0.376147 0.230501 0.488724 0.482918 
0.587256 0.558071 0.604661 0.669529 0.404687 0.644941 0.386054 0.482206 0.532783 0.562260 -0.008707 0.867851 0.251165 0.312493 0.754139 0.537174 0.691036 0.809684 0.799350 0.437239 0.681422 0.829329 1.023520 0.301108 0.398658 0.246387 0.520063 0.511504 
0.620146 0.589058 0.641876 0.702778 0.427524 0.679005 0.407713 0.506989 0.559897 0.594658 -0.012559 0.913821 0.265885 0.332200 0.794091 0.561678 0.726999 0.851333 0.840212 0.461733 0.712925 0.872825 1.071945 0.320298 0.421467 0.262723 0.551950 0.540414 
0.653282 0.620418 0.679777 0.736061 0.450636 0.713183 0.429647 0.531879 0.587073 0.627468 -0.016594 0.959992 0.280854 0.352243 0.834147 0.585944 0.763121 0.893138 0.881132 0.486506 0.744153 0.916515 1.120058 0.339972 0.444575 0.279518 0.584378 0.569646 
0.686650 0.652155 0.718362 0.769385 0.474024 0.747462 0.451862 0.556880 0.614311 0.660689 -0.020789 1.006353 0.296078 0.372614 0.874289 0.609964 0.799402 0.935096 0.922103 0.511560 0.775099 0.960396 1.167848 0.360135 0.467979 0.296778 0.617337 0.599195 
0.720235 0.684272 0.757628 0.802751 0.497689 0.781828 0.474359 0.581996 0.641611 0.694318 -0.025121 1.052894 0.311563 0.393303 0.914500 0.633728 0.835842 0.977205 0.963119 0.536895 0.805762 1.004463 1.215304 0.380791 0.491677 0.314514 0.650819 0.629060 
0.754022 0.716775 0.797571 0.836167 0.521631 0.816269 0.497144 0.607234 0.668975 0.728354 -0.029566 1.099603 0.327314 0.414301 0.954762 0.657229 0.872443 1.019465 1.004174 0.562514 0.836138 1.048714 1.262418 0.401942 0.515666 0.332730 0.684813 0.659238 
0.787997 0.749666 0.838188 0.869639 0.545849 0.850769 0.520219 0.632598 0.696406 0.762792 -0.034100 1.146470 0.343338 0.435599 0.995058 0.680460 0.909206 1.061873 1.045263 0.588417 0.866227 1.093148 1.309182 0.423592 0.539943 0.351437 0.719309 0.689724 
0.822145 0.782950 0.879474 0.903172 0.570344 0.885316 0.543588 0.658096 0.723906 0.797632 -0.038694 1.193487 0.359641 0.457187 1.035371 0.703413 0.946135 1.104429 1.086381 0.614606 0.896031 1.137763 1.355589 0.445740 0.564505 0.370639 0.754295 0.720517 
0.856451 0.816630 0.921424 0.936775 0.595116 0.919896 0.567254 0.683736 0.751479 0.832870 -0.043323 1.240643 0.376230 0.479054 1.075685 0.726081 0.983232 1.147132 1.127525 0.641082 0.925552 1.182559 1.401636 0.468387 0.589349 0.390344 0.789758 0.751614 
0.890900 0.850710 0.964030 0.970456 0.620164 0.954495 0.591222 0.709524 0.779129 0.868505 -0.047956 1.287928 0.393111 0.501189 1.115985 0.748458 1.020502 1.189981 1.168691 0.667846 0.954793 1.227535 1.447319 0.491532 0.614469 0.410559 0.825684 0.783010 
0.925477 0.885193 1.007288 1.004224 0.645489 0.989099 0.615494 0.735471 0.806859 0.904533 -0.052564 1.335335 0.410291 0.523582 1.156254 0.770538 1.057948 1.232976 1.209878 0.694901 0.983761 1.272692 1.492637 0.515173 0.639862 0.431290 0.862060 0.814702 
0.960169 0.920081 1.051188 1.038091 0.671089 1.023695 0.640074 0.761584 0.834677 0.940952 -0.057115 1.382855 0.427778 0.546221 1.196477 0.792314 1.095577 1.276116 1.251084 0.722248 1.012461 1.318031 1.537589 0.539308 0.665523 0.452542 0.898870 0.846689 
0.994959 0.955378 1.095725 1.072065 0.696965 1.058269 0.664966 0.787875 0.862588 0.977759 -0.061577 1.430479 0.445579 0.569095 1.236639 0.813782 1.133393 1.319402 1.292309 0.749888 1.040903 1.363554 1.582176 0.563932 0.691445 0.474321 0.936099 0.878965 
1.029832 0.991087 1.140888 1.106160 0.723116 1.092806 0.690173 0.814354 0.890598 1.014952 -0.065915 1.478200 0.463700 0.592190 1.276725 0.834935 1.171402 1.362834 1.333551 0.777823 1.069097 1.409264 1.626402 0.589041 0.717625 0.496633 0.973729 0.911528 
1.064774 1.027209 1.186669 1.140388 0.749540 1.127294 0.715699 0.841032 0.918714 1.052527 -0.070096 1.526010 0.482151 0.615494 1.316721 0.855770 1.209613 1.406412 1.374812 0.806056 1.097052 1.455164 1.670268 0.614631 0.744055 0.519483 1.011743 0.944374 
1.099770 1.063748 1.233058 1.174762 0.776239 1.161717 0.741547 0.867920 0.946946 1.090483 -0.074083 1.573902 0.500938 0.638996 1.356612 0.876280 1.248033 1.450138 1.416093 0.834588 1.124783 1.501257 1.713782 0.640693 0.770729 0.542876 1.050123 0.977500 
1.134805 1.100705 1.280044 1.209296 0.803210 1.196062 0.767721 0.895032 0.975301 1.128816 -0.077839 1.621869 0.520070 0.662680 1.396384 0.896463 1.286669 1.494011 1.457397 0.863421 1.152302 1.547549 1.756950 0.667221 0.797641 0.566816 1.088850 1.010902 
1.169862 1.138083 1.327617 1.244005 0.830453 1.230314 0.794223 0.922381 1.003789 1.167524 -0.081324 1.669904 0.539555 0.686533 1.436025 0.916313 1.325531 1.538034 1.498725 0.892556 1.179627 1.594043 1.799780 0.694207 0.824782 0.591307 1.127903 1.044577 
1.204928 1.175883 1.375765 1.278904 0.857967 1.264460 0.821058 0.949981 1.032419 1.206603 -0.084500 1.718002 0.559402 0.710542 1.475520 0.935828 1.364628 1.582208 1.540082 0.921997 1.206774 1.640745 1.842282 0.721641 0.852146 0.616354 1.167261 1.078521 
1.239987 1.214108 1.424474 1.314011 0.885750 1.298485 0.848229 0.977845 1.061202 1.246051 -0.087326 1.766156 0.579620 0.734691 1.514857 0.955004 1.403971 1.626534 1.581472 0.951745 1.233761 1.687663 1.884466 0.749512 0.879724 0.641960 1.206903 1.112729 
1.275023 1.252758 1.473733 1.349342 0.913802 1.332375 0.875738 1.005989 1.090149 1.285865 -0.089759 1.814360 0.600216 0.758967 1.554023 0.973838 1.443569 1.671015 1.622899 0.981802 1.260608 1.734802 1.926346 0.777811 0.907509 0.668130 1.246807 1.147200 
1.310022 1.291835 1.523528 1.384916 0.942122 1.366116 0.903591 1.034430 1.119273 1.326042 -0.091756 1.862610 0.621201 0.783353 1.593007 0.992328 1.483436 1.715652 1.664370 1.012172 1.287337 1.782171 1.967935 0.806524 0.935490 0.694865 1.286948 1.181927 
1.344968 1.331341 1.573843 1.420751 0.970707 1.399693 0.931789 1.063183 1.148585 1.366578 -0.093273 1.910900 0.642584 0.807835 1.631795 1.010471 1.523582 1.760448 1.705890 1.042855 1.313971 1.829777 2.009248 0.835639 0.963660 0.722169 1.327303 1.216909 
1.379845 1.371276 1.624665 1.456868 0.999557 1.433091 0.960337 1.092265 1.178099 1.407471 -0.094263 1.959227 0.664373 0.832395 1.670376 1.028265 1.564020 1.805405 1.747467 1.073854 1.340534 1.877629 2.050302 0.865142 0.992008 0.750045 1.367846 1.252140 
1.414639 1.411641 1.675978 1.493286 1.028670 1.466297 0.989238 1.121694 1.207828 1.448717 -0.094680 2.007584 0.686579 0.857019 1.708739 1.045708 1.604764 1.850527 1.789108 1.105173 1.367052 1.925737 2.091115 0.895018 1.020525 0.778495 1.408553 1.287617 
1.449333 1.452437 1.727766 1.530027 1.058045 1.499296 1.018494 1.151489 1.237787 1.490314 -0.094476 2.055970 0.709212 0.881689 1.746873 1.062800 1.645827 1.895816 1.830822 1.136813 1.393553 1.974111 2.131707 0.925250 1.049201 0.807521 1.449395 1.323336 
1.483912 1.493664 1.780011 1.567113 1.087679 1.532073 1.048110 1.181668 1.267990 1.532257 -0.093602 2.104379 0.732281 0.906388 1.784767 1.079539 1.687225 1.941275 1.872619 1.168777 1.420064 2.022761 2.172099 0.955824 1.078024 0.837125 1.490346 1.359293 
1.518361 1.535323 1.832696 1.604567 1.117571 1.564614 1.078089 1.212252 1.298455 1.574545 -0.092006 2.152809 0.755797 0.931098 1.822410 1.095924 1.728971 1.986909 1.914508 1.201067 1.446617 2.071699 2.212313 0.986719 1.106984 0.867309 1.531378 1.395483 
1.552663 1.577415 1.885804 1.642413 1.147719 1.596904 1.108434 1.243260 1.329196 1.617174 -0.089638 2.201257 0.779770 0.955803 1.859792 1.111955 1.771083 2.032721 1.956500 1.233688 1.473242 2.120937 2.252374 1.017919 1.136068 0.898073 1.572460 1.431902 
1.586804 1.619938 1.939315 1.680675 1.178122 1.628928 1.139148 1.274714 1.360231 1.660139 -0.086444 2.249720 0.804211 0.980483 1.896905 1.127632 1.813577 2.078715 1.998606 1.266640 1.499974 2.170487 2.292305 1.049403 1.165266 0.929420 1.613563 1.468547 
1.620768 1.662894 1.993210 1.719378 1.208776 1.660671 1.170234 1.306634 1.391578 1.703439 -0.082371 2.298196 0.829130 1.005121 1.933737 1.142956 1.856469 2.124895 2.040838 1.299927 1.526846 2.220363 2.332134 1.081151 1.194565 0.961349 1.654657 1.505412 
1.654538 1.706281 2.047470 1.758549 1.239680 1.692119 1.201696 1.339044 1.423254 1.747069 -0.077362 2.346682 0.854540 1.029696 1.970280 1.157927 1.899777 2.171265 2.083210 1.333552 1.553894 2.270578 2.371889 1.113142 1.223953 0.993861 1.695709 1.542494 
1.688100 1.750099 2.102073 1.798215 1.270832 1.723257 1.233537 1.371966 1.455279 1.791027 -0.071361 2.395177 0.880450 1.054191 2.006525 1.172545 1.943520 2.217831 2.125735 1.367518 1.581157 2.321147 2.411599 1.145352 1.253416 1.026957 1.736688 1.579788 
1.721436 1.794348 2.156997 1.838403 1.302229 1.754070 1.265761 1.405424 1.487672 1.835308 -0.064312 2.443680 0.906872 1.078585 2.042463 1.186813 1.987717 2.264597 2.168426 1.401829 1.608673 2.372085 2.451296 1.177760 1.282940 1.060636 1.777559 1.617289 
1.754532 1.839027 2.212222 1.879141 1.333870 1.784543 1.298369 1.439441 1.520454 1.879909 -0.056154 2.492190 0.933818 1.102857 2.078086 1.200732 2.032388 2.311568 2.211299 1.436486 1.636482 2.423408 2.491012 1.210340 1.312513 1.094898 1.818288 1.654994 
1.787372 1.884135 2.267725 1.920459 1.365750 1.814660 1.331367 1.474044 1.553645 1.924827 -0.046828 2.540705 0.961300 1.126989 2.113387 1.214303 2.077551 2.358749 2.254370 1.471493 1.664627 2.475132 2.530780 1.243067 1.342121 1.129742 1.858842 1.692897 
1.819939 1.929670 2.323482 1.962387 1.397869 1.844408 1.364756 1.509256 1.587267 1.970058 -0.036272 2.589226 0.989330 1.150958 2.148356 1.227529 2.123230 2.406148 2.297655 1.506854 1.693151 2.527274 2.570635 1.275916 1.371747 1.165168 1.899183 1.730994 
1.852217 1.975632 2.379470 2.004957 1.430223 1.873770 1.398541 1.545105 1.621342 2.015598 -0.024424 2.637753 1.017919 1.174745 2.182988 1.240413 2.169444 2.453768 2.341171 1.542572 1.722098 2.579851 2.610615 1.308859 1.401378 1.201174 1.939275 1.769280 
1.884191 2.022019 2.435664 2.048199 1.462809 1.902731 1.432724 1.581617 1.655892 2.061444 -0.011220 2.686285 1.047080 1.198326 2.217275 1.252957 2.216216 2.501616 2.384936 1.578650 1.751514 2.632883 2.650757 1.341868 1.430998 1.237758 1.979082 1.807751 
1.915844 2.068829 2.492039 2.092146 1.495624 1.931277 1.467308 1.618820 1.690942 2.107592 0.003404 2.734823 1.076827 1.221681 2.251210 1.265165 2.263569 2.549699 2.428969 1.615091 1.781449 2.686388 2.691100 1.374914 1.460592 1.274920 2.018563 1.846401 
1.947161 2.116061 2.548570 2.136831 1.528667 1.959392 1.502296 1.656741 1.726515 2.154038 0.019516 2.783369 1.107170 1.244786 2.284787 1.277040 2.311526 2.598023 2.473288 1.651900 1.811950 2.740385 2.731686 1.407968 1.490143 1.312658 2.057682 1.885226 
1.978124 2.163713 2.605229 2.182289 1.561933 1.987061 1.537692 1.695409 1.762635 2.200779 0.037181 2.831924 1.138125 1.267620 2.318000 1.288586 2.360112 2.646595 2.517914 1.689079 1.843068 2.794895 2.772557 1.440999 1.519636 1.350968 2.096396 1.924222 
2.008719 2.211782 2.661990 2.228555 1.595419 2.014268 1.573499 1.734854 1.799329 2.247810 0.056469 2.880488 1.169703 1.290160 2.350843 1.299807 2.409350 2.695421 2.562868 1.726632 1.874856 2.849938 2.813756 1.473975 1.549052 1.389848 2.134666 1.963383 
2.038928 2.260266 2.718826 2.275664 1.629122 2.040998 1.609720 1.775106 1.836623 2.295128 0.077450 2.929065 1.201917 1.312381 2.383310 1.310708 2.459267 2.744509 2.608170 1.764563 1.907367 2.905536 2.855329 1.506863 1.578375 1.429296 2.172451 2.002703 
2.068735 2.309163 2.775708 2.323652 1.663040 2.067236 1.646357 1.816194 1.874542 2.342729 0.100193 2.977655 1.234783 1.334260 2.415396 1.321294 2.509888 2.793867 2.653844 1.802876 1.940655 2.961711 2.897322 1.539629 1.607587 1.469309 2.209707 2.042179 
2.098125 2.358470 2.832606 2.372558 1.697168 2.092965 1.683415 1.858152 1.913115 2.390608 0.124772 3.026263 1.268313 1.355773 2.447097 1.331570 2.561239 2.843502 2.699911 1.841575 1.974779 3.018485 2.939783 1.572240 1.636670 1.509883 2.246391 2.081805 
2.127080 2.408185 2.889492 2.422418 1.731503 2.118171 1.720896 1.901010 1.952368 2.438763 0.151260 3.074890 1.302520 1.376895 2.478408 1.341542 2.613349 2.893422 2.746395 1.880662 2.009794 3.075883 2.982761 1.604659 1.665606 1.551014 2.282460 2.121576 
2.155584 2.458304 2.946336 2.473272 1.766041 2.142838 1.758803 1.944801 1.992332 2.487188 0.179731 3.123540 1.337421 1.397602 2.509324 1.351214 2.666244 2.943635 2.793322 1.920143 2.045761 3.133927 3.026308 1.636851 1.694376 1.592700 2.317868 2.161486 
2.183621 2.508824 3.003106 2.525160 1.800780 2.166950 1.797139 1.989558 2.033034 2.535880 0.210261 3.172216 1.373028 1.417868 2.539842 1.360594 2.719953 2.994150 2.840715 1.960022 2.082741 3.192642 3.070474 1.668778 1.722961 1.634934 2.352570 2.201531 
2.211175 2.559743 3.059771 2.578123 1.835714 2.190491 1.835907 2.035316 2.074506 2.584835 0.242926 3.220923 1.409356 1.437668 2.569958 1.369688 2.774505 3.044975 2.888600 2.000302 2.120796 3.252054 3.115316 1.700401 1.751341 1.677714 2.386518 2.241704 
2.238228 2.611056 3.116299 2.632200 1.870841 2.213446 1.875110 2.082108 2.116776 2.634048 0.277805 3.269664 1.446419 1.456975 2.599668 1.378503 2.829931 3.096119 2.937005 2.040987 2.159990 3.312189 3.160886 1.731682 1.779496 1.721034 2.419667 2.282002 
2.264764 2.662760 3.172657 2.687436 1.906156 2.235799 1.914751 2.129970 2.159878 2.683515 0.314978 3.318444 1.484234 1.475763 2.628971 1.387045 2.886259 3.147591 2.985955 2.082082 2.200388 3.373072 3.207241 1.762580 1.807406 1.764890 2.451967 2.322418 
2.290766 2.714851 3.228812 2.743872 1.941655 2.257534 1.954834 2.178938 2.203841 2.733233 0.354524 3.367268 1.522815 1.494005 2.657862 1.395323 2.943522 3.199400 3.035479 2.123591 2.242056 3.434732 3.254440 1.793054 1.835051 1.809275 2.483369 2.362947 
2.316218 2.767325 3.284730 2.801552 1.977335 2.278635 1.995361 2.229048 2.248700 2.783196 0.396525 3.416141 1.562176 1.511675 2.686340 1.403344 3.001750 3.251557 3.085606 2.165518 2.285063 3.497195 3.302542 1.823063 1.862408 1.854186 2.513824 2.403583 
2.341104 2.820178 3.340376 2.860520 2.013191 2.299086 2.036334 2.280337 2.294486 2.833401 0.441064 3.465068 1.602335 1.528744 2.714403 1.411117 3.060977 3.304070 3.136364 2.207868 2.329478 3.560491 3.351608 1.852562 1.889457 1.899615 2.543281 2.444321 
2.365406 2.873406 3.395715 2.920823 2.049218 2.318871 2.077758 2.332843 2.341234 2.883843 0.488226 3.514055 1.643306 1.545186 2.742048 1.418649 3.121234 3.356949 3.187784 2.250645 2.375373 3.624647 3.401699 1.881510 1.916175 1.945556 2.571688 2.485155 
2.389107 2.927005 3.450711 2.982506 2.085412 2.337974 2.119635 2.386605 2.388978 2.934518 0.538096 3.563109 1.685105 1.560970 2.769275 1.425950 3.182556 3.410206 3.239897 2.293853 2.422820 3.689694 3.452879 1.909859 1.942541 1.992005 2.598993 2.526079 
2.412191 2.980969 3.505327 3.045615 2.121770 2.356379 2.161967 2.441661 2.437754 2.985421 0.590759 3.612235 1.727748 1.576070 2.796082 1.433028 3.244976 3.463850 3.292733 2.337498 2.471893 3.755662 3.505213 1.937566 1.968532 2.038953 2.625143 2.567089 
2.434640 3.035294 3.559527 3.110200 2.158286 2.374069 2.204759 2.498051 2.487596 3.036547 0.646304 3.661441 1.771252 1.590455 2.822468 1.439894 3.308530 3.517892 3.346326 2.381584 2.522668 3.822582 3.558769 1.964582 1.994124 2.086393 2.650083 2.608177 
2.456439 3.089975 3.613272 3.176307 2.194956 2.391030 2.248012 2.555816 2.538540 3.087893 0.704820 3.710734 1.815633 1.604097 2.848433 1.446556 3.373252 3.572343 3.400707 2.426115 2.575220 3.890486 3.613612 1.990861 2.019295 2.134320 2.673759 2.649339 
2.477569 3.145007 3.666524 3.243988 2.231774 2.407243 2.291729 2.614996 2.590625 3.139454 0.766397 3.760120 1.860907 1.616965 2.873977 1.453025 3.439179 3.627215 3.455911 2.471097 2.629629 3.959405 3.669813 2.016354 2.044020 2.182725 2.696116 2.690568 
2.498015 3.200384 3.719243 3.313290 2.268737 2.422694 2.335914 2.675633 2.643888 3.191225 0.831125 3.809609 1.907092 1.629030 2.899099 1.459312 3.506347 3.682517 3.511972 2.516534 2.685975 4.029372 3.727443 2.041012 2.068276 2.231600 2.717096 2.731858 
2.517758 3.256102 3.771391 3.384267 2.305839 2.437365 2.380569 2.737770 2.698367 3.243202 0.899098 3.859208 1.954205 1.640261 2.923801 1.465427 3.574794 3.738263 3.568925 2.562431 2.744339 4.100421 3.786573 2.064783 2.092037 2.280938 2.736642 2.773204 
2.536781 3.312154 3.822927 3.456968 2.343075 2.451240 2.425698 2.801449 2.754100 3.295380 0.970410 3.908925 2.002263 1.650627 2.948082 1.471381 3.644557 3.794464 3.626805 2.608793 2.804803 4.172586 3.847277 2.087617 2.115279 2.330730 2.754697 2.814598 
2.555069 3.368535 3.873809 3.531447 2.380441 2.464304 2.471302 2.866714 2.811127 3.347753 1.045154 3.958769 2.051282 1.660098 2.971944 1.477186 3.715675 3.851132 3.685650 2.655625 2.867452 4.245901 3.909630 2.109461 2.137976 2.380968 2.771200 2.856037 
2.572603 3.425238 3.923996 3.607758 2.417930 2.476538 2.517385 2.933610 2.869490 3.400318 1.123427 4.008750 2.101282 1.668640 2.995389 1.482852 3.788188 3.908280 3.745496 2.702932 2.932372 4.320402 3.973708 2.130262 2.160103 2.431643 2.786093 2.897512 
2.589365 3.482259 3.973446 3.685953 2.455538 2.487927 2.563949 3.002180 2.929227 3.453070 1.205327 4.058876 2.152280 1.676223 3.018417 1.488394 3.862134 3.965919 3.806381 2.750720 2.999648 4.396124 4.039589 2.149966 2.181634 2.482746 2.799315 2.939018 
2.605340 3.539589 4.022116 3.766089 2.493260 2.498454 2.610998 3.072470 2.990381 3.506003 1.290952 4.109157 2.204293 1.682814 3.041031 1.493822 3.937555 4.024063 3.868343 2.798993 3.069371 4.473105 4.107352 2.168518 2.202541 2.534267 2.810804 2.980548 
2.620510 3.597224 4.069962 3.848220 2.531090 2.508103 2.658534 3.144528 3.052995 3.559114 1.380402 4.159604 2.257340 1.688380 3.063233 1.499149 4.014491 4.082725 3.931423 2.847757 3.141631 4.551381 4.177078 2.185861 2.222799 2.586198 2.820498 3.022097 
2.634856 3.655156 4.116941 3.932403 2.569022 2.516856 2.706559 3.218398 3.117110 3.612396 1.473777 4.210226 2.311439 1.692888 3.085025 1.504389 4.092984 4.141918 3.995660 2.897018 3.216517 4.630991 4.248849 2.201939 2.242379 2.638527 2.828333 3.063658 
2.648363 3.713378 4.163006 4.018696 2.607050 2.524697 2.755078 3.294130 3.182770 3.665846 1.571179 4.261035 2.366610 1.696304 3.106411 1.509554 4.173077 4.201655 4.061095 2.946780 3.294125 4.711972 4.322748 2.216694 2.261255 2.691245 2.834247 3.105225 
2.661011 3.771884 4.208114 4.107157 2.645170 2.531609 2.804091 3.371771 3.250019 3.719457 1.672713 4.312041 2.422870 1.698596 3.127394 1.514659 4.254813 4.261950 4.127769 2.997049 3.374547 4.794364 4.398860 2.230067 2.279397 2.744341 2.838173 3.146790 
2.672785 3.830666 4.252217 4.197844 2.683376 2.537576 2.853603 3.451369 3.318902 3.773226 1.778481 4.363256 2.480239 1.699728 3.147977 1.519718 4.338234 4.322817 4.195725 3.047831 3.457880 4.878207 4.477271 2.241997 2.296779 2.797805 2.840047 3.188348 
2.683666 3.889718 4.295269 4.290818 2.721660 2.542580 2.903615 3.532974 3.389464 3.827147 1.888591 4.414691 2.538736 1.699666 3.168164 1.524745 4.423386 4.384270 4.265006 3.099131 3.544222 4.963540 4.558070 2.252426 2.313370 2.851626 2.839802 3.229892 
2.693637 3.949031 4.337223 4.386138 2.760018 2.546604 2.954131 3.616637 3.461752 3.881214 2.003149 4.466359 2.598380 1.698374 3.187959 1.529754 4.510313 4.446325 4.335654 3.150955 3.633670 5.050405 4.641345 2.261290 2.329142 2.905792 2.837370 3.271416 
