NaN NaN NaN NaN NaN NaN NaN 
NaN NaN NaN NaN NaN NaN NaN 
NaN NaN NaN NaN NaN NaN NaN 
NaN NaN NaN NaN NaN NaN NaN 
NaN NaN NaN NaN NaN NaN NaN 
-0.463839 -0.722760 -0.192178 -0.439931 -0.426418 -0.490142 -0.445911 
-0.452189 -0.708003 -0.191582 -0.373264 -0.490179 -0.492875 -0.415726 
-0.440308 -0.685175 -0.174143 -0.385390 -0.478301 -0.482995 -0.390971 
-0.467669 -0.694558 -0.190620 -0.424009 -0.582208 -0.453149 -0.399962 
-0.459325 -0.691337 -0.212911 -0.426231 -0.546783 -0.460390 -0.403398 
-0.459931 -0.699082 -0.256922 -0.405602 -0.536300 -0.461109 -0.413397 
-0.466304 -0.711721 -0.260549 -0.473376 -0.621072 -0.471259 -0.448695 
-0.479978 -0.741836 -0.297493 -0.449980 -0.656597 -0.486704 -0.469721 
-0.431834 -0.776607 -0.336061 -0.515487 -0.709034 -0.519281 -0.500212 
-0.463736 -0.773336 -0.338248 -0.572859 -0.810942 -0.525842 -0.514989 
-0.452324 -0.804015 -0.354127 -0.571012 -0.811620 -0.518427 -0.520699 
-0.406531 -0.793483 -0.392086 -0.655535 -0.721657 -0.529365 -0.535841 
-0.417165 -0.846360 -0.413033 -0.674401 -0.784933 -0.522563 -0.559584 
-0.399928 -0.844303 -0.408462 -0.669951 -0.801052 -0.535392 -0.559801 
-0.434832 -0.839502 -0.387392 -0.680791 -0.803571 -0.500189 -0.535343 
-0.434711 -0.813845 -0.385241 -0.649306 -0.764843 -0.484890 -0.508649 
-0.472670 -0.793533 -0.380573 -0.604079 -0.662833 -0.463017 -0.466809 
-0.440201 -0.755510 -0.347244 -0.619235 -0.621000 -0.428074 -0.423013 
-0.411401 -0.739224 -0.328966 -0.539377 -0.600049 -0.402038 -0.388356 
-0.412963 -0.726041 -0.339465 -0.488541 -0.547810 -0.398777 -0.368858 
-0.412312 -0.663433 -0.343363 -0.497356 -0.544707 -0.381249 -0.368738 
-0.439805 -0.666519 -0.312418 -0.427763 -0.570634 -0.349066 -0.365859 
-0.407715 -0.603112 -0.312121 -0.401913 -0.462397 -0.334568 -0.335219 
-0.398183 -0.588481 -0.322696 -0.402779 -0.414208 -0.320796 -0.315697 
-0.340344 -0.528281 -0.343313 -0.441962 -0.467421 -0.338220 -0.325034 
-0.303677 -0.501251 -0.329953 -0.463288 -0.435608 -0.326058 -0.303641 
-0.315145 -0.529166 -0.335780 -0.482288 -0.406291 -0.318204 -0.279370 
-0.336423 -0.502029 -0.337700 -0.490794 -0.429488 -0.307559 -0.269748 
-0.358285 -0.448861 -0.340963 -0.481205 -0.398349 -0.292320 -0.263207 
-0.306143 -0.443328 -0.339429 -0.485043 -0.334415 -0.275724 -0.262738 
-0.304006 -0.414373 -0.335188 -0.458079 -0.298236 -0.266967 -0.255468 
-0.309860 -0.377731 -0.332869 -0.436184 -0.275134 -0.263491 -0.251072 
-0.298957 -0.350946 -0.312113 -0.425652 -0.298036 -0.246905 -0.250712 
-0.312471 -0.328044 -0.323278 -0.449172 -0.372135 -0.268886 -0.252231 
-0.278431 -0.356612 -0.314103 -0.428124 -0.289501 -0.268690 -0.224432 
-0.317201 -0.429224 -0.328596 -0.462049 -0.308150 -0.261704 -0.246713 
-0.291163 -0.379986 -0.345064 -0.407807 -0.348106 -0.240019 -0.264357 
-0.277912 -0.368212 -0.346627 -0.426840 -0.326811 -0.237351 -0.268249 
-0.235551 -0.347619 -0.331831 -0.416888 -0.315787 -0.240830 -0.256210 
-0.224456 -0.306847 -0.335053 -0.397365 -0.315522 -0.238262 -0.234708 
-0.175840 -0.315408 -0.315931 -0.384795 -0.225209 -0.237664 -0.209737 
-0.164472 -0.276355 -0.295104 -0.411375 -0.247383 -0.226708 -0.164914 
-0.171485 -0.290888 -0.279288 -0.368710 -0.280048 -0.216282 -0.131601 
-0.147934 -0.297768 -0.227218 -0.300715 -0.167057 -0.168190 -0.110050 
-0.154335 -0.255534 -0.194038 -0.262261 -0.189716 -0.146113 -0.106482 
-0.082769 -0.129080 -0.118169 -0.115652 -0.146631 -0.118532 -0.073210 
-0.029410 -0.087660 -0.032009 -0.102396 -0.066797 -0.091008 -0.039284 
-0.036578 -0.044029 0.027881 -0.016098 -0.019590 -0.063743 -0.018929 
-0.034840 -0.051814 0.049407 -0.020524 -0.000429 -0.031702 0.003374 
-0.017374 -0.008468 0.107080 0.044640 0.037027 -0.004040 0.024066 
-0.010103 0.031888 0.101459 0.094297 0.002523 0.028803 0.035092 
0.045779 0.041409 0.093622 0.083478 0.060788 0.049239 0.020445 
0.050343 0.080556 0.093711 0.131959 0.074917 0.065310 0.012725 
0.059439 0.150455 0.121810 0.193256 0.069329 0.082252 0.045695 
0.053140 0.194559 0.127149 0.186230 0.155979 0.122974 0.076546 
0.102834 0.180885 0.103815 0.162569 0.146805 0.150568 0.089776 
0.130240 0.221159 0.124558 0.236545 0.155498 0.181520 0.106566 
0.170858 0.242906 0.141809 0.251446 0.178567 0.188275 0.127227 
0.186184 0.300406 0.178950 0.296304 0.243782 0.201523 0.144442 
0.226323 0.312781 0.190507 0.301804 0.217645 0.233518 0.168254 
0.311340 0.334895 0.222805 0.297543 0.253397 0.257068 0.200552 
0.291199 0.361631 0.267474 0.359890 0.299159 0.271425 0.218491 
0.303538 0.413283 0.320437 0.353303 0.354892 0.310854 0.250741 
0.379834 0.440194 0.361987 0.359998 0.377304 0.327100 0.252680 
0.402899 0.433026 0.413800 0.437335 0.333463 0.352651 0.257387 
0.408024 0.477894 0.472148 0.487769 0.399535 0.364041 0.289567 
0.421040 0.504956 0.471234 0.460110 0.450584 0.367368 0.306950 
0.486918 0.545659 0.490244 0.522552 0.466838 0.405282 0.335835 
0.570855 0.566199 0.538481 0.548374 0.509940 0.435287 0.374055 
0.563753 0.601957 0.598556 0.600540 0.554171 0.425391 0.406473 
0.516144 0.658677 0.644811 0.636506 0.517517 0.445992 0.414551 
0.538306 0.708839 0.655128 0.709339 0.542012 0.482159 0.446860 
0.609082 0.714264 0.666278 0.719382 0.565394 0.490159 0.462610 
0.660608 0.719282 0.674443 0.769389 0.588838 0.524973 0.485634 
0.730468 0.796729 0.730598 0.813154 0.649480 0.519086 0.522852 
0.732865 0.855725 0.766327 0.814498 0.629756 0.522069 0.536276 
0.745341 0.884563 0.786091 0.912788 0.627522 0.534413 0.560240 
0.767777 0.904182 0.837831 0.907919 0.672763 0.570584 0.591629 
0.803316 0.970433 0.868431 0.950413 0.620643 0.616344 0.616310 
0.883277 1.012669 0.881259 0.957242 0.655349 0.676215 0.616251 
0.919628 1.053381 0.927305 1.000980 0.735553 0.693028 0.639876 
0.974624 1.100525 0.999635 1.046829 0.721923 0.715445 0.667529 
1.035195 1.166335 1.054163 1.107171 0.770859 0.739785 0.688627 
1.030758 1.218866 1.124687 1.131184 0.810568 0.765970 0.733501 
1.038202 1.243547 1.137462 1.200681 0.803994 0.831858 0.778052 
1.096568 1.289048 1.187479 1.264615 0.839304 0.879643 0.809333 
1.162151 1.324492 1.269097 1.269031 0.840464 0.908098 0.844882 
1.215414 1.373675 1.323257 1.304855 0.856847 0.928351 0.855060 
1.263966 1.402814 1.355334 1.368621 0.948512 0.946323 0.857572 
1.275887 1.437880 1.412808 1.455133 0.963212 0.964584 0.872946 
1.340550 1.468471 1.457706 1.490258 0.969409 1.000627 0.909111 
1.405851 1.489604 1.517194 1.537485 1.000437 1.021856 0.937993 
1.455946 1.537644 1.555081 1.537832 1.001937 1.061796 0.969882 
1.514426 1.606041 1.572792 1.645681 1.026930 1.100272 0.993174 
1.554851 1.658749 1.640198 1.624386 1.034913 1.115437 1.007310 
1.583360 1.674010 1.689766 1.702269 1.076949 1.158220 1.040570 
1.670959 1.725330 1.740161 1.751456 1.191965 1.229028 1.048371 
1.727851 1.756817 1.770777 1.822311 1.187017 1.258120 1.083599 
1.714632 1.813623 1.827812 1.885569 1.186776 1.292664 1.128136 
1.782799 1.859147 1.893986 1.866263 1.247872 1.332591 1.168426 
1.839518 1.900143 1.940738 1.961458 1.304405 1.377545 1.193423 
1.898413 1.947871 1.985118 1.985360 1.270400 1.441122 1.221409 
1.924936 1.972757 2.053493 2.086383 1.308684 1.447119 1.261783 
2.001108 2.016566 2.104642 2.121712 1.350458 1.467584 1.290837 
2.091127 2.046327 2.162061 2.195240 1.396466 1.496360 1.312687 
2.150479 2.108928 2.209083 2.195134 1.419740 1.537209 1.339345 
2.159965 2.150566 2.250272 2.247957 1.429648 1.557557 1.406914 
2.184586 2.201560 2.290916 2.318040 1.477179 1.593900 1.447823 
2.270596 2.251172 2.348438 2.353186 1.505706 1.639912 1.480955 
2.349443 2.297340 2.389682 2.425290 1.520480 1.665494 1.517312 
2.387867 2.343814 2.449191 2.460605 1.514529 1.703678 1.541583 
2.404331 2.406045 2.489736 2.507950 1.634111 1.712846 1.557914 
2.452400 2.453008 2.556729 2.546576 1.689960 1.793121 1.581529 
2.526222 2.485154 2.636430 2.557994 1.700349 1.859518 1.614247 
2.544832 2.547109 2.682586 2.598770 1.726966 1.898884 1.647690 
2.568151 2.605965 2.746666 2.691550 1.784796 1.925811 1.680534 
2.612848 2.647278 2.816348 2.761871 1.799023 1.968212 1.705945 
2.700095 2.683018 2.905920 2.780674 1.827918 1.999521 1.722614 
2.767731 2.702001 2.961142 2.827586 1.885784 2.058963 1.753198 
2.772389 2.757900 3.007437 2.887465 1.899724 2.109107 1.777975 
2.778098 2.809151 3.062024 2.895916 1.938730 2.141776 1.831726 
2.819562 2.832419 3.140493 2.954757 1.940576 2.195941 1.882701 
2.883911 2.885370 3.202967 3.014878 1.969969 2.247760 1.901647 
2.926951 2.941089 3.239913 3.043892 2.016535 2.304124 1.917423 
2.991480 2.973668 3.289178 3.129795 2.056705 2.363938 1.963158 
3.036260 2.995072 3.338547 3.144673 2.059824 2.407336 2.006243 
3.078923 3.072892 3.390346 3.173610 2.076850 2.429212 2.038313 
3.117514 3.130539 3.468989 3.223124 2.118122 2.453510 2.081046 
3.124202 3.181022 3.538642 3.297919 2.177689 2.463324 2.100379 
3.136560 3.225962 3.587699 3.345725 2.208656 2.515768 2.134721 
3.219187 3.271619 3.660567 3.382355 2.206672 2.573399 2.155419 
3.313657 3.307560 3.743682 3.459851 2.258021 2.631423 2.190968 
3.352044 3.352005 3.826316 3.499757 2.311424 2.629516 2.250848 
3.299614 3.405419 3.891464 3.579235 2.327364 2.642386 2.289919 
3.314611 3.435921 3.957403 3.628694 2.356040 2.654328 2.306576 
3.429294 3.481942 4.022521 3.701139 2.391929 2.695848 2.335438 
3.483665 3.515045 4.114258 3.715141 2.417925 2.771148 2.386222 
3.474287 3.567760 4.125193 3.816735 2.426594 2.829729 2.452185 
3.514510 3.608653 4.193605 3.841255 2.413330 2.835104 2.495554 
3.593309 3.659971 4.295432 3.870118 2.456515 2.881472 2.528451 
3.638278 3.691193 4.349063 3.992399 2.531713 2.942862 2.557482 
NaN NaN NaN NaN NaN NaN NaN 
NaN NaN NaN NaN NaN NaN NaN 
NaN NaN NaN NaN NaN NaN NaN 
NaN NaN NaN NaN NaN NaN NaN 
