NaN NaN NaN NaN NaN NaN NaN 
NaN NaN NaN NaN NaN NaN NaN 
NaN NaN NaN NaN NaN NaN NaN 
NaN NaN NaN NaN NaN NaN NaN 
NaN NaN NaN NaN NaN NaN NaN 
-0.395294 -1.024192 -0.333890 -0.446554 -0.861805 -0.783416 -0.349179 
-0.400456 -1.013972 -0.341573 -0.420872 -0.850915 -0.813080 -0.333856 
-0.405926 -0.999053 -0.352353 -0.434136 -0.826171 -0.808430 -0.327793 
-0.421289 -0.997859 -0.358403 -0.439148 -0.853237 -0.784535 -0.338345 
-0.444391 -1.001763 -0.373241 -0.469412 -0.865733 -0.813926 -0.351668 
-0.472167 -1.021737 -0.413417 -0.528283 -0.908879 -0.834069 -0.398044 
-0.494976 -1.045040 -0.458000 -0.576341 -0.959630 -0.894705 -0.438868 
-0.491077 -1.065350 -0.492166 -0.601054 -0.992815 -0.921598 -0.467951 
-0.496760 -1.088713 -0.526167 -0.639436 -1.031863 -0.929480 -0.492784 
-0.506010 -1.103174 -0.552678 -0.652920 -1.096034 -0.962713 -0.511044 
-0.516056 -1.133728 -0.586343 -0.680191 -1.126098 -0.980037 -0.524493 
-0.515901 -1.153885 -0.619726 -0.735864 -1.136977 -0.965244 -0.551242 
-0.528140 -1.178922 -0.630073 -0.765236 -1.174123 -0.975878 -0.567861 
-0.526599 -1.180426 -0.650023 -0.780989 -1.164845 -0.974840 -0.573935 
-0.509795 -1.171704 -0.656705 -0.782011 -1.129298 -0.921818 -0.560092 
-0.493995 -1.133946 -0.641884 -0.746100 -1.058687 -0.865483 -0.518040 
-0.498512 -1.102073 -0.633863 -0.708579 -1.006526 -0.802549 -0.485373 
-0.489754 -1.071404 -0.621705 -0.706737 -0.979766 -0.744553 -0.459097 
-0.495398 -1.041869 -0.618997 -0.676240 -0.942133 -0.708835 -0.441782 
-0.494378 -1.008107 -0.613077 -0.665640 -0.902016 -0.671310 -0.421015 
-0.485063 -0.955142 -0.581321 -0.636461 -0.856849 -0.628046 -0.409873 
-0.473107 -0.910620 -0.564303 -0.610744 -0.830127 -0.601256 -0.389763 
-0.452387 -0.866346 -0.556042 -0.576755 -0.755859 -0.567389 -0.363399 
-0.436978 -0.846701 -0.545345 -0.557474 -0.722760 -0.562814 -0.354431 
-0.443149 -0.827155 -0.559023 -0.577525 -0.756340 -0.598087 -0.374672 
-0.439553 -0.814748 -0.557529 -0.573083 -0.748399 -0.613965 -0.365291 
-0.431782 -0.805236 -0.537416 -0.582147 -0.725155 -0.625351 -0.352005 
-0.434822 -0.775347 -0.520789 -0.566236 -0.705469 -0.630544 -0.341241 
-0.415652 -0.740843 -0.497532 -0.555140 -0.686244 -0.628126 -0.334532 
-0.391339 -0.709469 -0.482754 -0.546555 -0.650703 -0.615552 -0.328474 
-0.389177 -0.682293 -0.479571 -0.531034 -0.610455 -0.597379 -0.324286 
-0.372487 -0.644536 -0.472833 -0.493592 -0.557529 -0.578149 -0.324613 
-0.373980 -0.628039 -0.479010 -0.494934 -0.565750 -0.577349 -0.343241 
-0.399000 -0.623158 -0.510607 -0.533580 -0.614036 -0.605644 -0.362275 
-0.383598 -0.614281 -0.499913 -0.514712 -0.572038 -0.598700 -0.350130 
-0.387582 -0.611073 -0.493153 -0.498808 -0.568215 -0.580831 -0.352091 
-0.367232 -0.576538 -0.488202 -0.475372 -0.555861 -0.540881 -0.359929 
-0.345592 -0.548030 -0.488446 -0.471596 -0.528082 -0.513744 -0.362377 
-0.326758 -0.522487 -0.496034 -0.466312 -0.497479 -0.507683 -0.353243 
-0.307911 -0.496290 -0.494308 -0.455620 -0.481193 -0.488671 -0.338859 
-0.279092 -0.468441 -0.477608 -0.436185 -0.465577 -0.471243 -0.321466 
-0.272282 -0.444527 -0.439020 -0.439918 -0.454374 -0.450227 -0.291991 
-0.250823 -0.412455 -0.400970 -0.398889 -0.417659 -0.403094 -0.250230 
-0.197403 -0.351157 -0.318521 -0.310571 -0.320248 -0.303821 -0.193714 
-0.157721 -0.278427 -0.255237 -0.243380 -0.252110 -0.231303 -0.152578 
-0.106647 -0.195483 -0.202797 -0.180288 -0.166830 -0.181903 -0.119625 
-0.078661 -0.137946 -0.134167 -0.127983 -0.107517 -0.145121 -0.077963 
-0.054257 -0.088044 -0.075529 -0.066232 -0.046583 -0.082093 -0.039897 
-0.030928 -0.041395 -0.011495 -0.012910 0.007046 -0.031431 -0.008560 
-0.016057 0.006824 0.037753 0.031819 0.063260 0.009365 0.015209 
0.013149 0.043097 0.068953 0.073672 0.095379 0.057720 0.040942 
0.039222 0.078524 0.101960 0.104694 0.126303 0.103607 0.053970 
0.059382 0.130443 0.145209 0.140768 0.150852 0.140586 0.072977 
0.088444 0.187123 0.178942 0.173804 0.172447 0.168713 0.100496 
0.114263 0.229087 0.214751 0.194208 0.193711 0.206044 0.128169 
0.149454 0.262209 0.249960 0.222380 0.213318 0.250620 0.155804 
0.186476 0.305080 0.278593 0.272225 0.257308 0.293781 0.181118 
0.223561 0.346065 0.317330 0.299892 0.284832 0.323231 0.208439 
0.259500 0.392854 0.340877 0.330026 0.317160 0.351368 0.232486 
0.310420 0.436568 0.381015 0.372869 0.349280 0.395201 0.266416 
0.329255 0.479424 0.419173 0.394623 0.373913 0.424683 0.296503 
0.345898 0.533095 0.455574 0.440107 0.403556 0.468082 0.321663 
0.387704 0.581492 0.492346 0.469268 0.443233 0.508091 0.349437 
0.425881 0.616924 0.546711 0.506751 0.492198 0.549904 0.372532 
0.463102 0.648812 0.593678 0.569337 0.535031 0.588034 0.394398 
0.489817 0.701126 0.644403 0.614090 0.585749 0.626784 0.423685 
0.533110 0.751421 0.684819 0.646811 0.615880 0.685430 0.455756 
0.581443 0.792651 0.725468 0.716137 0.655266 0.741124 0.497625 
0.617640 0.835993 0.788915 0.763643 0.702184 0.802023 0.553896 
0.635161 0.880813 0.844847 0.812320 0.733644 0.832883 0.586551 
0.676560 0.936275 0.903150 0.875883 0.767799 0.874723 0.618925 
0.726858 0.983791 0.947259 0.941423 0.823135 0.897929 0.661183 
0.775553 1.025108 0.999842 1.000416 0.858777 0.938650 0.695695 
0.821720 1.069160 1.037829 1.060154 0.893339 0.971351 0.734795 
0.859872 1.132095 1.085676 1.113751 0.932263 1.011409 0.778366 
0.892896 1.185266 1.132687 1.168418 0.949176 1.036879 0.812588 
0.916369 1.237142 1.173663 1.232606 0.977794 1.057476 0.852265 
0.955778 1.294960 1.237850 1.278465 1.021285 1.073501 0.889920 
1.007398 1.357060 1.288355 1.333180 1.036459 1.102762 0.917119 
1.060016 1.423002 1.339382 1.380482 1.067262 1.140498 0.951150 
1.101411 1.485635 1.392817 1.433316 1.113577 1.181533 0.995236 
1.150447 1.550907 1.460326 1.500733 1.130265 1.226562 1.027141 
1.204103 1.610083 1.527798 1.562933 1.175172 1.258582 1.066704 
1.236529 1.676674 1.596478 1.621202 1.217547 1.303692 1.114254 
1.282095 1.739595 1.656133 1.664893 1.255517 1.361728 1.163084 
1.342040 1.797207 1.725340 1.725643 1.295061 1.395276 1.214907 
1.408378 1.848165 1.800303 1.775211 1.337583 1.422870 1.261875 
1.463028 1.907373 1.861510 1.822839 1.364901 1.474573 1.289553 
1.512461 1.964250 1.930852 1.886530 1.423754 1.541359 1.321289 
1.567164 2.015859 2.000848 1.961941 1.463020 1.601536 1.358356 
1.618866 2.071884 2.079917 2.028807 1.499615 1.638575 1.402924 
1.673897 2.130450 2.143701 2.080640 1.541981 1.695182 1.457171 
1.720760 2.201032 2.208073 2.136652 1.577121 1.749783 1.504924 
1.781472 2.269157 2.260482 2.215276 1.622848 1.806214 1.549390 
1.829879 2.330218 2.335765 2.282914 1.664401 1.852902 1.601235 
1.889713 2.391952 2.399801 2.353398 1.726413 1.946714 1.646029 
1.954147 2.458347 2.473866 2.418859 1.790888 2.049682 1.690950 
1.999964 2.526467 2.536608 2.505478 1.846263 2.109671 1.749876 
2.046368 2.596241 2.603337 2.588808 1.886932 2.151764 1.807835 
2.110252 2.663416 2.679183 2.652050 1.939950 2.218080 1.864215 
2.180011 2.730631 2.752309 2.741813 1.999106 2.312178 1.913411 
2.243393 2.799656 2.831200 2.809264 2.048862 2.379690 1.968487 
2.306182 2.870145 2.903335 2.885239 2.123488 2.450737 2.029018 
2.372161 2.947570 2.994903 2.948754 2.180727 2.502841 2.078679 
2.441124 3.014504 3.064189 3.013553 2.230428 2.559674 2.118027 
2.500298 3.090237 3.145262 3.078783 2.274178 2.605489 2.175554 
2.547460 3.161797 3.213177 3.167863 2.324229 2.630798 2.244036 
2.609137 3.232429 3.300007 3.247479 2.378726 2.694105 2.306036 
2.682233 3.301267 3.381398 3.311408 2.442792 2.748956 2.360686 
2.736761 3.368466 3.456340 3.384933 2.509634 2.825327 2.413847 
2.784736 3.438023 3.523042 3.443279 2.560559 2.870126 2.457878 
2.835814 3.504091 3.592905 3.530436 2.623589 2.923180 2.500665 
2.892604 3.564891 3.669614 3.602680 2.665045 2.992586 2.545615 
2.958080 3.630098 3.736740 3.673619 2.706744 3.074179 2.599036 
3.002057 3.705845 3.816393 3.748711 2.766347 3.136707 2.656904 
3.049421 3.778441 3.892054 3.836192 2.829591 3.184884 2.715168 
3.115556 3.843282 3.975224 3.881662 2.868055 3.256691 2.763245 
3.184491 3.904584 4.042246 3.926943 2.907643 3.304646 2.807112 
3.239257 3.973027 4.105981 3.999097 2.954182 3.382567 2.854064 
3.279532 4.051195 4.172358 4.075841 3.005685 3.431927 2.901418 
3.335842 4.123100 4.254188 4.135147 3.054362 3.492709 2.967688 
3.396175 4.181866 4.337753 4.193556 3.097037 3.548563 3.030703 
3.462247 4.254213 4.409007 4.259006 3.167289 3.637647 3.072795 
3.515899 4.326079 4.487030 4.334179 3.225250 3.726541 3.121368 
3.581303 4.392810 4.555101 4.420275 3.274507 3.820872 3.170460 
3.631386 4.468143 4.638520 4.479717 3.313953 3.893286 3.217938 
3.683884 4.561057 4.709944 4.568344 3.342339 3.948751 3.265365 
3.736131 4.638319 4.790397 4.662152 3.401413 3.993480 3.316248 
3.775651 4.713096 4.881642 4.756758 3.440053 4.057667 3.366958 
3.825935 4.788381 4.964142 4.839775 3.478643 4.114607 3.416571 
3.889290 4.858413 5.038721 4.923337 3.524177 4.199065 3.448980 
3.955473 4.937522 5.120114 5.009541 3.572863 4.282761 3.496114 
3.989480 5.018104 5.223829 5.073785 3.607557 4.298997 3.551554 
4.020489 5.090249 5.302829 5.159860 3.656212 4.336022 3.591715 
4.087211 5.158108 5.393025 5.252427 3.710009 4.366836 3.631902 
4.167353 5.223373 5.470385 5.338516 3.755901 4.434483 3.683107 
4.208055 5.292405 5.559027 5.431990 3.841154 4.535532 3.747912 
4.237356 5.371756 5.638364 5.513318 3.887701 4.614805 3.809958 
4.298994 5.450204 5.728915 5.575387 3.939891 4.647211 3.857238 
4.359632 5.529643 5.821782 5.662487 3.984067 4.727476 3.911157 
4.401426 5.606744 5.907109 5.755100 4.026770 4.802115 3.965793 
NaN NaN NaN NaN NaN NaN NaN 
NaN NaN NaN NaN NaN NaN NaN 
NaN NaN NaN NaN NaN NaN NaN 
NaN NaN NaN NaN NaN NaN NaN 
