NaN NaN NaN NaN NaN NaN NaN 
NaN NaN NaN NaN NaN NaN NaN 
NaN NaN NaN NaN NaN NaN NaN 
NaN NaN NaN NaN NaN NaN NaN 
NaN NaN NaN NaN NaN NaN NaN 
-0.581541 -0.805358 -0.474242 -0.831430 -0.355570 -0.613590 -0.721915 
-0.578253 -0.812957 -0.479937 -0.851464 -0.318187 -0.585864 -0.721250 
-0.582102 -0.823886 -0.509053 -0.849294 -0.306623 -0.579582 -0.709322 
-0.574427 -0.813874 -0.526528 -0.893172 -0.305028 -0.570167 -0.700867 
-0.579875 -0.810222 -0.540003 -0.891731 -0.290390 -0.567217 -0.698644 
-0.606174 -0.811240 -0.559587 -0.906788 -0.305844 -0.575329 -0.690988 
-0.611192 -0.833865 -0.574663 -0.948644 -0.336336 -0.577340 -0.701460 
-0.621408 -0.855862 -0.585896 -0.985685 -0.378888 -0.579569 -0.703461 
-0.614012 -0.861474 -0.631629 -1.012255 -0.410482 -0.589682 -0.712644 
-0.621345 -0.881237 -0.657000 -1.062181 -0.450887 -0.585783 -0.722513 
-0.625630 -0.893813 -0.667376 -1.104444 -0.481537 -0.605718 -0.736294 
-0.634234 -0.901522 -0.700586 -1.131804 -0.489236 -0.616621 -0.738786 
-0.608969 -0.913215 -0.737874 -1.176063 -0.496443 -0.612358 -0.733671 
-0.601137 -0.918386 -0.756754 -1.166357 -0.505290 -0.597642 -0.725276 
-0.594593 -0.921283 -0.786061 -1.170214 -0.510934 -0.601757 -0.717267 
-0.569412 -0.919663 -0.798275 -1.158282 -0.520762 -0.618127 -0.695785 
-0.555256 -0.907147 -0.794883 -1.152739 -0.497606 -0.607531 -0.677229 
-0.545245 -0.878482 -0.796020 -1.120249 -0.466253 -0.595866 -0.666580 
-0.535302 -0.857730 -0.762044 -1.103398 -0.435166 -0.579725 -0.642706 
-0.520975 -0.839077 -0.751090 -1.050247 -0.407981 -0.568956 -0.608221 
-0.497970 -0.821595 -0.739023 -1.027786 -0.385430 -0.538454 -0.573777 
-0.473062 -0.805303 -0.700547 -0.979163 -0.384018 -0.511399 -0.549534 
-0.473733 -0.785473 -0.679638 -0.937892 -0.364716 -0.494547 -0.524777 
-0.463017 -0.777604 -0.666307 -0.902796 -0.349118 -0.490047 -0.497274 
-0.452128 -0.776852 -0.670654 -0.928844 -0.377269 -0.488664 -0.490049 
-0.444608 -0.769157 -0.662306 -0.951249 -0.388780 -0.484498 -0.494851 
-0.429096 -0.740235 -0.658792 -0.905654 -0.382542 -0.475723 -0.472328 
-0.408317 -0.720544 -0.634034 -0.903402 -0.384648 -0.476828 -0.446011 
-0.384328 -0.717493 -0.609166 -0.892955 -0.378314 -0.470656 -0.431413 
-0.366771 -0.690712 -0.584001 -0.886482 -0.354725 -0.466200 -0.416395 
-0.343399 -0.668041 -0.546973 -0.837300 -0.346477 -0.449426 -0.399295 
-0.320431 -0.621108 -0.526908 -0.824578 -0.311301 -0.457580 -0.374597 
-0.299145 -0.586546 -0.485825 -0.790637 -0.306827 -0.422553 -0.350255 
-0.309870 -0.561933 -0.482642 -0.814056 -0.322224 -0.412527 -0.358476 
-0.312782 -0.531881 -0.460818 -0.772199 -0.299508 -0.388714 -0.346669 
-0.287025 -0.505249 -0.444651 -0.712166 -0.258593 -0.362240 -0.330054 
-0.272105 -0.490063 -0.426034 -0.698886 -0.237525 -0.342888 -0.309714 
-0.260059 -0.472582 -0.408522 -0.639622 -0.230588 -0.327441 -0.301192 
-0.263940 -0.431725 -0.375378 -0.593423 -0.219785 -0.288475 -0.281345 
-0.255259 -0.403137 -0.344157 -0.564975 -0.207832 -0.260400 -0.252495 
-0.247492 -0.367078 -0.328094 -0.537679 -0.190689 -0.243082 -0.225708 
-0.234714 -0.341138 -0.296984 -0.490505 -0.198560 -0.210230 -0.204738 
-0.225972 -0.308269 -0.252775 -0.436224 -0.190040 -0.200236 -0.188953 
-0.172583 -0.263745 -0.196092 -0.372750 -0.144106 -0.174054 -0.144520 
-0.128878 -0.211941 -0.138666 -0.275560 -0.104564 -0.136366 -0.102536 
-0.109549 -0.160756 -0.075146 -0.214799 -0.089455 -0.088082 -0.063930 
-0.088187 -0.108568 -0.016295 -0.152051 -0.068232 -0.056406 -0.041386 
-0.070226 -0.061810 0.021669 -0.099878 -0.017352 -0.033976 -0.006100 
-0.037679 -0.029037 0.025083 -0.042197 0.012162 -0.017245 0.020017 
-0.004530 0.006543 0.052590 0.025167 0.019990 0.005939 0.035659 
0.017915 0.044366 0.069426 0.069041 0.048620 0.026007 0.046043 
0.038557 0.079736 0.062409 0.106638 0.065827 0.064431 0.053550 
0.062516 0.105460 0.052597 0.144825 0.073561 0.059869 0.072198 
0.081079 0.131063 0.088380 0.213244 0.086692 0.077316 0.077288 
0.115605 0.166158 0.111503 0.244363 0.099877 0.105247 0.092934 
0.150522 0.201420 0.132909 0.289332 0.126853 0.120825 0.101019 
0.178716 0.229677 0.130229 0.327880 0.121343 0.135105 0.106318 
0.201602 0.260654 0.155360 0.358450 0.121136 0.165269 0.113636 
0.224289 0.295594 0.191576 0.394583 0.109404 0.193416 0.123877 
0.249006 0.331671 0.210322 0.448117 0.117533 0.206253 0.135331 
0.294471 0.347297 0.268984 0.493546 0.127969 0.225335 0.148248 
0.327580 0.376438 0.304782 0.530820 0.138499 0.237618 0.166353 
0.359882 0.406577 0.333984 0.553447 0.165093 0.277359 0.174325 
0.380702 0.436603 0.328694 0.587526 0.167808 0.291601 0.194520 
0.396629 0.460846 0.333841 0.627890 0.176307 0.303952 0.219062 
0.417092 0.475851 0.353038 0.664990 0.168561 0.328369 0.239947 
0.437360 0.503339 0.379554 0.734486 0.192780 0.347906 0.261095 
0.484625 0.533337 0.400815 0.774688 0.194974 0.368893 0.283307 
0.513338 0.556480 0.400458 0.810649 0.229298 0.375405 0.302703 
0.560590 0.583620 0.409750 0.836825 0.245704 0.413385 0.315262 
0.571197 0.631991 0.394674 0.876415 0.241395 0.438696 0.331056 
0.597606 0.670166 0.420934 0.913061 0.246940 0.458290 0.338032 
0.616524 0.714815 0.428726 0.945844 0.252804 0.475296 0.358023 
0.642860 0.746703 0.459991 0.989114 0.257684 0.510589 0.373005 
0.668233 0.770920 0.490456 1.003803 0.263867 0.541679 0.382399 
0.720258 0.799803 0.528282 1.020079 0.289571 0.561275 0.395779 
0.765899 0.845778 0.563841 1.028918 0.301107 0.593297 0.413006 
0.774336 0.878792 0.580835 1.047566 0.298725 0.627174 0.421337 
0.813882 0.925173 0.619822 1.068770 0.300761 0.657818 0.438023 
0.824052 0.969963 0.644465 1.104419 0.303830 0.672529 0.447969 
0.848178 0.992054 0.667698 1.144044 0.317997 0.687729 0.470005 
0.884059 1.018075 0.683540 1.194441 0.347181 0.708518 0.500476 
0.914256 1.040899 0.713497 1.246347 0.359112 0.737467 0.521870 
0.963149 1.091550 0.724951 1.270764 0.375864 0.763203 0.545841 
1.001146 1.152614 0.758636 1.321386 0.407462 0.777778 0.559419 
1.016377 1.203585 0.760000 1.408429 0.425311 0.809382 0.577937 
1.050528 1.239417 0.781111 1.460783 0.450325 0.814427 0.597311 
1.106864 1.279951 0.797834 1.528047 0.488911 0.837012 0.626852 
1.156965 1.306345 0.815780 1.599991 0.517558 0.851272 0.650700 
1.207565 1.338166 0.856259 1.644651 0.549951 0.870665 0.686427 
1.264281 1.391589 0.894402 1.691611 0.580484 0.907070 0.713083 
1.303717 1.438166 0.925092 1.738443 0.597270 0.931613 0.726623 
1.364476 1.489880 0.967931 1.785608 0.635593 0.972708 0.744958 
1.402878 1.536650 0.995362 1.829664 0.669007 1.017679 0.776103 
1.443300 1.570118 1.011959 1.856797 0.691095 1.052527 0.807033 
1.485409 1.612237 1.048625 1.866453 0.710923 1.078464 0.837095 
1.521443 1.660614 1.063930 1.903832 0.730563 1.138510 0.864406 
1.569608 1.705969 1.092949 1.953225 0.741342 1.180291 0.896577 
1.608343 1.773040 1.108073 1.977839 0.770892 1.237051 0.919844 
1.663808 1.828377 1.117006 2.030908 0.795907 1.280577 0.946848 
1.702121 1.869879 1.140949 2.084550 0.815511 1.322918 0.979548 
1.746044 1.917422 1.166154 2.129478 0.845367 1.360979 1.021008 
1.778947 1.970922 1.194015 2.163904 0.854780 1.370150 1.069181 
1.833758 2.009161 1.228984 2.218927 0.873377 1.386980 1.104739 
1.884631 2.062909 1.256843 2.292725 0.916077 1.414987 1.139944 
1.931434 2.118593 1.281371 2.345191 0.952021 1.463820 1.176948 
1.979265 2.152913 1.316739 2.406455 0.986061 1.491353 1.219713 
2.016640 2.215429 1.346774 2.451040 1.030667 1.524735 1.254089 
2.064105 2.255413 1.386015 2.519606 1.055629 1.567318 1.301652 
2.099994 2.308557 1.422164 2.557957 1.085434 1.610841 1.344187 
2.147859 2.359002 1.475005 2.614539 1.116560 1.639164 1.375815 
2.186218 2.392408 1.533048 2.650613 1.151610 1.672087 1.409237 
2.235174 2.435697 1.581923 2.700311 1.196881 1.750234 1.436029 
2.265266 2.490651 1.680429 2.754921 1.230820 1.803595 1.470343 
2.315846 2.538351 1.738893 2.778757 1.238588 1.852190 1.515250 
2.356311 2.574047 1.784938 2.820596 1.240719 1.882699 1.548304 
2.390898 2.612263 1.860529 2.872971 1.263601 1.906666 1.581283 
2.427732 2.660864 1.932755 2.911724 1.287655 1.939589 1.623379 
2.471625 2.710749 2.015754 2.936852 1.315169 1.982620 1.654500 
2.494927 2.758036 2.092840 2.978765 1.326681 2.031491 1.697108 
2.532097 2.810455 2.138236 3.010221 1.337022 2.078778 1.734346 
2.576134 2.874353 2.193660 3.063830 1.342680 2.136661 1.777578 
2.602977 2.916944 2.261592 3.118677 1.342902 2.135404 1.817030 
2.633049 2.964390 2.293423 3.159527 1.378653 2.174066 1.848143 
2.642794 3.017642 2.354949 3.209741 1.405157 2.207021 1.879489 
2.659552 3.075777 2.412872 3.257468 1.436311 2.263194 1.913997 
2.682681 3.143840 2.439878 3.294890 1.440861 2.336944 1.945018 
2.698061 3.191634 2.515307 3.349311 1.461618 2.383435 1.973593 
2.708066 3.248283 2.581068 3.407219 1.477313 2.411268 2.006724 
2.741916 3.310572 2.622965 3.448864 1.490461 2.444316 2.036126 
2.765830 3.374845 2.681452 3.501296 1.518629 2.488788 2.076859 
2.775900 3.431954 2.700992 3.542690 1.532974 2.533626 2.100850 
2.814426 3.497496 2.716888 3.579486 1.563503 2.611570 2.132453 
2.843104 3.549858 2.756414 3.634717 1.564288 2.661259 2.171437 
2.872397 3.592593 2.795166 3.699449 1.573666 2.713825 2.214475 
2.894751 3.649402 2.857714 3.755618 1.605451 2.750348 2.251392 
2.931098 3.702723 2.911550 3.783217 1.642107 2.778140 2.284808 
2.965187 3.750652 2.941018 3.831271 1.660365 2.829225 2.327074 
2.980941 3.800058 2.975428 3.877036 1.667371 2.869651 2.370206 
3.012492 3.843762 3.052829 3.924812 1.699747 2.925930 2.401085 
3.038373 3.892446 3.104164 3.969095 1.740219 2.979022 2.426253 
NaN NaN NaN NaN NaN NaN NaN 
NaN NaN NaN NaN NaN NaN NaN 
NaN NaN NaN NaN NaN NaN NaN 
NaN NaN NaN NaN NaN NaN NaN 
