-0.508993 -0.856323 -0.305615 -0.661504 -0.614820 -0.712765 -0.627961 
-0.523116 -0.829880 -0.323421 -0.611486 -0.584733 -0.740657 -0.629904 
-0.538816 -0.834408 -0.329067 -0.621455 -0.500597 -0.735205 -0.623558 
-0.553312 -0.860547 -0.330615 -0.650149 -0.566802 -0.711268 -0.626514 
-0.556268 -0.881946 -0.325912 -0.724733 -0.641080 -0.691370 -0.643416 
-0.557831 -0.845398 -0.365111 -0.652838 -0.585597 -0.689964 -0.621159 
-0.569067 -0.852762 -0.357428 -0.658549 -0.547257 -0.700383 -0.619339 
-0.596023 -0.849374 -0.323892 -0.652892 -0.531864 -0.675316 -0.584230 
-0.552430 -0.845410 -0.325048 -0.647006 -0.493384 -0.629009 -0.557552 
-0.558824 -0.844523 -0.309876 -0.650529 -0.550868 -0.675362 -0.550297 
-0.515714 -0.863730 -0.324097 -0.621987 -0.576416 -0.666941 -0.530780 
-0.538303 -0.850728 -0.355489 -0.686257 -0.556782 -0.650513 -0.567741 
-0.532935 -0.874837 -0.396343 -0.720980 -0.559947 -0.647715 -0.604137 
-0.626202 -0.953764 -0.461810 -0.756521 -0.590889 -0.696574 -0.649634 
-0.737213 -1.076955 -0.598657 -0.977600 -0.831816 -0.824830 -0.772862 
-0.651295 -1.064733 -0.625084 -1.001611 -0.876680 -0.847102 -0.770590 
-0.616171 -1.085341 -0.633577 -0.956570 -0.774136 -0.812135 -0.707773 
-0.589803 -1.044922 -0.551389 -0.943015 -0.730156 -0.753751 -0.660871 
-0.590001 -1.043408 -0.546767 -0.970733 -0.753585 -0.717702 -0.636959 
-0.594837 -1.093215 -0.578974 -1.016962 -0.743047 -0.722732 -0.633281 
-0.557238 -1.049139 -0.570420 -1.002234 -0.655594 -0.691501 -0.613852 
-0.541484 -0.995578 -0.540323 -0.911686 -0.673360 -0.610380 -0.575891 
-0.544022 -0.932201 -0.500718 -0.876901 -0.581120 -0.555317 -0.536418 
-0.535846 -0.900114 -0.480664 -0.832250 -0.530057 -0.497171 -0.499492 
-0.526674 -0.864312 -0.493580 -0.791338 -0.557734 -0.519544 -0.514558 
-0.569486 -0.867137 -0.542459 -0.846263 -0.599289 -0.592042 -0.551178 
-0.518489 -0.824720 -0.512058 -0.842463 -0.555429 -0.557597 -0.519410 
-0.473073 -0.828579 -0.480755 -0.790204 -0.532167 -0.503845 -0.473575 
-0.455714 -0.762217 -0.425151 -0.749323 -0.496955 -0.504652 -0.440448 
-0.408997 -0.713087 -0.388822 -0.733131 -0.456518 -0.469558 -0.422517 
-0.367698 -0.709133 -0.367766 -0.665919 -0.392616 -0.409763 -0.372854 
-0.352087 -0.656187 -0.379288 -0.614502 -0.319630 -0.397140 -0.347255 
-0.401549 -0.721659 -0.437945 -0.703945 -0.426234 -0.438374 -0.430475 
-0.506624 -0.779879 -0.556759 -0.939806 -0.635450 -0.579954 -0.560612 
-0.445663 -0.716624 -0.483444 -0.876271 -0.532993 -0.505346 -0.461515 
-0.422056 -0.701210 -0.433652 -0.778835 -0.436962 -0.421528 -0.396533 
-0.380104 -0.626942 -0.396778 -0.697456 -0.423438 -0.397809 -0.369282 
-0.327325 -0.581529 -0.360540 -0.624550 -0.354239 -0.372629 -0.349411 
-0.294861 -0.544497 -0.328693 -0.554733 -0.303826 -0.344185 -0.309302 
-0.279040 -0.471280 -0.270528 -0.482156 -0.253862 -0.291079 -0.283581 
-0.239838 -0.424672 -0.232553 -0.398526 -0.213634 -0.252262 -0.247455 
-0.277398 -0.456516 -0.279014 -0.470256 -0.273367 -0.290795 -0.273523 
-0.494484 -0.684961 -0.532956 -0.804875 -0.627819 -0.581409 -0.505612 
-0.413520 -0.661310 -0.464557 -0.734273 -0.488192 -0.506278 -0.418357 
-0.322286 -0.621643 -0.403619 -0.617383 -0.417082 -0.380437 -0.343924 
-0.274803 -0.483227 -0.358913 -0.513860 -0.340876 -0.282338 -0.281772 
-0.228420 -0.391874 -0.294929 -0.425312 -0.275990 -0.255975 -0.238718 
-0.192829 -0.327176 -0.245153 -0.316425 -0.225736 -0.238555 -0.191609 
-0.145689 -0.259338 -0.207583 -0.287436 -0.108451 -0.182346 -0.130000 
-0.116832 -0.195763 -0.130033 -0.218926 -0.050487 -0.163003 -0.088625 
-0.104428 -0.137688 -0.083774 -0.141070 -0.104866 -0.127947 -0.039757 
-0.081049 -0.127889 -0.048694 -0.094555 -0.076820 -0.078485 -0.017350 
-0.041542 -0.081629 -0.008349 -0.088838 0.009329 -0.040070 -0.017091 
-0.016520 -0.010756 0.038547 -0.042807 0.004448 -0.026268 -0.002907 
0.007250 0.031030 0.060110 0.031869 0.014649 -0.000268 0.001336 
0.009026 0.043569 0.073123 0.027992 0.037230 0.059359 0.013726 
-0.012080 0.074253 0.048095 0.062113 0.046340 0.057570 0.022707 
0.034049 0.080030 0.082019 0.086770 0.075291 0.056986 0.048977 
0.070903 0.154867 0.082263 0.175351 0.101726 0.077431 0.074294 
0.114476 0.173178 0.087758 0.202237 0.130756 0.088496 0.082337 
0.132307 0.191521 0.116780 0.213262 0.114970 0.139639 0.087946 
0.140676 0.247423 0.149154 0.303752 0.093220 0.185763 0.122427 
0.176160 0.312205 0.192778 0.335522 0.157906 0.206303 0.165152 
0.251908 0.341982 0.205456 0.318892 0.206977 0.248448 0.186238 
0.277437 0.365282 0.241343 0.371469 0.190382 0.275259 0.202691 
0.287626 0.408170 0.305345 0.406756 0.220495 0.307091 0.213173 
0.296456 0.447255 0.322174 0.436118 0.238910 0.283420 0.227913 
0.351238 0.459881 0.318697 0.468687 0.248799 0.290571 0.249351 
0.427394 0.491131 0.344101 0.555577 0.245370 0.339793 0.291374 
0.467839 0.501878 0.367624 0.547278 0.295328 0.356483 0.303511 
0.432931 0.566908 0.418234 0.602099 0.307286 0.376678 0.323367 
0.473179 0.619383 0.456025 0.649928 0.296531 0.419080 0.353388 
0.530945 0.645262 0.510439 0.695999 0.304258 0.457900 0.363107 
0.590193 0.673939 0.530668 0.734727 0.348314 0.472140 0.393030 
0.631077 0.729496 0.559339 0.751783 0.380281 0.475445 0.426248 
0.657172 0.785699 0.568326 0.797591 0.392156 0.534593 0.458906 
0.729625 0.827938 0.606651 0.858224 0.440151 0.567517 0.503682 
0.758059 0.842607 0.690088 0.858201 0.477601 0.598018 0.534974 
0.758180 0.907467 0.705722 0.914621 0.467766 0.613536 0.548930 
0.777721 0.968799 0.680382 0.977155 0.480038 0.682086 0.553699 
0.811987 0.981607 0.687960 1.025199 0.535444 0.710787 0.588424 
0.886885 1.003744 0.723144 1.038427 0.527944 0.708704 0.608642 
0.960072 1.027384 0.773465 1.080361 0.569323 0.740728 0.637900 
0.982378 1.139936 0.856853 1.113785 0.574844 0.755355 0.662222 
1.001465 1.172179 0.875109 1.141568 0.564293 0.750922 0.681908 
1.033758 1.216114 0.892915 1.225111 0.604054 0.783064 0.719267 
1.094522 1.277809 0.970926 1.211207 0.636506 0.881944 0.768013 
1.171904 1.325686 0.992577 1.255114 0.635773 0.925733 0.801956 
1.193541 1.377619 1.027827 1.320761 0.712364 0.951596 0.824701 
1.190960 1.432222 1.086318 1.387129 0.755273 0.971050 0.859424 
1.237901 1.478714 1.121168 1.473263 0.766133 1.029375 0.881916 
1.307169 1.505170 1.166250 1.522640 0.833869 1.058477 0.917263 
1.364630 1.539529 1.205731 1.554517 0.849663 1.108116 0.962874 
1.401288 1.612706 1.240193 1.641313 0.857911 1.154244 1.001334 
1.466064 1.643424 1.292121 1.680467 0.863433 1.140160 1.016074 
1.522192 1.675244 1.349467 1.723288 0.914539 1.189209 1.034269 
1.592228 1.735550 1.409733 1.769639 0.953264 1.249206 1.049601 
1.642507 1.788511 1.441129 1.886328 1.000260 1.265861 1.089783 
1.667425 1.848679 1.483670 1.940480 1.014512 1.320788 1.140481 
1.715732 1.906882 1.521228 1.994811 1.029984 1.353863 1.211067 
1.796193 1.965984 1.554531 2.051367 1.033452 1.377733 1.247619 
1.859884 2.028716 1.580310 2.075677 1.096571 1.466122 1.282267 
1.877685 2.087672 1.610336 2.169757 1.135216 1.521882 1.323504 
1.904174 2.127329 1.694635 2.188551 1.152688 1.564832 1.370860 
1.989743 2.146103 1.742147 2.284806 1.194344 1.638291 1.379286 
2.065204 2.180525 1.781054 2.309780 1.265830 1.710088 1.398943 
2.093500 2.258276 1.813722 2.391926 1.260252 1.726200 1.439061 
2.141455 2.330701 1.901513 2.411418 1.313217 1.733465 1.492248 
2.197678 2.380185 1.960143 2.455988 1.360595 1.763685 1.529652 
2.274784 2.446967 1.988762 2.556116 1.358307 1.803810 1.571462 
2.325170 2.487258 2.040279 2.596607 1.343136 1.863428 1.634232 
2.390605 2.555638 2.075019 2.646184 1.420893 1.880250 1.684931 
2.443489 2.608299 2.135572 2.703529 1.477497 1.926848 1.721185 
2.470278 2.654277 2.198022 2.728340 1.490962 1.994418 1.754131 
2.517073 2.718004 2.256002 2.806403 1.554400 2.067554 1.788502 
2.564067 2.759103 2.295801 2.870965 1.611181 2.110165 1.849688 
2.641111 2.821949 2.338800 2.929893 1.629383 2.195478 1.881464 
2.729787 2.871429 2.400687 2.965148 1.681618 2.240131 1.911479 
2.794244 2.909453 2.461570 3.012490 1.712369 2.258546 1.927219 
2.815235 2.982086 2.518748 3.081572 1.744498 2.293938 1.961737 
2.863234 3.047429 2.557078 3.156385 1.759956 2.316916 1.997369 
2.942460 3.091161 2.637812 3.214036 1.788955 2.401599 2.050551 
3.021076 3.153555 2.691864 3.293345 1.812869 2.485296 2.106592 
3.031645 3.229687 2.740225 3.277422 1.833269 2.487562 2.150900 
3.072608 3.263687 2.811067 3.385989 1.896499 2.512016 2.205559 
3.131959 3.286905 2.861917 3.424197 1.915822 2.555122 2.247303 
3.227264 3.342351 2.896159 3.480322 1.953744 2.611182 2.281523 
3.280090 3.402198 2.959385 3.559620 1.992898 2.755842 2.310849 
3.301153 3.467867 3.008891 3.607091 2.037375 2.805603 2.352540 
3.336781 3.519215 3.097908 3.630990 2.068181 2.818540 2.417381 
3.415090 3.559580 3.153745 3.725704 2.088382 2.868299 2.441883 
3.474582 3.635400 3.217559 3.772961 2.145419 2.969363 2.462927 
3.533722 3.707793 3.243756 3.822068 2.155620 3.021686 2.514782 
3.523201 3.769797 3.291297 3.880262 2.182577 3.038870 2.575493 
3.532021 3.839197 3.372830 3.958874 2.206436 3.059392 2.617065 
3.591867 3.902857 3.415153 4.003037 2.241990 3.068279 2.660413 
3.665484 3.942345 3.499135 4.081491 2.303352 3.090726 2.703324 
3.682759 3.996278 3.539497 4.174020 2.346691 3.160935 2.735495 
3.720173 4.064314 3.576318 4.182745 2.358176 3.228405 2.780386 
3.809672 4.092145 3.678500 4.234966 2.360838 3.304842 2.825414 
3.892205 4.135937 3.767855 4.351943 2.448991 3.381482 2.875957 
3.914489 4.220985 3.846382 4.377202 2.484299 3.407983 2.918053 
3.930482 4.280074 3.848859 4.457369 2.510208 3.468921 2.933515 
4.018852 4.297691 3.900680 4.523209 2.532004 3.465709 2.981000 
4.087173 4.373670 3.979182 4.569271 2.553244 3.559545 3.038329 
4.093371 4.438293 4.019064 4.640964 2.603553 3.672407 3.104320 
4.124787 4.485111 4.055160 4.733251 2.606796 3.642959 3.152941 
4.179603 4.556683 4.152974 4.763075 2.648844 3.639856 3.153866 
4.246824 4.626667 4.204954 4.824657 2.695104 3.760684 3.195244 
4.293653 4.659694 4.269948 4.908971 2.729301 3.854687 3.237436 
