-1.863304 -1.573979 -0.679218 -1.468127 -1.930762 -1.414782 -0.428406 -0.350731 -0.933939 0.313026 -1.324543 -1.099303 -0.957114 -0.202039 -0.783688 -0.122032 -0.832255 -0.477569 -0.738400 -0.737135 -0.016777 -1.089192 -1.188094 -0.592248 -0.581180 -0.429632 -1.086960 -0.845974 
-1.916476 -1.516529 -0.719389 -1.459863 -1.880643 -1.379285 -0.472120 -0.373288 -0.940287 0.282298 -1.302401 -1.090665 -0.879335 -0.177534 -0.765463 -0.127326 -0.839271 -0.513290 -0.745771 -0.722040 -0.053452 -1.099538 -1.189674 -0.586146 -0.576473 -0.379517 -1.066710 -0.827732 
-1.963070 -1.461184 -0.756940 -1.450535 -1.831551 -1.344938 -0.512946 -0.394396 -0.945332 0.253031 -1.280246 -1.080670 -0.805160 -0.154480 -0.747791 -0.132427 -0.844791 -0.546371 -0.751765 -0.707249 -0.087622 -1.108379 -1.190096 -0.579730 -0.571528 -0.332723 -1.046498 -0.809540 
-2.003320 -1.407874 -0.791913 -1.440168 -1.783457 -1.311686 -0.550950 -0.414079 -0.949102 0.225187 -1.258078 -1.069384 -0.734500 -0.132833 -0.730643 -0.137327 -0.848866 -0.576880 -0.756423 -0.692743 -0.119365 -1.115740 -1.189378 -0.573009 -0.566347 -0.289133 -1.026323 -0.791403 
-2.037453 -1.356530 -0.824350 -1.428788 -1.736329 -1.279476 -0.586195 -0.432364 -0.951626 0.198726 -1.235896 -1.056877 -0.667266 -0.112547 -0.713990 -0.142019 -0.851541 -0.604884 -0.759787 -0.678505 -0.148755 -1.121645 -1.187540 -0.565995 -0.560931 -0.248628 -1.006184 -0.773327 
-2.065695 -1.307085 -0.854292 -1.416419 -1.690138 -1.248254 -0.618745 -0.449274 -0.952933 0.173610 -1.213700 -1.043213 -0.603371 -0.093579 -0.697803 -0.146496 -0.852865 -0.630448 -0.761899 -0.664518 -0.175870 -1.126118 -1.184600 -0.558697 -0.555282 -0.211094 -0.986081 -0.755319 
-2.088267 -1.259470 -0.881781 -1.403087 -1.644855 -1.217968 -0.648663 -0.464833 -0.953050 0.149802 -1.191487 -1.028458 -0.542729 -0.075884 -0.682056 -0.150751 -0.852884 -0.653636 -0.762797 -0.650766 -0.200782 -1.129182 -1.180576 -0.551125 -0.549401 -0.176415 -0.966013 -0.737383 
-2.105388 -1.213619 -0.906857 -1.388815 -1.600450 -1.188567 -0.676009 -0.479066 -0.952005 0.127264 -1.169256 -1.012674 -0.485254 -0.059419 -0.666721 -0.154778 -0.851642 -0.674512 -0.762522 -0.637231 -0.223566 -1.130860 -1.175485 -0.543290 -0.543289 -0.144480 -0.945979 -0.719524 
-2.117272 -1.169467 -0.929561 -1.373627 -1.556894 -1.159999 -0.700846 -0.491996 -0.949826 0.105961 -1.147006 -0.995925 -0.430861 -0.044141 -0.651771 -0.158571 -0.849184 -0.693139 -0.761114 -0.623898 -0.244292 -1.131177 -1.169345 -0.535201 -0.536947 -0.115177 -0.925978 -0.701747 
-2.124131 -1.126950 -0.949933 -1.357547 -1.514157 -1.132215 -0.723234 -0.503646 -0.946538 0.085858 -1.124734 -0.978271 -0.379468 -0.030007 -0.637179 -0.162123 -0.845554 -0.709579 -0.758610 -0.610751 -0.263034 -1.130154 -1.162174 -0.526866 -0.530378 -0.088398 -0.906011 -0.684057 
-2.126174 -1.086002 -0.968013 -1.340598 -1.472211 -1.105165 -0.743232 -0.514040 -0.942169 0.066919 -1.102438 -0.959772 -0.330990 -0.016977 -0.622920 -0.165428 -0.840795 -0.723894 -0.755048 -0.597774 -0.279859 -1.127815 -1.153990 -0.518297 -0.523581 -0.064032 -0.886074 -0.666458 
-2.123605 -1.046561 -0.983840 -1.322802 -1.431028 -1.078802 -0.760899 -0.523199 -0.936745 0.049112 -1.080115 -0.940487 -0.285346 -0.005009 -0.608968 -0.168482 -0.834947 -0.736143 -0.750465 -0.584953 -0.294838 -1.124181 -1.144810 -0.509500 -0.516558 -0.041975 -0.866169 -0.648954 
-2.116626 -1.008565 -0.997453 -1.304182 -1.390580 -1.053076 -0.776293 -0.531147 -0.930292 0.032402 -1.057762 -0.920473 -0.242455 0.005938 -0.595298 -0.171277 -0.828054 -0.746386 -0.744898 -0.572271 -0.308039 -1.119276 -1.134650 -0.500485 -0.509310 -0.022121 -0.846292 -0.631549 
-2.105435 -0.971952 -1.008891 -1.284760 -1.350838 -1.027941 -0.789471 -0.537906 -0.922835 0.016757 -1.035378 -0.899786 -0.202237 0.015904 -0.581886 -0.173809 -0.820154 -0.754681 -0.738383 -0.559715 -0.319528 -1.113121 -1.123528 -0.491261 -0.501839 -0.004368 -0.826444 -0.614247 
-2.090227 -0.936663 -1.018192 -1.264558 -1.311775 -1.003351 -0.800490 -0.543496 -0.914399 0.002145 -1.012957 -0.878481 -0.164614 0.024927 -0.568707 -0.176073 -0.811287 -0.761087 -0.730956 -0.547269 -0.329372 -1.105739 -1.111460 -0.481836 -0.494145 0.011388 -0.806622 -0.597050 
-2.071193 -0.902636 -1.025396 -1.243597 -1.273364 -0.979260 -0.809406 -0.547941 -0.905009 -0.011464 -0.990498 -0.856611 -0.129506 0.033048 -0.555738 -0.178063 -0.801492 -0.765659 -0.722649 -0.534921 -0.337636 -1.097151 -1.098464 -0.472217 -0.486229 0.025247 -0.786826 -0.579963 
-2.048521 -0.869814 -1.030538 -1.221898 -1.235577 -0.955624 -0.816273 -0.551261 -0.894690 -0.024101 -0.967996 -0.834230 -0.096837 0.040304 -0.542956 -0.179775 -0.790807 -0.768453 -0.713498 -0.522656 -0.344383 -1.087378 -1.084555 -0.462413 -0.478093 0.037307 -0.767054 -0.562988 
-2.022396 -0.838138 -1.033658 -1.199481 -1.198387 -0.932398 -0.821146 -0.553476 -0.883466 -0.035795 -0.945447 -0.811388 -0.066530 0.046733 -0.530339 -0.181204 -0.779268 -0.769525 -0.703536 -0.510460 -0.349676 -1.076442 -1.069750 -0.452432 -0.469737 0.047665 -0.747304 -0.546127 
-1.993000 -0.807551 -1.034791 -1.176368 -1.161769 -0.909539 -0.824079 -0.554608 -0.871360 -0.046576 -0.922847 -0.788135 -0.038509 0.052372 -0.517864 -0.182346 -0.766911 -0.768929 -0.692796 -0.498321 -0.353577 -1.064364 -1.054066 -0.442280 -0.461162 0.056418 -0.727575 -0.529384 
-1.960510 -0.777997 -1.033975 -1.152577 -1.125694 -0.887005 -0.825125 -0.554677 -0.858396 -0.056471 -0.900191 -0.764520 -0.012701 0.057259 -0.505509 -0.183196 -0.753773 -0.766718 -0.681309 -0.486225 -0.356147 -1.051164 -1.037517 -0.431964 -0.452370 0.063659 -0.707865 -0.512760 
-1.925101 -0.749420 -1.031247 -1.128129 -1.090139 -0.864754 -0.824334 -0.553702 -0.844596 -0.065509 -0.877476 -0.740591 0.010968 0.061429 -0.493253 -0.183751 -0.739886 -0.762943 -0.669108 -0.474160 -0.357446 -1.036864 -1.020119 -0.421493 -0.443360 0.069482 -0.688173 -0.496257 
-1.886945 -0.721766 -1.026641 -1.103042 -1.055075 -0.842744 -0.821759 -0.551704 -0.829984 -0.073715 -0.854696 -0.716393 0.032572 0.064917 -0.481075 -0.184007 -0.725286 -0.757658 -0.656222 -0.462114 -0.357532 -1.021484 -1.001889 -0.410872 -0.434134 0.073977 -0.668497 -0.479878 
-1.846208 -0.694981 -1.020195 -1.077336 -1.020479 -0.820936 -0.817451 -0.548701 -0.814582 -0.081115 -0.831846 -0.691972 0.052181 0.067759 -0.468956 -0.183959 -0.710004 -0.750912 -0.642682 -0.450074 -0.356463 -1.005043 -0.982842 -0.400108 -0.424693 0.077234 -0.648834 -0.463623 
-1.803056 -0.669011 -1.011944 -1.051029 -0.986324 -0.799291 -0.811458 -0.544714 -0.798411 -0.087736 -0.808920 -0.667372 0.069867 0.069990 -0.456875 -0.183605 -0.694072 -0.742755 -0.628518 -0.438029 -0.354297 -0.987562 -0.962993 -0.389207 -0.415037 0.079342 -0.629183 -0.447494 
-1.757650 -0.643806 -1.001921 -1.024140 -0.952586 -0.777768 -0.803830 -0.539759 -0.781494 -0.093600 -0.785914 -0.642636 0.085700 0.071643 -0.444813 -0.182942 -0.677522 -0.733236 -0.613759 -0.425968 -0.351088 -0.969061 -0.942358 -0.378175 -0.405167 0.080386 -0.609542 -0.431492 
-1.710147 -0.619312 -0.990164 -0.996685 -0.919239 -0.756331 -0.794615 -0.533857 -0.763852 -0.098733 -0.762821 -0.617804 0.099748 0.072751 -0.432751 -0.181965 -0.660384 -0.722403 -0.598432 -0.413879 -0.346890 -0.949559 -0.920950 -0.367018 -0.395083 0.080453 -0.589909 -0.415617 
-1.660702 -0.595481 -0.976705 -0.968683 -0.886258 -0.734943 -0.783861 -0.527025 -0.745505 -0.103158 -0.739636 -0.592916 0.112079 0.073347 -0.420671 -0.180673 -0.642688 -0.710302 -0.582565 -0.401751 -0.341759 -0.929076 -0.898785 -0.355743 -0.384787 0.079625 -0.570282 -0.399871 
-1.609467 -0.572262 -0.961579 -0.940150 -0.853621 -0.713565 -0.771615 -0.519281 -0.726475 -0.106896 -0.716351 -0.568012 0.122762 0.073464 -0.408554 -0.179063 -0.624461 -0.696981 -0.566186 -0.389575 -0.335746 -0.907631 -0.875878 -0.344353 -0.374279 0.077985 -0.550657 -0.384253 
-1.556588 -0.549607 -0.944820 -0.911104 -0.821302 -0.692164 -0.757922 -0.510643 -0.706780 -0.109970 -0.692961 -0.543130 0.131862 0.073133 -0.396384 -0.177131 -0.605731 -0.682485 -0.549321 -0.377340 -0.328903 -0.885242 -0.852244 -0.332855 -0.363559 0.075612 -0.531034 -0.368763 
-1.502210 -0.527468 -0.926461 -0.881561 -0.789278 -0.670704 -0.742827 -0.501128 -0.686442 -0.112400 -0.669459 -0.518305 0.139444 0.072386 -0.384143 -0.174877 -0.586527 -0.666858 -0.531995 -0.365035 -0.321280 -0.861929 -0.827895 -0.321253 -0.352629 0.072586 -0.511410 -0.353403 
-1.446475 -0.505797 -0.906535 -0.851537 -0.757525 -0.649150 -0.726376 -0.490752 -0.665480 -0.114207 -0.645838 -0.493574 0.145573 0.071252 -0.371815 -0.172297 -0.566873 -0.650143 -0.514233 -0.352651 -0.312926 -0.837709 -0.802847 -0.309552 -0.341488 0.068985 -0.491781 -0.338170 
-1.389519 -0.484549 -0.885075 -0.821047 -0.726019 -0.627469 -0.708612 -0.479533 -0.643913 -0.115409 -0.622090 -0.468969 0.150312 0.069762 -0.359383 -0.169390 -0.546794 -0.632383 -0.496061 -0.340180 -0.303891 -0.812602 -0.777114 -0.297757 -0.330137 0.064884 -0.472147 -0.323064 
-1.331477 -0.463678 -0.862114 -0.790107 -0.694738 -0.605629 -0.689577 -0.467486 -0.621760 -0.116027 -0.598208 -0.444524 0.153724 0.067946 -0.346832 -0.166153 -0.526317 -0.613621 -0.477501 -0.327611 -0.294221 -0.786626 -0.750709 -0.285872 -0.318576 0.060357 -0.452503 -0.308085 
-1.272480 -0.443140 -0.837683 -0.758731 -0.663660 -0.583598 -0.669315 -0.454628 -0.599039 -0.116078 -0.574185 -0.420270 0.155870 0.065831 -0.334147 -0.162586 -0.505463 -0.593896 -0.458577 -0.314936 -0.283964 -0.759797 -0.723646 -0.273900 -0.306806 0.055478 -0.432848 -0.293232 
-1.212656 -0.422890 -0.811814 -0.726936 -0.632760 -0.561344 -0.647866 -0.440975 -0.575768 -0.115579 -0.550013 -0.396238 0.156812 0.063447 -0.321314 -0.158688 -0.484255 -0.573250 -0.439312 -0.302147 -0.273163 -0.732135 -0.695938 -0.261847 -0.294827 0.050318 -0.413178 -0.278503 
-1.152128 -0.402886 -0.784539 -0.694734 -0.602018 -0.538836 -0.625272 -0.426542 -0.551965 -0.114547 -0.525683 -0.372457 0.156609 0.060822 -0.308317 -0.154456 -0.462717 -0.551722 -0.419727 -0.289236 -0.261864 -0.703656 -0.667599 -0.249715 -0.282640 0.044946 -0.393491 -0.263896 
-1.091017 -0.383086 -0.755889 -0.662140 -0.571410 -0.516046 -0.601573 -0.411344 -0.527648 -0.112997 -0.501188 -0.348954 0.155320 0.057982 -0.295144 -0.149890 -0.440868 -0.529349 -0.399844 -0.276194 -0.250110 -0.674378 -0.638643 -0.237508 -0.270244 0.039430 -0.373784 -0.249410 
-1.029441 -0.363449 -0.725895 -0.629167 -0.540916 -0.492944 -0.576806 -0.395395 -0.502833 -0.110946 -0.476518 -0.325756 0.153003 0.054954 -0.281781 -0.144989 -0.418729 -0.506169 -0.379683 -0.263014 -0.237943 -0.644317 -0.609081 -0.225229 -0.257641 0.033838 -0.354054 -0.235042 
-0.967514 -0.343935 -0.694586 -0.595828 -0.510513 -0.469502 -0.551012 -0.378712 -0.477538 -0.108407 -0.451665 -0.302888 0.149715 0.051765 -0.268216 -0.139753 -0.396319 -0.482219 -0.359265 -0.249690 -0.225405 -0.613491 -0.578926 -0.212881 -0.244829 0.028234 -0.334298 -0.220791 
-0.905347 -0.324503 -0.661994 -0.562137 -0.480181 -0.445692 -0.524228 -0.361306 -0.451778 -0.105395 -0.426619 -0.280375 0.145512 0.048440 -0.254435 -0.134181 -0.373657 -0.457534 -0.338608 -0.236213 -0.212534 -0.581916 -0.548193 -0.200467 -0.231810 0.022682 -0.314513 -0.206654 
-0.843046 -0.305116 -0.628147 -0.528106 -0.449898 -0.421488 -0.496490 -0.343194 -0.425570 -0.101922 -0.401372 -0.258239 0.140449 0.045003 -0.240428 -0.128273 -0.350761 -0.432150 -0.317732 -0.222577 -0.199372 -0.549608 -0.516892 -0.187989 -0.218584 0.017245 -0.294695 -0.192628 
-0.780716 -0.285735 -0.593076 -0.493747 -0.419644 -0.396864 -0.467836 -0.324387 -0.398929 -0.098000 -0.375914 -0.236503 0.134581 0.041480 -0.226182 -0.122028 -0.327648 -0.406099 -0.296654 -0.208776 -0.185955 -0.516585 -0.485036 -0.175450 -0.205150 0.011982 -0.274841 -0.178710 
-0.718458 -0.266324 -0.556809 -0.459071 -0.389398 -0.371795 -0.438299 -0.304900 -0.371870 -0.093642 -0.350235 -0.215186 0.127962 0.037894 -0.211687 -0.115448 -0.304333 -0.379417 -0.275392 -0.194804 -0.172321 -0.482861 -0.452637 -0.162852 -0.191509 0.006953 -0.254949 -0.164896 
-0.656369 -0.246846 -0.519375 -0.424091 -0.359139 -0.346256 -0.407916 -0.284746 -0.344410 -0.088858 -0.324325 -0.194309 0.120642 0.034268 -0.196933 -0.108532 -0.280832 -0.352133 -0.253963 -0.180655 -0.158505 -0.448452 -0.419708 -0.150196 -0.177661 0.002216 -0.235014 -0.151184 
-0.594542 -0.227266 -0.480803 -0.388817 -0.328849 -0.320224 -0.376720 -0.263937 -0.316561 -0.083657 -0.298173 -0.173887 0.112675 0.030626 -0.181910 -0.101281 -0.257160 -0.324281 -0.232384 -0.166324 -0.144543 -0.413375 -0.386261 -0.137485 -0.163606 -0.002175 -0.215033 -0.137570 
-0.533068 -0.207550 -0.441120 -0.353261 -0.298506 -0.293675 -0.344744 -0.242485 -0.288339 -0.078051 -0.271771 -0.153940 0.104111 0.026990 -0.166607 -0.093696 -0.233329 -0.295889 -0.210669 -0.151804 -0.130470 -0.377644 -0.352306 -0.124719 -0.149343 -0.006163 -0.195002 -0.124050 
-0.472035 -0.187664 -0.400355 -0.317432 -0.268092 -0.266587 -0.312021 -0.220403 -0.259757 -0.072047 -0.245106 -0.134482 0.094998 0.023380 -0.151016 -0.085778 -0.209354 -0.266989 -0.188833 -0.137093 -0.116317 -0.341275 -0.317855 -0.111901 -0.134874 -0.009697 -0.174919 -0.110619 
-0.411525 -0.167575 -0.358534 -0.281340 -0.237587 -0.238940 -0.278583 -0.197702 -0.230828 -0.065653 -0.218168 -0.115527 0.085388 0.019819 -0.135129 -0.077527 -0.185245 -0.237608 -0.166892 -0.122184 -0.102116 -0.304282 -0.282920 -0.099031 -0.120196 -0.012725 -0.154778 -0.097273 
-0.351620 -0.147252 -0.315685 -0.244996 -0.206973 -0.210712 -0.244460 -0.174395 -0.201567 -0.058876 -0.190945 -0.097089 0.075326 0.016327 -0.118938 -0.068945 -0.161013 -0.207774 -0.144858 -0.107074 -0.087899 -0.266681 -0.247512 -0.086109 -0.105312 -0.015197 -0.134577 -0.084008 
-0.292397 -0.126663 -0.271835 -0.208409 -0.176230 -0.181883 -0.209682 -0.150492 -0.171986 -0.051724 -0.163427 -0.079179 0.064860 0.012923 -0.102434 -0.060034 -0.136670 -0.177514 -0.122744 -0.091758 -0.073696 -0.228485 -0.211642 -0.073137 -0.090219 -0.017064 -0.114312 -0.070818 
-0.233929 -0.105778 -0.227009 -0.171587 -0.145340 -0.152435 -0.174279 -0.126003 -0.142097 -0.044202 -0.135602 -0.061808 0.054036 0.009628 -0.085610 -0.050796 -0.112224 -0.146855 -0.100563 -0.076234 -0.059535 -0.189709 -0.175321 -0.060114 -0.074919 -0.018281 -0.093978 -0.057699 
-0.176287 -0.084568 -0.181235 -0.134539 -0.114285 -0.122348 -0.138280 -0.100941 -0.111912 -0.036314 -0.107457 -0.044986 0.042900 0.006460 -0.068461 -0.041231 -0.087684 -0.115821 -0.078328 -0.060497 -0.045444 -0.150367 -0.138559 -0.047042 -0.059410 -0.018801 -0.073572 -0.044645 
-0.119537 -0.063004 -0.134538 -0.097274 -0.083047 -0.091605 -0.101713 -0.075314 -0.081444 -0.028067 -0.078981 -0.028720 0.031495 0.003438 -0.050979 -0.031343 -0.063058 -0.084436 -0.056048 -0.044544 -0.031449 -0.110474 -0.101367 -0.033919 -0.043694 -0.018582 -0.053090 -0.031651 
-0.063743 -0.041058 -0.086943 -0.059799 -0.051608 -0.060190 -0.064604 -0.049133 -0.050703 -0.019462 -0.050161 -0.013018 0.019864 0.000579 -0.033160 -0.021133 -0.038353 -0.052725 -0.033734 -0.028373 -0.017577 -0.070042 -0.063755 -0.020745 -0.027768 -0.017580 -0.032527 -0.018710 
-0.008966 -0.018704 -0.038475 -0.022122 -0.019951 -0.028086 -0.026981 -0.022408 -0.019701 -0.010503 -0.020986 0.002115 0.008051 -0.002100 -0.014997 -0.010604 -0.013574 -0.020710 -0.011396 -0.011981 -0.003853 -0.029085 -0.025734 -0.007520 -0.011634 -0.015755 -0.011879 -0.005817 
0.044737 0.004085 0.010841 0.015750 0.011942 0.004722 0.011132 0.004852 0.011551 -0.001193 0.008559 0.016675 -0.003904 -0.004582 0.003514 0.000241 0.011272 0.011588 0.010956 0.004634 0.009701 0.012383 0.012687 0.005756 0.004710 -0.013069 0.008857 0.007035 
0.097314 0.027333 0.060981 0.053810 0.044087 0.038249 0.049708 0.032639 0.043043 0.008468 0.038486 0.030657 -0.015960 -0.006850 0.022377 0.011400 0.036182 0.044148 0.033314 0.021474 0.023061 0.054350 0.051497 0.019086 0.021264 -0.009483 0.029688 0.019852 
0.148714 0.051065 0.111920 0.092051 0.076501 0.072510 0.088725 0.060942 0.074766 0.018478 0.068807 0.044061 -0.028077 -0.008890 0.041597 0.022869 0.061152 0.076949 0.055670 0.038541 0.036207 0.096803 0.090687 0.032469 0.038028 -0.004961 0.050616 0.032641 
0.198890 0.075305 0.163634 0.130467 0.109200 0.107516 0.128159 0.089755 0.106709 0.028837 0.099538 0.056885 -0.040217 -0.010686 0.061176 0.034646 0.086180 0.109974 0.078017 0.055835 0.049116 0.139729 0.130248 0.045909 0.055003 0.000532 0.071646 0.045409 
0.247799 0.100074 0.216101 0.169053 0.142201 0.143280 0.167986 0.119068 0.138863 0.039547 0.130691 0.069129 -0.052342 -0.012224 0.081118 0.046726 0.111262 0.143203 0.100348 0.073359 0.061771 0.183116 0.170170 0.059405 0.072189 0.007027 0.092783 0.058164 
0.295400 0.125396 0.269298 0.207803 0.175520 0.179815 0.208185 0.148873 0.171219 0.050607 0.162280 0.080796 -0.064415 -0.013490 0.101424 0.059106 0.136399 0.176620 0.122657 0.091113 0.074151 0.226951 0.210444 0.072960 0.089587 0.014557 0.114032 0.070912 
0.341657 0.151291 0.323201 0.246712 0.209173 0.217130 0.248736 0.179164 0.203768 0.062022 0.194320 0.091889 -0.076400 -0.014470 0.122098 0.071783 0.161590 0.210208 0.144939 0.109096 0.086241 0.271223 0.251061 0.086577 0.107198 0.023152 0.135397 0.083661 
0.386537 0.177778 0.377788 0.285775 0.243174 0.255237 0.289617 0.209933 0.236503 0.073792 0.226825 0.102411 -0.088263 -0.015152 0.143140 0.084753 0.186835 0.243951 0.167188 0.127310 0.098023 0.315919 0.292011 0.100257 0.125021 0.032840 0.156883 0.096420 
0.430010 0.204878 0.433037 0.324988 0.277539 0.294143 0.330809 0.241173 0.269415 0.085923 0.259809 0.112367 -0.099968 -0.015524 0.164552 0.098011 0.212137 0.277835 0.189401 0.145754 0.109482 0.361029 0.333287 0.114002 0.143058 0.043648 0.178495 0.109197 
0.472049 0.232609 0.488927 0.364347 0.312282 0.333859 0.372292 0.272877 0.302497 0.098417 0.293288 0.121766 -0.111484 -0.015574 0.186333 0.111552 0.237496 0.311846 0.211575 0.164427 0.120603 0.406541 0.374880 0.127817 0.161310 0.055601 0.200238 0.122000 
0.512630 0.260988 0.545436 0.403848 0.347419 0.374392 0.414050 0.305039 0.335741 0.111281 0.327276 0.130613 -0.122777 -0.015292 0.208485 0.125373 0.262917 0.345971 0.233705 0.183330 0.131374 0.452444 0.416781 0.141703 0.179776 0.068724 0.222117 0.134837 
0.551735 0.290032 0.602542 0.443487 0.382964 0.415749 0.456064 0.337653 0.369141 0.124519 0.361789 0.138919 -0.133816 -0.014665 0.231007 0.139469 0.288403 0.380198 0.255791 0.202460 0.141782 0.498726 0.458983 0.155664 0.198459 0.083038 0.244137 0.147719 
0.589346 0.319758 0.660226 0.483263 0.418931 0.457936 0.498318 0.370714 0.402690 0.138139 0.396843 0.146693 -0.144571 -0.013685 0.253898 0.153834 0.313959 0.414517 0.277830 0.221817 0.151815 0.545378 0.501476 0.169703 0.217358 0.098564 0.266303 0.160653 
0.625450 0.350179 0.718466 0.523171 0.455334 0.500959 0.540796 0.404215 0.436382 0.152147 0.432453 0.153948 -0.155013 -0.012342 0.277156 0.168464 0.339590 0.448916 0.299822 0.241399 0.161464 0.592388 0.544254 0.183824 0.236474 0.115322 0.288620 0.173649 
0.660037 0.381311 0.777244 0.563211 0.492187 0.544823 0.583482 0.438152 0.470211 0.166551 0.468636 0.160695 -0.165112 -0.010627 0.300780 0.183353 0.365303 0.483386 0.321766 0.261203 0.170719 0.639747 0.587308 0.198031 0.255809 0.133328 0.311095 0.186717 
0.693102 0.413166 0.836538 0.603379 0.529502 0.589531 0.626363 0.472519 0.504172 0.181359 0.505407 0.166949 -0.174842 -0.008532 0.324768 0.198496 0.391106 0.517919 0.343662 0.281228 0.179572 0.687444 0.630631 0.212327 0.275364 0.152601 0.333731 0.199866 
0.724641 0.445758 0.896330 0.643675 0.567293 0.635089 0.669425 0.507313 0.538260 0.196582 0.542783 0.172725 -0.184175 -0.006049 0.349116 0.213886 0.417006 0.552507 0.365512 0.301472 0.188016 0.735469 0.674216 0.226717 0.295138 0.173153 0.356535 0.213108 
0.754653 0.479098 0.956601 0.684097 0.605573 0.681497 0.712655 0.542530 0.572469 0.212229 0.580782 0.178040 -0.193085 -0.003171 0.373823 0.229519 0.443012 0.587144 0.387316 0.321930 0.196044 0.783813 0.718056 0.241206 0.315134 0.194998 0.379511 0.226451 
0.783144 0.513197 1.017332 0.724645 0.644355 0.728757 0.756041 0.578164 0.606795 0.228311 0.619419 0.182911 -0.201549 0.000109 0.398883 0.245388 0.469134 0.621823 0.409078 0.342601 0.203653 0.832466 0.762143 0.255799 0.335352 0.218148 0.402667 0.239907 
0.810120 0.548065 1.078504 0.765317 0.683650 0.776872 0.799571 0.614213 0.641235 0.244839 0.658712 0.187357 -0.209540 0.003797 0.424294 0.261486 0.495382 0.656539 0.430800 0.363480 0.210837 0.881420 0.806470 0.270499 0.355793 0.242613 0.426006 0.253487 
0.835591 0.583710 1.140099 0.806115 0.723472 0.825841 0.843235 0.650673 0.675785 0.261825 0.698679 0.191398 -0.217038 0.007898 0.450050 0.277808 0.521769 0.691289 0.452485 0.384565 0.217593 0.930664 0.851031 0.285313 0.376458 0.268401 0.449536 0.267201 
0.859571 0.620143 1.202100 0.847037 0.763831 0.875663 0.887023 0.687541 0.710441 0.279283 0.739337 0.195056 -0.224019 0.012417 0.476146 0.294346 0.548305 0.726069 0.474138 0.405850 0.223920 0.980191 0.895819 0.300245 0.397349 0.295520 0.473262 0.281061 
0.882077 0.657369 1.264490 0.888084 0.804739 0.926338 0.930926 0.724815 0.745200 0.297225 0.780704 0.198353 -0.230462 0.017359 0.502577 0.311094 0.575005 0.760877 0.495763 0.427332 0.229817 1.029992 0.940828 0.315302 0.418466 0.323974 0.497189 0.295078 
0.903130 0.695396 1.327251 0.929258 0.846209 0.977864 0.974936 0.762492 0.780060 0.315667 0.822798 0.201312 -0.236348 0.022728 0.529336 0.328045 0.601882 0.795711 0.517366 0.449006 0.235283 1.080057 0.986051 0.330489 0.439811 0.353768 0.521325 0.309263 
0.922754 0.734229 1.390367 0.970560 0.888250 1.030238 1.019044 0.800570 0.815018 0.334623 0.865638 0.203960 -0.241655 0.028526 0.556418 0.345191 0.628951 0.830570 0.538953 0.470868 0.240321 1.130380 1.031483 0.345813 0.461386 0.384903 0.545674 0.323630 
0.940975 0.773874 1.453820 1.011991 0.930873 1.083456 1.063245 0.839048 0.850072 0.354109 0.909242 0.206322 -0.246367 0.034757 0.583815 0.362525 0.656227 0.865455 0.560530 0.492911 0.244931 1.180952 1.077118 0.361279 0.483190 0.417382 0.570242 0.338191 
0.957825 0.814334 1.517596 1.053553 0.974090 1.137515 1.107531 0.877923 0.885222 0.374142 0.953629 0.208425 -0.250466 0.041423 0.611521 0.380039 0.683728 0.900367 0.582105 0.515130 0.249117 1.231765 1.122950 0.376893 0.505226 0.451203 0.595037 0.352956 
0.973337 0.855613 1.581679 1.095249 1.017911 1.192409 1.151899 0.917194 0.920464 0.394738 0.998818 0.210300 -0.253934 0.048525 0.639526 0.397726 0.711469 0.935308 0.603685 0.537520 0.252884 1.282812 1.168972 0.392664 0.527494 0.486364 0.620065 0.367940 
0.987548 0.897713 1.646052 1.137081 1.062345 1.248133 1.196342 0.956862 0.955800 0.415917 1.044829 0.211974 -0.256756 0.056065 0.667823 0.415578 0.739470 0.970281 0.625279 0.560075 0.256236 1.334085 1.215181 0.408597 0.549997 0.522861 0.645331 0.383156 
1.000500 0.940637 1.710702 1.179052 1.107402 1.304680 1.240858 0.996924 0.991228 0.437695 1.091681 0.213480 -0.258918 0.064043 0.696402 0.433586 0.767749 1.005290 0.646897 0.582788 0.259180 1.385578 1.261571 0.424700 0.572735 0.560690 0.670842 0.398616 
1.012236 0.984383 1.775613 1.221166 1.153092 1.362044 1.285443 1.037381 1.026747 0.460094 1.139393 0.214851 -0.260406 0.072459 0.725256 0.451742 0.796326 1.040339 0.668548 0.605652 0.261723 1.437283 1.308136 0.440980 0.595711 0.599843 0.696604 0.414333 
1.022804 1.028954 1.840771 1.263426 1.199425 1.420215 1.330095 1.078233 1.062359 0.483132 1.187986 0.216119 -0.261205 0.081312 0.754373 0.470037 0.825222 1.075433 0.690242 0.628661 0.263873 1.489194 1.354871 0.457445 0.618925 0.640311 0.722625 0.430322 
1.032254 1.074347 1.906162 1.305837 1.246408 1.479187 1.374812 1.119480 1.098063 0.506831 1.237481 0.217319 -0.261306 0.090602 0.783744 0.488463 0.854457 1.110580 0.711991 0.651806 0.265640 1.541304 1.401773 0.474102 0.642378 0.682086 0.748910 0.446597 
1.040640 1.120561 1.971772 1.348403 1.294052 1.538948 1.419593 1.161123 1.133861 0.531213 1.287896 0.218488 -0.260695 0.100326 0.813357 0.507011 0.884054 1.145786 0.733806 0.675082 0.267034 1.593607 1.448836 0.490960 0.666074 0.725155 0.775467 0.463171 
1.048021 1.167593 2.037588 1.391129 1.342365 1.599489 1.464439 1.203162 1.169753 0.556298 1.339254 0.219664 -0.259364 0.110482 0.843203 0.525671 0.914037 1.181059 0.755700 0.698479 0.268067 1.646097 1.496056 0.508026 0.690012 0.769507 0.802301 0.480058 
1.054456 1.215440 2.103597 1.434019 1.391354 1.660799 1.509350 1.245600 1.205742 0.582111 1.391575 0.220884 -0.257303 0.121068 0.873268 0.544435 0.944429 1.216409 0.777686 0.721989 0.268751 1.698768 1.543429 0.525310 0.714195 0.815126 0.829421 0.497274 
1.060011 1.264098 2.169786 1.477080 1.441028 1.722866 1.554328 1.288437 1.241829 0.608676 1.444880 0.222188 -0.254503 0.132080 0.903541 0.563292 0.975255 1.251846 0.799778 0.745604 0.269100 1.751614 1.590950 0.542820 0.738624 0.861996 0.856833 0.514833 
1.064752 1.313561 2.236143 1.520317 1.491395 1.785677 1.599374 1.331675 1.278016 0.636016 1.499191 0.223618 -0.250957 0.143514 0.934010 0.582233 1.006541 1.287379 0.821988 0.769316 0.269127 1.804631 1.638616 0.560564 0.763302 0.910100 0.884544 0.532751 
1.068750 1.363824 2.302656 1.563737 1.542462 1.849221 1.644492 1.375317 1.314307 0.664156 1.554529 0.225215 -0.246659 0.155366 0.964661 0.601249 1.038312 1.323022 0.844334 0.793115 0.268849 1.857812 1.686423 0.578553 0.788228 0.959419 0.912560 0.551042 
1.072081 1.414879 2.369313 1.607346 1.594236 1.913482 1.689686 1.419364 1.350703 0.693123 1.610916 0.227024 -0.241603 0.167630 0.995481 0.620328 1.070597 1.358786 0.866829 0.816992 0.268283 1.911152 1.734367 0.596795 0.813407 1.009932 0.940890 0.569722 
1.074821 1.466720 2.436102 1.651151 1.646725 1.978445 1.734959 1.463820 1.387209 0.722943 1.668374 0.229088 -0.235784 0.180302 1.026456 0.639461 1.103423 1.394684 0.889491 0.840936 0.267445 1.964648 1.782445 0.615300 0.838838 1.061617 0.969540 0.588807 
1.077051 1.519336 2.503014 1.695158 1.699934 2.044096 1.780317 1.508688 1.423828 0.753644 1.726926 0.231455 -0.229198 0.193374 1.057571 0.658637 1.136819 1.430732 0.912335 0.864939 0.266354 2.018294 1.830654 0.634078 0.864525 1.114451 0.998517 0.608313 
1.078857 1.572720 2.570036 1.739377 1.753872 2.110418 1.825767 1.553971 1.460563 0.785253 1.786594 0.234170 -0.221843 0.206840 1.088812 0.677846 1.170815 1.466944 0.935381 0.888990 0.265031 2.072085 1.878990 0.653138 0.890468 1.168409 1.027830 0.628255 
1.080325 1.626861 2.637159 1.783815 1.808543 2.177394 1.871314 1.599672 1.497421 0.817799 1.847401 0.237283 -0.213717 0.220694 1.120163 0.697076 1.205441 1.503336 0.958644 0.913079 0.263495 2.126019 1.927451 0.672491 0.916670 1.223463 1.057485 0.648652 
1.081547 1.681748 2.704372 1.828480 1.863955 2.245007 1.916966 1.645796 1.534404 0.851312 1.909370 0.240843 -0.204818 0.234926 1.151608 0.716317 1.240730 1.539925 0.982145 0.937193 0.261769 2.180090 1.976034 0.692147 0.943133 1.279585 1.087489 0.669518 
1.082617 1.737370 2.771667 1.873380 1.920111 2.313237 1.962732 1.692348 1.571519 0.885822 1.972525 0.244901 -0.195147 0.249529 1.183131 0.735557 1.276712 1.576729 1.005902 0.961323 0.259875 2.234295 2.024737 0.712118 0.969858 1.336747 1.117851 0.690872 
1.083634 1.793712 2.839033 1.918526 1.977019 2.382066 2.008620 1.739330 1.608770 0.921360 2.036888 0.249509 -0.184704 0.264494 1.214715 0.754786 1.313422 1.613767 1.029936 0.985458 0.257838 2.288631 2.073556 0.732414 0.996848 1.394916 1.148578 0.712730 
1.084698 1.850762 2.906461 1.963926 2.034683 2.451474 2.054640 1.786749 1.646164 0.957956 2.102483 0.254720 -0.173491 0.279811 1.246342 0.773990 1.350893 1.651058 1.054268 1.009584 0.255681 2.343094 2.122489 0.753045 1.024105 1.454059 1.179678 0.735110 
1.085914 1.908506 2.973944 2.009590 2.093109 2.521439 2.100802 1.834609 1.683706 0.995645 2.169335 0.260590 -0.161511 0.295470 1.277996 0.793159 1.389161 1.688623 1.078917 1.033690 0.253431 2.397681 2.171535 0.774024 1.051630 1.514143 1.211159 0.758030 
1.087390 1.966928 3.041472 2.055528 2.152300 2.591941 2.147119 1.882916 1.721404 1.034458 2.237467 0.267173 -0.148768 0.311460 1.309658 0.812281 1.428259 1.726482 1.103907 1.057764 0.251115 2.452389 2.220692 0.795362 1.079426 1.575131 1.243027 0.781507 
1.089237 2.026013 3.109037 2.101750 2.212262 2.662957 2.193601 1.931676 1.759263 1.074429 2.306905 0.274527 -0.135265 0.327772 1.341309 0.831342 1.468226 1.764658 1.129259 1.081794 0.248761 2.507216 2.269957 0.817071 1.107494 1.636987 1.275293 0.805559 
1.091569 2.085742 3.176633 2.148268 2.272998 2.734464 2.240262 1.980895 1.797292 1.115594 2.377672 0.282709 -0.121008 0.344391 1.372929 0.850332 1.509098 1.803174 1.154998 1.105766 0.246397 2.562158 2.319330 0.839162 1.135838 1.699670 1.307962 0.830205 
1.094506 2.146099 3.244250 2.195093 2.334513 2.806439 2.287115 2.030579 1.835497 1.157987 2.449794 0.291781 -0.106004 0.361308 1.404501 0.869237 1.550913 1.842055 1.181146 1.129666 0.244054 2.617215 2.368808 0.861648 1.164459 1.763141 1.341044 0.855464 
1.098168 2.207065 3.311884 2.242235 2.396810 2.878856 2.334174 2.080735 1.873887 1.201644 2.523295 0.301801 -0.090260 0.378507 1.436002 0.888044 1.593710 1.881324 1.207729 1.153482 0.241762 2.672383 2.418390 0.884541 1.193360 1.827358 1.374547 0.881354 
1.102680 2.268620 3.379526 2.289708 2.459892 2.951691 2.381454 2.131370 1.912469 1.246602 2.598201 0.312833 -0.073784 0.395977 1.467413 0.906741 1.637530 1.921007 1.234770 1.177200 0.239555 2.727660 2.468076 0.907855 1.222542 1.892277 1.408478 0.907894 
1.108170 2.330745 3.447171 2.337522 2.523764 3.024918 2.428971 2.182491 1.951253 1.292898 2.674538 0.324939 -0.056585 0.413703 1.498713 0.925314 1.682412 1.961131 1.262296 1.200806 0.237464 2.783046 2.517864 0.931601 1.252008 1.957853 1.442847 0.935104 
1.114770 2.393418 3.514812 2.385692 2.588427 3.098509 2.476742 2.234106 1.990248 1.340570 2.752332 0.338183 -0.038673 0.431671 1.529881 0.943751 1.728398 2.001724 1.290334 1.224284 0.235523 2.838539 2.567754 0.955793 1.281761 2.024039 1.477661 0.963003 
1.122615 2.456616 3.582444 2.434229 2.653885 3.172438 2.524783 2.286222 2.029462 1.389657 2.831608 0.352632 -0.020059 0.449866 1.560893 0.962036 1.775530 2.042814 1.318910 1.247622 0.233769 2.894137 2.617744 0.980445 1.311802 2.090788 1.512929 0.991611 
1.131842 2.520318 3.650061 2.483147 2.720139 3.246676 2.573114 2.338849 2.068905 1.440199 2.912393 0.368352 -0.000755 0.468271 1.591728 0.980158 1.823851 2.084429 1.348051 1.270802 0.232238 2.949840 2.667835 1.005569 1.342135 2.158049 1.548659 1.020949 
1.142593 2.584500 3.717659 2.532459 2.787192 3.321193 2.621752 2.391993 2.108587 1.492236 2.994713 0.385411 0.019226 0.486872 1.622363 0.998101 1.873406 2.126601 1.377787 1.293811 0.230965 3.005646 2.718026 1.031180 1.372761 2.225772 1.584860 1.051035 
1.155013 2.649137 3.785232 2.582180 2.855047 3.395961 2.670716 2.445665 2.148519 1.545809 3.078595 0.403879 0.039872 0.505651 1.652775 1.015852 1.924239 2.169359 1.408145 1.316632 0.229991 3.061555 2.768318 1.057291 1.403683 2.293904 1.621542 1.081891 
1.169252 2.714203 3.852777 2.632324 2.923703 3.470948 2.720029 2.499873 2.188712 1.600959 3.164067 0.423825 0.061166 0.524590 1.682939 1.033397 1.976395 2.212736 1.439155 1.339250 0.229353 3.117568 2.818709 1.083917 1.434904 2.362390 1.658711 1.113538 
1.185459 2.779673 3.920290 2.682905 2.993164 3.546124 2.769709 2.554627 2.229175 1.657729 3.251155 0.445323 0.083094 0.543673 1.712832 1.050720 2.029922 2.256765 1.470848 1.361648 0.229093 3.173682 2.869201 1.111072 1.466426 2.431175 1.696378 1.145997 
1.203790 2.845520 3.987766 2.733939 3.063430 3.621456 2.819780 2.609936 2.269922 1.716162 3.339886 0.468445 0.105638 0.562880 1.742429 1.067808 2.084865 2.301478 1.503255 1.383810 0.229252 3.229900 2.919793 1.138771 1.498251 2.500202 1.734551 1.179287 
1.224405 2.911716 4.055203 2.785441 3.134501 3.696912 2.870263 2.665811 2.310963 1.776303 3.430289 0.493264 0.128783 0.582193 1.771703 1.084645 2.141274 2.346911 1.536405 1.405720 0.229871 3.286220 2.970486 1.167028 1.530383 2.569411 1.773239 1.213433 
1.247463 2.978232 4.122597 2.837427 3.206379 3.772457 2.921182 2.722261 2.352311 1.838195 3.522391 0.519858 0.152509 0.601591 1.800630 1.101216 2.199198 2.393099 1.570333 1.427360 0.230995 3.342644 3.021281 1.195859 1.562824 2.638742 1.812451 1.248453 
1.273131 3.045038 4.189946 2.889913 3.279064 3.848059 2.972561 2.779297 2.393978 1.901883 3.616221 0.548301 0.176798 0.621057 1.829184 1.117507 2.258685 2.440077 1.605069 1.448712 0.232668 3.399172 3.072179 1.225279 1.595577 2.708134 1.852197 1.284372 
1.301577 3.112104 4.257247 2.942915 3.352556 3.923680 3.024425 2.836931 2.435977 1.967415 3.711806 0.578673 0.201629 0.640567 1.857337 1.133501 2.319787 2.487884 1.640649 1.469759 0.234936 3.455805 3.123181 1.255304 1.628644 2.777523 1.892485 1.321211 
1.332973 3.179399 4.324499 2.996450 3.426855 3.999287 3.076799 2.895174 2.478321 2.034836 3.809176 0.611052 0.226980 0.660102 1.885063 1.149183 2.382555 2.536556 1.677104 1.490483 0.237844 3.512543 3.174288 1.285948 1.662028 2.846843 1.933324 1.358991 
1.367494 3.246891 4.391699 3.050535 3.501960 4.074842 3.129710 2.954036 2.521023 2.104194 3.908360 0.645518 0.252831 0.679639 1.912334 1.164537 2.447041 2.586134 1.714471 1.510867 0.241440 3.569390 3.225501 1.317229 1.695731 2.916030 1.974725 1.397737 
1.405318 3.314547 4.458847 3.105188 3.577872 4.150307 3.183184 3.013531 2.564099 2.175538 4.009385 0.682155 0.279159 0.699157 1.939122 1.179547 2.513299 2.636655 1.752785 1.530890 0.245774 3.626345 3.276822 1.349162 1.729758 2.985013 2.016696 1.437470 
1.446628 3.382333 4.525942 3.160427 3.654588 4.225646 3.237249 3.073669 2.607560 2.248915 4.112283 0.721043 0.305939 0.718632 1.965399 1.194197 2.581382 2.688162 1.792080 1.550535 0.250894 3.683410 3.328252 1.381764 1.764110 3.053725 2.059246 1.478214 
1.491609 3.450215 4.592982 3.216270 3.732108 4.300818 3.291935 3.134464 2.651423 2.324377 4.217082 0.762267 0.333147 0.738041 1.991134 1.208470 2.651345 2.740696 1.832394 1.569782 0.256852 3.740589 3.379794 1.415051 1.798791 3.122093 2.102386 1.519993 
1.540450 3.518157 4.659968 3.272735 3.810430 4.375785 3.347270 3.195928 2.695703 2.401972 4.323812 0.805913 0.360757 0.757360 2.016300 1.222350 2.723244 2.794298 1.873764 1.588611 0.263698 3.797882 3.431449 1.449041 1.833803 3.190046 2.146125 1.562829 
1.593342 3.586123 4.726899 3.329842 3.889553 4.450506 3.403284 3.258074 2.740413 2.481753 4.432503 0.852067 0.388742 0.776564 2.040866 1.235821 2.797135 2.849012 1.916227 1.607004 0.271486 3.855292 3.483219 1.483749 1.869150 3.257508 2.190473 1.606746 
1.650481 3.654075 4.793776 3.387609 3.969474 4.524940 3.460008 3.320916 2.785571 2.563771 4.543185 0.900817 0.417076 0.795629 2.064801 1.248864 2.873075 2.904882 1.959822 1.624939 0.280269 3.912822 3.535108 1.519195 1.904834 3.324405 2.235439 1.651769 
1.712066 3.721976 4.860600 3.446057 4.050193 4.599045 3.517474 3.384467 2.831192 2.648078 4.655889 0.952252 0.445730 0.814529 2.088074 1.261464 2.951123 2.961954 2.004588 1.642397 0.290102 3.970474 3.587117 1.555394 1.940859 3.390660 2.281034 1.697922 
1.778299 3.789788 4.927371 3.505205 4.131705 4.672779 3.575714 3.448741 2.877292 2.734727 4.770646 1.006462 0.474674 0.833238 2.110655 1.273602 3.031337 3.020273 2.050565 1.659357 0.301042 4.028252 3.639249 1.592364 1.977227 3.456192 2.327267 1.745229 
1.849385 3.857469 4.994092 3.565074 4.214009 4.746098 3.634761 3.513753 2.923888 2.823773 4.887486 1.063538 0.503878 0.851728 2.132512 1.285261 3.113777 3.079885 2.097792 1.675798 0.313143 4.086159 3.691506 1.630125 2.013941 3.520923 2.374147 1.793716 
1.925533 3.924981 5.060762 3.625684 4.297101 4.818958 3.694649 3.579517 2.970998 2.915271 5.006441 1.123573 0.533312 0.869973 2.153612 1.296423 3.198504 3.140838 2.146311 1.691699 0.326466 4.144197 3.743893 1.668693 2.051006 3.584770 2.421686 1.843406 
2.006956 3.992281 5.127386 3.687057 4.380979 4.891314 3.755412 3.646047 3.018638 3.009275 5.127542 1.186662 0.562943 0.887945 2.173922 1.307071 3.285578 3.203181 2.196163 1.707038 0.341068 4.202372 3.796412 1.708087 2.088423 3.647651 2.469894 1.894326 
2.093868 4.059327 5.193964 3.749213 4.465638 4.963121 3.817086 3.713360 3.066826 3.105842 5.250820 1.252899 0.592738 0.905614 2.193409 1.317186 3.375064 3.266964 2.247391 1.721793 0.357009 4.260686 3.849066 1.748327 2.126196 3.709479 2.518780 1.946501 
2.186490 4.126077 5.260500 3.812175 4.551076 5.034333 3.879707 3.781470 3.115580 3.205028 5.376309 1.322380 0.622663 0.922954 2.212040 1.326750 3.467023 3.332235 2.300037 1.735943 0.374351 4.319144 3.901860 1.789429 2.164329 3.770169 2.568354 1.999956 
2.285043 4.192486 5.326997 3.875964 4.637288 5.104902 3.943312 3.850394 3.164919 3.306892 5.504038 1.395204 0.652684 0.939933 2.229779 1.335744 3.561519 3.399047 2.354144 1.749464 0.393154 4.377750 3.954795 1.831415 2.202825 3.829633 2.618628 2.054717 
2.389752 4.258510 5.393458 3.940604 4.724269 5.174780 4.007938 3.920147 3.214861 3.411491 5.634042 1.471468 0.682764 0.956522 2.246594 1.344150 3.658617 3.467452 2.409758 1.762335 0.413484 4.436508 4.007878 1.874302 2.241686 3.887782 2.669611 2.110811 
2.500848 4.324103 5.459886 4.006117 4.812017 5.243919 4.073624 3.990745 3.265427 3.518884 5.766353 1.551274 0.712867 0.972690 2.262448 1.351949 3.758383 3.537502 2.466922 1.774531 0.435402 4.495423 4.061110 1.918111 2.280917 3.944524 2.721315 2.168264 
2.618562 4.389219 5.526286 4.072526 4.900525 5.312269 4.140408 4.062206 3.316634 3.629131 5.901002 1.634722 0.742956 0.988405 2.277306 1.359122 3.860883 3.609250 2.525682 1.786031 0.458975 4.554500 4.114497 1.962860 2.320520 3.999767 2.773749 2.227103 
2.743130 4.453810 5.592663 4.139855 4.989788 5.379780 4.208331 4.134547 3.368503 3.742292 6.038025 1.721915 0.772992 1.003637 2.291132 1.365649 3.966185 3.682753 2.586084 1.796809 0.484268 4.613745 4.168043 2.008571 2.360500 4.053416 2.826924 2.287354 
2.874792 4.517830 5.659020 4.208127 5.079802 5.446402 4.277434 4.207784 3.421055 3.858429 6.177453 1.812956 0.802935 1.018353 2.303889 1.371511 4.074356 3.758064 2.648174 1.806843 0.511350 4.673162 4.221753 2.055262 2.400859 4.105377 2.880851 2.349045 
3.013789 4.581228 5.725363 4.277367 5.170562 5.512083 4.347756 4.281935 3.474309 3.977604 6.319320 1.907951 0.832746 1.032520 2.315541 1.376688 4.185466 3.835241 2.712001 1.816107 0.540287 4.732757 4.275630 2.102956 2.441602 4.155553 2.935541 2.412202 
3.160367 4.643954 5.791697 4.347599 5.262060 5.576770 4.419342 4.357019 3.528286 4.099879 6.463660 2.007006 0.862382 1.046104 2.326049 1.381161 4.299584 3.914340 2.777611 1.824579 0.571149 4.792536 4.329681 2.151671 2.482731 4.203843 2.991005 2.476855 
3.314777 4.705960 5.858028 4.418849 5.354292 5.640410 4.492233 4.433053 3.583009 4.225317 6.610507 2.110229 0.891803 1.059072 2.335377 1.384910 4.416780 3.995421 2.845053 1.832232 0.604006 4.852504 4.383909 2.201429 2.524250 4.250149 3.047253 2.543029 
3.477270 4.767192 5.924362 4.491141 5.447250 5.702950 4.566473 4.510056 3.638498 4.353982 6.759895 2.217727 0.920964 1.071389 2.343485 1.387913 4.537127 4.078541 2.914376 1.839041 0.638930 4.912668 4.438320 2.252251 2.566163 4.294369 3.104296 2.610754 
3.648102 4.827598 5.990705 4.564501 5.540930 5.764335 4.642106 4.588046 3.694775 4.485939 6.911859 2.329611 0.949822 1.083020 2.350334 1.390152 4.660697 4.163760 2.985631 1.844982 0.675993 4.973035 4.492919 2.304158 2.608473 4.336399 3.162146 2.680058 
3.827532 4.887126 6.057064 4.638956 5.635323 5.824509 4.719178 4.667043 3.751864 4.621254 7.066433 2.445991 0.978332 1.093929 2.355886 1.391605 4.787561 4.251141 3.058867 1.850028 0.715268 5.033610 4.547712 2.357171 2.651184 4.376135 3.220814 2.750969 
