NaN NaN NaN NaN NaN NaN NaN 
NaN NaN NaN NaN NaN NaN NaN 
NaN NaN NaN NaN NaN NaN NaN 
NaN NaN NaN NaN NaN NaN NaN 
NaN NaN NaN NaN NaN NaN NaN 
-0.800916 -2.059629 -0.566486 -0.854139 -1.133673 -2.071205 -1.821780 
-0.743340 -1.922188 -0.500195 -0.896370 -1.124803 -1.944465 -1.720242 
-0.629310 -1.907417 -0.348683 -0.807493 -1.226519 -1.863387 -1.605154 
-0.566972 -1.868310 -0.306474 -0.874116 -1.271509 -1.891297 -1.591303 
-0.741419 -1.876299 -0.292510 -1.016526 -1.209020 -1.940228 -1.573476 
-0.674320 -1.958398 -0.387787 -1.034364 -1.206221 -1.940664 -1.559308 
-0.735032 -2.030509 -0.400993 -1.036060 -1.410906 -1.769134 -1.577820 
-0.775321 -2.053163 -0.448509 -1.073516 -1.592686 -1.935640 -1.693841 
-0.672310 -2.236614 -0.731338 -1.052711 -1.728955 -1.866027 -1.763171 
-0.681454 -2.288441 -0.797883 -1.283613 -1.835282 -1.695768 -1.815685 
-0.591576 -2.206881 -0.883679 -1.184760 -1.866884 -1.759933 -1.776818 
-0.604389 -2.116958 -0.961901 -1.271477 -1.834564 -1.744530 -1.796174 
-0.765313 -2.135477 -1.053632 -1.436970 -1.782835 -1.890176 -1.896005 
-0.918542 -2.251301 -1.043280 -1.417969 -1.829768 -1.942133 -1.885701 
-0.929190 -2.283456 -1.041085 -1.515099 -1.814203 -1.864897 -1.834969 
-0.976940 -2.198508 -0.994727 -1.547419 -1.652739 -1.761014 -1.803838 
-1.018080 -2.091505 -1.001465 -1.574790 -1.464862 -1.803413 -1.761474 
-0.962570 -2.060270 -0.934532 -1.468447 -1.324962 -1.555369 -1.497041 
-1.065503 -1.966383 -0.818271 -1.429287 -1.129080 -1.457607 -1.328472 
-1.138788 -1.961184 -0.780597 -1.352173 -1.064529 -1.471287 -1.204808 
-1.050232 -1.956786 -0.729446 -1.359734 -1.022838 -1.251104 -1.190195 
-0.939754 -2.048041 -0.803381 -1.274153 -1.029108 -1.221211 -1.135457 
-0.797404 -1.828724 -0.865764 -1.111557 -1.005635 -1.063126 -1.079511 
-0.614517 -1.715050 -0.789246 -1.183849 -0.874311 -1.018471 -1.027315 
-0.547530 -1.618989 -0.858388 -1.107898 -0.928513 -1.202039 -1.096168 
-0.452427 -1.532271 -0.931762 -1.075321 -1.030413 -1.236203 -1.047687 
-0.412505 -1.539657 -0.796248 -0.996571 -1.053092 -1.213497 -0.993489 
-0.434182 -1.381707 -0.833856 -1.040820 -1.059387 -1.171885 -1.007173 
-0.466539 -1.248267 -0.914655 -1.024961 -1.105790 -1.267072 -1.021238 
-0.389465 -1.120982 -0.957961 -1.095292 -0.989091 -1.134274 -0.969321 
-0.539641 -0.966129 -0.985551 -1.136768 -0.887340 -1.072421 -0.968567 
-0.647549 -0.872715 -0.876497 -1.085699 -0.745053 -1.024415 -0.969743 
-0.663990 -0.947115 -0.890825 -1.020883 -0.786553 -0.952363 -0.870164 
-0.690695 -0.913257 -0.910264 -1.006674 -0.872488 -1.019628 -0.892426 
-0.537477 -0.963652 -0.854929 -1.039209 -0.770811 -0.897693 -0.770836 
-0.512813 -1.023878 -0.856515 -1.178525 -0.755552 -0.788793 -0.756233 
-0.420292 -0.902822 -0.916049 -1.175446 -0.667449 -0.757185 -0.793105 
-0.368077 -0.932758 -0.890842 -1.213180 -0.520108 -0.658820 -0.762514 
-0.161392 -1.012467 -0.639074 -1.293285 -0.517415 -0.587350 -0.739921 
-0.132223 -0.914591 -0.559181 -1.085356 -0.366169 -0.570397 -0.752996 
-0.055533 -0.949949 -0.338406 -0.981505 -0.264685 -0.570009 -0.700920 
-0.100613 -0.835661 -0.258939 -0.866060 -0.314126 -0.537259 -0.606469 
-0.088411 -0.723099 -0.036398 -0.905707 -0.298609 -0.442571 -0.537480 
-0.154857 -0.734892 -0.010782 -0.549432 -0.132421 -0.224016 -0.380341 
-0.327655 -0.617543 0.048145 -0.395220 -0.050088 -0.169143 -0.343143 
-0.267361 -0.397394 0.130325 -0.041884 -0.102529 -0.087847 -0.319073 
-0.156473 -0.355532 0.193998 -0.000490 0.030770 -0.015876 -0.231086 
-0.177793 -0.190074 0.257926 0.139349 -0.038894 -0.061362 -0.176569 
-0.244488 -0.068748 0.033253 0.267084 0.128604 -0.037306 -0.067608 
-0.128032 0.060207 0.078885 0.311685 0.030773 -0.099031 0.090529 
-0.129785 0.170429 0.029001 0.457427 -0.110080 -0.050138 0.185345 
0.000454 0.099005 -0.001873 0.447257 -0.000843 -0.023854 0.198987 
-0.022574 0.047429 -0.069609 0.468316 0.004797 -0.018601 0.188464 
-0.023651 0.204554 -0.011159 0.311745 -0.063626 0.049584 0.181158 
0.072555 0.353944 -0.124372 0.307615 0.031358 0.220453 0.250480 
0.133643 0.432328 -0.083934 0.190186 0.202897 0.106458 0.336093 
0.224671 0.690842 -0.071604 0.112132 0.129748 0.363018 0.428151 
0.448069 0.813641 -0.061159 0.159379 0.245376 0.450926 0.472668 
0.507655 1.026777 0.158093 0.282319 0.263218 0.519081 0.526908 
0.490179 0.973737 0.138608 0.285803 0.308360 0.627492 0.503907 
0.727735 1.013785 0.183079 0.329008 0.443587 0.711101 0.578315 
0.881250 1.086137 0.252424 0.372441 0.467986 0.663215 0.625193 
0.986271 1.307342 0.240623 0.465732 0.598944 0.853608 0.669319 
1.208110 1.380966 0.184836 0.529171 0.708743 0.844870 0.753838 
1.269084 1.340713 0.325855 0.722889 0.657071 0.797090 0.865884 
1.296767 1.322957 0.365638 0.899332 0.745271 0.843796 0.927635 
1.274709 1.265096 0.338405 1.180726 0.905757 0.683994 0.987533 
1.249154 1.224701 0.445319 1.155100 0.932451 0.773214 0.959964 
1.416948 1.223260 0.514735 1.207475 0.986336 0.917451 0.939802 
1.527240 1.366710 0.650168 1.368393 1.102988 0.886416 0.997756 
1.497841 1.527261 0.614724 1.267066 1.082814 0.840863 1.031670 
1.441800 1.740451 0.685585 1.303488 1.076040 1.093310 1.099485 
1.520085 1.734372 0.764094 1.421398 1.116943 0.972562 1.199610 
1.557999 1.784876 0.827076 1.611043 1.162890 0.990109 1.223978 
1.665246 1.996697 0.979451 1.646157 1.288026 1.001041 1.188960 
1.647997 2.181549 1.197106 1.708494 1.330350 1.161137 1.266876 
1.620636 2.293501 1.411612 1.749564 1.326724 1.171968 1.345554 
1.710950 2.463582 1.409489 1.849600 1.366902 1.114950 1.569436 
1.740933 2.632864 1.436555 1.869151 1.448557 1.125608 1.683792 
1.858149 2.782084 1.468432 1.865829 1.481595 1.324793 1.779945 
1.974307 2.880034 1.657776 2.015725 1.661597 1.387594 1.864990 
1.923931 3.073105 1.668182 2.194885 1.743857 1.482291 1.934333 
1.971684 3.293078 1.890105 2.232519 1.833857 1.643041 2.017646 
2.096214 3.422446 2.139928 2.222892 1.923365 1.688184 2.121043 
2.187438 3.444475 2.214905 2.315693 1.854599 1.785380 2.274653 
2.215751 3.595829 2.241634 2.395651 1.893815 2.019583 2.315941 
2.345610 3.702115 2.291090 2.492148 1.783390 2.176842 2.361280 
2.229121 3.769470 2.539637 2.578407 1.785132 2.350327 2.348519 
2.365880 3.886705 2.593237 2.682708 1.771345 2.421325 2.423705 
2.459189 3.986645 2.727003 2.817639 1.735253 2.365965 2.552419 
2.465110 4.153043 2.907978 2.901347 1.643047 2.541988 2.600844 
2.725338 4.195094 3.099296 2.898578 1.634298 2.651352 2.737388 
2.830539 4.244228 3.142732 2.949153 1.633368 2.622794 2.784761 
2.811307 4.400997 3.206669 3.058212 1.535798 2.672021 2.910345 
2.871829 4.616333 3.339862 3.007453 1.517756 2.822578 3.031898 
2.985770 4.612552 3.432979 3.157018 1.597578 2.855851 3.189423 
3.116798 4.757191 3.625030 3.212617 1.801242 2.978794 3.256416 
3.308906 4.818142 3.645263 3.362407 1.909997 2.991101 3.391125 
3.223302 4.962574 3.718027 3.366980 1.902041 3.057818 3.454862 
3.220508 4.986006 3.770361 3.400623 2.054031 3.258202 3.465439 
3.421050 4.991804 3.808613 3.442158 2.191361 3.466184 3.600431 
3.502370 5.068297 3.997583 3.563222 2.173316 3.473933 3.665490 
3.605348 5.221892 4.034832 3.693390 2.250107 3.644130 3.802703 
3.859890 5.281987 4.124227 3.704012 2.383872 3.828050 3.848649 
4.020994 5.358016 4.194999 3.860219 2.540260 3.729991 3.940651 
4.164238 5.573119 4.248491 3.830778 2.564872 3.752975 4.002833 
4.285910 5.699142 4.356952 3.892241 2.658488 3.929736 4.142569 
4.341986 5.840401 4.524191 3.949499 2.768404 4.064553 4.209621 
4.486640 5.944733 4.793313 4.084378 2.872331 4.175277 4.348760 
4.608923 6.129139 4.932856 4.244256 2.897125 4.268559 4.465928 
4.632182 6.315809 4.978226 4.329871 2.936517 4.162302 4.547478 
4.727598 6.499196 5.038769 4.411546 3.115999 4.318625 4.577332 
4.835427 6.599888 5.146171 4.499078 3.183831 4.472318 4.619581 
4.868768 6.771354 5.204127 4.684647 3.273687 4.502949 4.690550 
4.927194 6.935168 5.332419 4.739840 3.337655 4.747198 4.710880 
4.959975 7.054794 5.526841 4.832410 3.475834 4.825928 4.790489 
4.989458 7.210322 5.606054 4.926467 3.518928 4.738363 4.900621 
5.230616 7.357423 5.624288 4.952038 3.448860 4.785823 5.021946 
5.346539 7.473278 5.621962 5.027194 3.523197 4.952213 5.146192 
5.469441 7.633351 5.693188 5.026214 3.474697 5.063226 5.238480 
5.452769 7.738788 5.896638 5.129458 3.548484 5.331219 5.344805 
5.462842 7.891456 5.863209 5.310671 3.534404 5.386931 5.480574 
5.554550 7.988964 6.053949 5.420289 3.586105 5.508200 5.510550 
5.719662 8.123903 6.214339 5.489199 3.639066 5.837510 5.564311 
5.836031 8.243293 6.292786 5.635248 3.733301 6.092930 5.642553 
6.039969 8.395584 6.306414 5.755339 3.634749 6.203482 5.751578 
6.212445 8.485194 6.392643 5.948436 3.668238 6.320753 5.867022 
6.331189 8.640321 6.516665 6.043077 3.781933 6.452558 5.923937 
6.427611 8.770660 6.605742 6.212632 3.834803 6.442260 5.966095 
6.504901 8.843121 6.746138 6.297057 3.982838 6.486199 6.058548 
6.633795 8.992261 6.847942 6.501001 3.982439 6.642983 6.081273 
6.956410 9.055483 7.090913 6.512867 4.033118 6.754821 6.206294 
6.999073 9.247550 7.182349 6.558449 4.155912 6.677682 6.405346 
6.998293 9.435474 7.313018 6.635377 4.170918 6.720062 6.584550 
7.020407 9.639448 7.328702 6.766390 4.173399 6.628121 6.696900 
7.137349 9.708386 7.475102 6.754105 4.332018 6.736184 6.762772 
7.191886 9.872545 7.578401 6.686369 4.365153 7.015402 6.856192 
7.270099 9.991297 7.675542 6.813539 4.409858 7.124626 6.976455 
7.340394 10.089258 7.726344 6.940047 4.430664 7.340744 7.109709 
7.418368 10.270643 7.823841 7.025621 4.436743 7.521048 7.159744 
7.578915 10.388658 7.770326 7.031886 4.512128 7.588294 7.313749 
NaN NaN NaN NaN NaN NaN NaN 
NaN NaN NaN NaN NaN NaN NaN 
NaN NaN NaN NaN NaN NaN NaN 
NaN NaN NaN NaN NaN NaN NaN 
