NaN NaN NaN NaN NaN NaN NaN NaN NaN NaN NaN NaN NaN NaN NaN NaN NaN NaN NaN NaN NaN 
NaN NaN NaN NaN NaN NaN NaN NaN NaN NaN NaN NaN NaN NaN NaN NaN NaN NaN NaN NaN NaN 
NaN NaN NaN NaN NaN NaN NaN NaN NaN NaN NaN NaN NaN NaN NaN NaN NaN NaN NaN NaN NaN 
NaN NaN NaN NaN NaN NaN NaN NaN NaN NaN NaN NaN NaN NaN NaN NaN NaN NaN NaN NaN NaN 
NaN NaN NaN NaN NaN NaN NaN NaN NaN NaN NaN NaN NaN NaN NaN NaN NaN NaN NaN NaN NaN 
-0.666298 -0.455979 -1.183030 -1.066191 -1.155301 -1.331769 -1.010318 -1.111084 -1.357521 -1.098866 -1.084873 -0.341180 -0.528302 -0.630237 -0.980115 -1.054276 -0.700561 -1.084492 -0.865617 -0.681856 -0.914018 
-0.685636 -0.451561 -1.218590 -1.101199 -1.142327 -1.335214 -1.056281 -1.161869 -1.353785 -1.101837 -1.096721 -0.384853 -0.545541 -0.661184 -0.974206 -1.053953 -0.716600 -1.068630 -0.856101 -0.743278 -0.982758 
-0.703517 -0.447341 -1.250518 -1.132887 -1.129043 -1.336695 -1.098843 -1.208299 -1.348787 -1.103580 -1.106554 -0.425546 -0.561509 -0.689591 -0.968017 -1.052589 -0.731356 -1.052985 -0.846437 -0.800092 -1.046705 
-0.719944 -0.443289 -1.278904 -1.161330 -1.115443 -1.336269 -1.138052 -1.250473 -1.342550 -1.104108 -1.114419 -0.463328 -0.576212 -0.715513 -0.961528 -1.050197 -0.744831 -1.037523 -0.836612 -0.852409 -1.105944 
-0.734925 -0.439373 -1.303835 -1.186601 -1.101520 -1.333991 -1.173955 -1.288489 -1.335099 -1.103436 -1.120361 -0.498264 -0.589657 -0.739004 -0.954721 -1.046789 -0.757026 -1.022209 -0.826615 -0.900337 -1.160564 
-0.748465 -0.435566 -1.325400 -1.208774 -1.087270 -1.329916 -1.206598 -1.322444 -1.326455 -1.101578 -1.124426 -0.530418 -0.601853 -0.760116 -0.947576 -1.042379 -0.767942 -1.007009 -0.816433 -0.943984 -1.210648 
-0.760572 -0.431837 -1.343683 -1.227919 -1.072685 -1.324097 -1.236029 -1.352432 -1.316642 -1.098547 -1.126657 -0.559854 -0.612807 -0.778902 -0.940074 -1.036980 -0.777582 -0.991889 -0.806055 -0.983459 -1.256281 
-0.771251 -0.428158 -1.358769 -1.244107 -1.057760 -1.316588 -1.262292 -1.378550 -1.305680 -1.094357 -1.127099 -0.586635 -0.622525 -0.795413 -0.932196 -1.030603 -0.785946 -0.976818 -0.795470 -1.018865 -1.297548 
-0.780509 -0.424501 -1.370740 -1.257407 -1.042488 -1.307438 -1.285435 -1.400889 -1.293592 -1.089022 -1.125796 -0.610824 -0.631016 -0.809701 -0.923923 -1.023261 -0.793037 -0.961763 -0.784664 -1.050308 -1.334530 
-0.788352 -0.420839 -1.379680 -1.267889 -1.026862 -1.296701 -1.305502 -1.419541 -1.280399 -1.082555 -1.122789 -0.632482 -0.638288 -0.821815 -0.915237 -1.014968 -0.798857 -0.946691 -0.773628 -1.077890 -1.367310 
-0.794789 -0.417145 -1.385669 -1.275620 -1.010878 -1.284423 -1.322537 -1.434598 -1.266120 -1.074969 -1.118121 -0.651670 -0.644348 -0.831806 -0.906119 -1.005733 -0.803409 -0.931573 -0.762349 -1.101714 -1.395969 
-0.799826 -0.413392 -1.388786 -1.280666 -0.994527 -1.270656 -1.336587 -1.446148 -1.250777 -1.066278 -1.111835 -0.668448 -0.649204 -0.839723 -0.896551 -0.995571 -0.806695 -0.916377 -0.750816 -1.121879 -1.420588 
-0.803469 -0.409556 -1.389111 -1.283094 -0.977803 -1.255446 -1.347694 -1.454281 -1.234389 -1.056495 -1.103970 -0.682875 -0.652865 -0.845615 -0.886516 -0.984493 -0.808717 -0.901073 -0.739019 -1.138485 -1.441244 
-0.805727 -0.405609 -1.386719 -1.282968 -0.960701 -1.238840 -1.355903 -1.459083 -1.216976 -1.045632 -1.094568 -0.695010 -0.655339 -0.849530 -0.875994 -0.972510 -0.809479 -0.885631 -0.726945 -1.151630 -1.458017 
-0.806607 -0.401528 -1.381686 -1.280351 -0.943212 -1.220885 -1.361257 -1.460640 -1.198556 -1.033702 -1.083668 -0.704909 -0.656633 -0.851515 -0.864969 -0.959634 -0.808984 -0.870023 -0.714585 -1.161409 -1.470985 
-0.806117 -0.397289 -1.374089 -1.275308 -0.925330 -1.201624 -1.363799 -1.459036 -1.179147 -1.020718 -1.071311 -0.712630 -0.656757 -0.851618 -0.853423 -0.945877 -0.807236 -0.854220 -0.701927 -1.167920 -1.480224 
-0.804263 -0.392868 -1.363999 -1.267898 -0.907048 -1.181102 -1.363573 -1.454356 -1.158767 -1.006692 -1.057534 -0.718228 -0.655718 -0.849884 -0.841339 -0.931250 -0.804237 -0.838194 -0.688961 -1.171255 -1.485809 
-0.801056 -0.388241 -1.351489 -1.258183 -0.888360 -1.159362 -1.360620 -1.446682 -1.137435 -0.991636 -1.042376 -0.721759 -0.653525 -0.846360 -0.828699 -0.915765 -0.799991 -0.821918 -0.675676 -1.171508 -1.487817 
-0.796501 -0.383386 -1.336631 -1.246224 -0.869258 -1.136447 -1.354982 -1.436094 -1.115167 -0.975563 -1.025876 -0.723276 -0.650188 -0.841090 -0.815486 -0.899433 -0.794502 -0.805364 -0.662061 -1.168770 -1.486320 
-0.790608 -0.378281 -1.319493 -1.232078 -0.849735 -1.112396 -1.346702 -1.422673 -1.091979 -0.958485 -1.008070 -0.722834 -0.645714 -0.834118 -0.801684 -0.882265 -0.787775 -0.788506 -0.648107 -1.163131 -1.481393 
-0.783385 -0.372905 -1.300145 -1.215803 -0.829783 -1.087250 -1.335819 -1.406497 -1.067889 -0.940414 -0.988994 -0.720485 -0.640113 -0.825490 -0.787276 -0.864271 -0.779814 -0.771319 -0.633803 -1.154681 -1.473107 
-0.774840 -0.367237 -1.278653 -1.197457 -0.809396 -1.061049 -1.322376 -1.387643 -1.042911 -0.921362 -0.968686 -0.716281 -0.633393 -0.815248 -0.772244 -0.845463 -0.770622 -0.753777 -0.619138 -1.143506 -1.461534 
-0.764982 -0.361255 -1.255085 -1.177096 -0.788566 -1.033830 -1.306413 -1.366189 -1.017060 -0.901339 -0.947180 -0.710273 -0.625564 -0.803436 -0.756574 -0.825852 -0.760205 -0.735855 -0.604103 -1.129694 -1.446745 
-0.753820 -0.354941 -1.229505 -1.154774 -0.767286 -1.005631 -1.287970 -1.342209 -0.990353 -0.880358 -0.924511 -0.702512 -0.616634 -0.790094 -0.740249 -0.805447 -0.748568 -0.717529 -0.588688 -1.113330 -1.428809 
-0.741362 -0.348274 -1.201976 -1.130545 -0.745547 -0.976489 -1.267087 -1.315777 -0.962803 -0.858430 -0.900715 -0.693046 -0.606614 -0.775265 -0.723252 -0.784260 -0.735715 -0.698776 -0.572883 -1.094497 -1.407795 
-0.727618 -0.341237 -1.172560 -1.104462 -0.723344 -0.946437 -1.243803 -1.286966 -0.934424 -0.835567 -0.875824 -0.681925 -0.595512 -0.758989 -0.705568 -0.762300 -0.721651 -0.679571 -0.556679 -1.073278 -1.383772 
-0.712597 -0.333810 -1.141321 -1.076577 -0.700667 -0.915511 -1.218157 -1.255847 -0.905229 -0.811779 -0.849872 -0.669196 -0.583338 -0.741308 -0.687181 -0.739578 -0.706383 -0.659893 -0.540064 -1.049755 -1.356805 
-0.696308 -0.325976 -1.108316 -1.046942 -0.677509 -0.883744 -1.190188 -1.222490 -0.875233 -0.787077 -0.822892 -0.654907 -0.570102 -0.722260 -0.668076 -0.716104 -0.689915 -0.639719 -0.523032 -1.024007 -1.326963 
-0.678761 -0.317717 -1.073605 -1.015606 -0.653862 -0.851169 -1.159935 -1.186965 -0.844447 -0.761472 -0.794916 -0.639104 -0.555813 -0.701885 -0.648237 -0.691888 -0.672253 -0.619028 -0.505571 -0.996113 -1.294309 
-0.659966 -0.309018 -1.037246 -0.982618 -0.629718 -0.817817 -1.127435 -1.149339 -0.812883 -0.734976 -0.765976 -0.621831 -0.540480 -0.680221 -0.627650 -0.666940 -0.653404 -0.597798 -0.487672 -0.966152 -1.258909 
-0.639931 -0.299861 -0.999294 -0.948027 -0.605070 -0.783718 -1.092726 -1.109679 -0.780554 -0.707597 -0.736102 -0.603135 -0.524115 -0.657307 -0.606299 -0.641269 -0.633373 -0.576010 -0.469327 -0.934198 -1.220827 
-0.618667 -0.290232 -0.959806 -0.911879 -0.579908 -0.748902 -1.055845 -1.068051 -0.747470 -0.679348 -0.705326 -0.583059 -0.506726 -0.633180 -0.584169 -0.614885 -0.612167 -0.553642 -0.450527 -0.900327 -1.180124 
-0.596184 -0.280114 -0.918834 -0.874220 -0.554226 -0.713398 -1.016829 -1.024519 -0.713643 -0.650238 -0.673676 -0.561645 -0.488324 -0.607876 -0.561245 -0.587798 -0.589792 -0.530676 -0.431261 -0.864613 -1.136863 
-0.572493 -0.269495 -0.876432 -0.835097 -0.528014 -0.677234 -0.975715 -0.979145 -0.679083 -0.620277 -0.641183 -0.538937 -0.468919 -0.581431 -0.537514 -0.560016 -0.566254 -0.507093 -0.411523 -0.827129 -1.091105 
-0.547603 -0.258358 -0.832650 -0.794552 -0.501265 -0.640436 -0.932539 -0.931992 -0.643800 -0.589476 -0.607876 -0.514975 -0.448521 -0.553883 -0.512961 -0.531550 -0.541562 -0.482874 -0.391302 -0.787944 -1.042911 
-0.521525 -0.246692 -0.787540 -0.752629 -0.473969 -0.603029 -0.887336 -0.883121 -0.607803 -0.557844 -0.573782 -0.489801 -0.427141 -0.525264 -0.487572 -0.502408 -0.515721 -0.458002 -0.370591 -0.747130 -0.992338 
-0.494269 -0.234483 -0.741150 -0.709371 -0.446119 -0.565039 -0.840142 -0.832590 -0.571102 -0.525390 -0.538930 -0.463454 -0.404790 -0.495610 -0.461333 -0.472598 -0.488739 -0.432459 -0.349381 -0.704754 -0.939447 
-0.465847 -0.221718 -0.693528 -0.664818 -0.417706 -0.526489 -0.790991 -0.780458 -0.533706 -0.492126 -0.503346 -0.435972 -0.381477 -0.464954 -0.434229 -0.442131 -0.460624 -0.406227 -0.327663 -0.660884 -0.884294 
-0.436269 -0.208387 -0.644721 -0.619010 -0.388721 -0.487403 -0.739920 -0.726783 -0.495621 -0.458059 -0.467057 -0.407396 -0.357213 -0.433330 -0.406248 -0.411014 -0.431382 -0.379292 -0.305429 -0.615587 -0.826936 
-0.405546 -0.194477 -0.594773 -0.571988 -0.359156 -0.447802 -0.686961 -0.671620 -0.456857 -0.423200 -0.430089 -0.377761 -0.332010 -0.400771 -0.377376 -0.379256 -0.401023 -0.351637 -0.282671 -0.568926 -0.767429 
-0.373690 -0.179977 -0.543729 -0.523789 -0.329002 -0.407706 -0.632149 -0.615023 -0.417421 -0.387558 -0.392468 -0.347105 -0.305878 -0.367307 -0.347599 -0.346867 -0.369553 -0.323247 -0.259382 -0.520966 -0.705828 
-0.340712 -0.164878 -0.491632 -0.474450 -0.298249 -0.367137 -0.575518 -0.557046 -0.377319 -0.351141 -0.354219 -0.315463 -0.278828 -0.332971 -0.316905 -0.313853 -0.336981 -0.294108 -0.235552 -0.471769 -0.642187 
-0.306622 -0.149170 -0.438524 -0.424009 -0.266890 -0.326113 -0.517100 -0.497742 -0.336558 -0.313959 -0.315365 -0.282871 -0.250871 -0.297793 -0.285280 -0.280223 -0.303316 -0.264204 -0.211175 -0.421394 -0.576559 
-0.271434 -0.132844 -0.384444 -0.372499 -0.234914 -0.284652 -0.456929 -0.437161 -0.295144 -0.276021 -0.275931 -0.249362 -0.222018 -0.261805 -0.252712 -0.245986 -0.268565 -0.233524 -0.186242 -0.369904 -0.508997 
-0.235158 -0.115890 -0.329433 -0.319956 -0.202313 -0.242771 -0.395037 -0.375353 -0.253083 -0.237334 -0.235941 -0.214971 -0.192281 -0.225034 -0.219188 -0.211149 -0.232739 -0.202052 -0.160746 -0.317354 -0.439552 
-0.197807 -0.098301 -0.273527 -0.266414 -0.169078 -0.200487 -0.331456 -0.312367 -0.210379 -0.197908 -0.195415 -0.179729 -0.161671 -0.187510 -0.184696 -0.175720 -0.195844 -0.169778 -0.134680 -0.263804 -0.368275 
-0.159392 -0.080069 -0.216765 -0.211903 -0.135199 -0.157814 -0.266217 -0.248250 -0.167038 -0.157751 -0.154378 -0.143669 -0.130200 -0.149263 -0.149223 -0.139707 -0.157892 -0.136689 -0.108036 -0.209308 -0.295215 
-0.119925 -0.061188 -0.159181 -0.156457 -0.100667 -0.114767 -0.199353 -0.183049 -0.123063 -0.116872 -0.112850 -0.106821 -0.097879 -0.110318 -0.112758 -0.103117 -0.118890 -0.102773 -0.080807 -0.153921 -0.220421 
-0.079420 -0.041650 -0.100810 -0.100104 -0.065472 -0.071359 -0.130894 -0.116808 -0.078458 -0.075277 -0.070852 -0.069217 -0.064719 -0.070705 -0.075287 -0.065958 -0.078849 -0.068019 -0.052985 -0.097697 -0.143941 
-0.037888 -0.021449 -0.041684 -0.042876 -0.029606 -0.027602 -0.060871 -0.049572 -0.033227 -0.032977 -0.028406 -0.030885 -0.030733 -0.030448 -0.036801 -0.028238 -0.037778 -0.032418 -0.024564 -0.040688 -0.065823 
0.004658 -0.000582 0.018163 0.015200 0.006942 0.016492 0.010686 0.018617 0.012627 0.010023 0.014470 0.008147 0.004067 0.010425 0.002714 0.010037 0.004313 0.004041 0.004463 0.017057 0.013887 
0.048205 0.020959 0.078702 0.074097 0.044182 0.060912 0.083748 0.087718 0.059102 0.053714 0.057756 0.047849 0.039670 0.051889 0.043268 0.048859 0.047414 0.041367 0.034103 0.075486 0.095145 
0.092741 0.043177 0.139903 0.133787 0.082122 0.105651 0.158283 0.157690 0.106196 0.098088 0.101433 0.088196 0.076064 0.093919 0.084873 0.088222 0.091515 0.079569 0.064363 0.134553 0.177904 
0.138252 0.066075 0.201739 0.194245 0.120773 0.150698 0.234264 0.228494 0.153907 0.143138 0.145484 0.129161 0.113235 0.136492 0.127540 0.128118 0.136605 0.118656 0.095249 0.194210 0.262123 
0.184725 0.089657 0.264181 0.255446 0.160145 0.196047 0.311662 0.300093 0.202234 0.188857 0.189889 0.170719 0.151173 0.179583 0.171279 0.168541 0.182673 0.158634 0.126769 0.254411 0.347758 
0.232148 0.113927 0.327204 0.317368 0.200247 0.241690 0.390448 0.372450 0.251177 0.235237 0.234632 0.212844 0.189865 0.223169 0.216102 0.209485 0.229710 0.199512 0.158927 0.315112 0.434766 
0.280506 0.138885 0.390784 0.379987 0.241090 0.287623 0.470593 0.445529 0.300735 0.282272 0.279698 0.255514 0.229297 0.267229 0.262019 0.250942 0.277704 0.241296 0.191731 0.376270 0.523108 
0.329785 0.164534 0.454897 0.443281 0.282684 0.333841 0.552071 0.519296 0.350909 0.329955 0.325068 0.298705 0.269458 0.311739 0.309040 0.292906 0.326644 0.283991 0.225187 0.437843 0.612742 
0.379973 0.190875 0.519521 0.507231 0.325039 0.380339 0.634854 0.593719 0.401698 0.378278 0.370729 0.342395 0.310335 0.356680 0.357176 0.335372 0.376518 0.327605 0.259300 0.499791 0.703631 
0.431055 0.217909 0.584636 0.571815 0.368165 0.427116 0.718915 0.668765 0.453104 0.427236 0.416666 0.386562 0.351914 0.402030 0.406437 0.378333 0.427314 0.372141 0.294077 0.562074 0.795734 
0.483018 0.245635 0.650221 0.637017 0.412073 0.474170 0.804227 0.744404 0.505129 0.476822 0.462863 0.431186 0.394184 0.447768 0.456833 0.421782 0.479023 0.417604 0.329523 0.624654 0.889015 
0.535847 0.274053 0.716258 0.702817 0.456773 0.521499 0.890765 0.820607 0.557775 0.527029 0.509308 0.476248 0.437131 0.493877 0.508373 0.465715 0.531630 0.463999 0.365644 0.687495 0.983436 
0.589527 0.303162 0.782730 0.769199 0.502276 0.569104 0.978502 0.897344 0.611043 0.577851 0.555987 0.521728 0.480742 0.540336 0.561067 0.510126 0.585125 0.511329 0.402446 0.750561 1.078963 
0.644045 0.332961 0.849622 0.836148 0.548593 0.616986 1.067412 0.974590 0.664937 0.629282 0.602887 0.567607 0.525004 0.587128 0.614924 0.555008 0.639494 0.559597 0.439935 0.813817 1.175560 
0.699386 0.363447 0.916917 0.903648 0.595733 0.665147 1.157472 1.052318 0.719461 0.681316 0.649997 0.613870 0.569904 0.634234 0.669954 0.600357 0.694726 0.608805 0.478114 0.877232 1.273192 
0.755535 0.394618 0.984604 0.971686 0.643708 0.713590 1.248655 1.130504 0.774616 0.733948 0.697304 0.660498 0.615427 0.681639 0.726166 0.646166 0.750808 0.658955 0.516991 0.940772 1.371828 
0.812478 0.426470 1.052668 1.040248 0.692529 0.762319 1.340937 1.209125 0.830409 0.787171 0.744799 0.707477 0.661561 0.729324 0.783568 0.692432 0.807727 0.710049 0.556570 1.004409 1.471434 
0.870198 0.459001 1.121100 1.109324 0.742206 0.811340 1.434296 1.288157 0.886844 0.840980 0.792470 0.754791 0.708293 0.777275 0.842169 0.739148 0.865469 0.762087 0.596855 1.068112 1.571979 
0.928682 0.492206 1.189889 1.178902 0.792751 0.860657 1.528706 1.367581 0.943925 0.895371 0.840308 0.802425 0.755607 0.825477 0.901978 0.786309 0.924023 0.815070 0.637853 1.131855 1.673432 
0.987914 0.526079 1.259027 1.248972 0.844174 0.910278 1.624144 1.447377 1.001658 0.950336 0.888303 0.850368 0.803492 0.873913 0.963003 0.833912 0.983373 0.868997 0.679567 1.195610 1.775764 
1.047878 0.560616 1.328507 1.319525 0.896487 0.960210 1.720588 1.527525 1.060049 1.005872 0.936447 0.898606 0.851931 0.922571 1.025252 0.881950 1.043507 0.923868 0.722003 1.259352 1.878946 
1.108559 0.595812 1.398321 1.390554 0.949701 1.010463 1.818015 1.608009 1.119104 1.061973 0.984731 0.947127 0.900913 0.971437 1.088734 0.930420 1.104412 0.979682 0.765165 1.323057 1.982950 
1.169941 0.631658 1.468466 1.462051 1.003828 1.061046 1.916403 1.688812 1.178830 1.118635 1.033148 0.995920 0.950422 1.020497 1.153456 0.979317 1.166072 1.036436 0.809058 1.386703 2.087748 
1.232009 0.668150 1.538936 1.534010 1.058878 1.111970 2.015730 1.769919 1.239235 1.175852 1.081691 1.044976 1.000444 1.069740 1.219426 1.028636 1.228474 1.094128 0.853685 1.450267 2.193314 
1.294745 0.705278 1.609731 1.606427 1.114864 1.163247 2.115974 1.851317 1.300327 1.233621 1.130354 1.094284 1.050966 1.119154 1.286652 1.078374 1.291603 1.152756 0.899051 1.513731 2.299624 
1.358135 0.743036 1.680848 1.679298 1.171796 1.214888 2.217115 1.932993 1.362112 1.291936 1.179130 1.143837 1.101972 1.168728 1.355140 1.128526 1.355446 1.212315 0.945161 1.577074 2.406652 
1.422162 0.781414 1.752287 1.752618 1.229686 1.266909 2.319131 2.014936 1.424600 1.350794 1.228014 1.193627 1.153448 1.218451 1.424898 1.179088 1.419986 1.272803 0.992018 1.640280 2.514375 
1.486810 0.820404 1.824050 1.826387 1.288547 1.319322 2.422003 2.097135 1.487800 1.410189 1.277001 1.243646 1.205380 1.268313 1.495934 1.230056 1.485210 1.334214 1.039627 1.703331 2.622770 
1.552061 0.859996 1.896139 1.900603 1.348390 1.372144 2.525710 2.179581 1.551722 1.470119 1.326088 1.293888 1.257752 1.318305 1.568253 1.281427 1.551102 1.396543 1.087990 1.766214 2.731815 
1.617900 0.900180 1.968557 1.975266 1.409226 1.425392 2.630232 2.262267 1.616375 1.530579 1.375269 1.344348 1.310551 1.368418 1.641862 1.333197 1.617647 1.459785 1.137113 1.828913 2.841489 
1.684309 0.940946 2.041309 2.050377 1.471068 1.479082 2.735552 2.345186 1.681769 1.591566 1.424543 1.395022 1.363761 1.418645 1.716769 1.385362 1.684830 1.523934 1.186997 1.891417 2.951772 
1.751272 0.982281 2.114402 2.125938 1.533928 1.533233 2.841648 2.428333 1.747916 1.653075 1.473907 1.445906 1.417366 1.468977 1.792979 1.437919 1.752635 1.588984 1.237648 1.953714 3.062644 
1.818771 1.024175 2.187842 2.201951 1.597818 1.587864 2.948504 2.511704 1.814827 1.715104 1.523358 1.496997 1.471353 1.519408 1.870499 1.490865 1.821045 1.654926 1.289068 2.015795 3.174088 
1.886789 1.066615 2.261638 2.278421 1.662750 1.642996 3.056101 2.595295 1.882513 1.777649 1.572895 1.548292 1.525706 1.569931 1.949334 1.544196 1.890046 1.721754 1.341260 2.077650 3.286086 
1.955308 1.109588 2.335799 2.355351 1.728736 1.698650 3.164420 2.679105 1.950986 1.840706 1.622517 1.599790 1.580409 1.620540 2.029490 1.597911 1.959620 1.789458 1.394228 2.139272 3.398620 
2.024312 1.153081 2.410337 2.432749 1.795788 1.754848 3.273445 2.763133 2.020260 1.904273 1.672225 1.651492 1.635447 1.671231 2.110973 1.652004 2.029752 1.858032 1.447974 2.200655 3.511676 
2.093782 1.197080 2.485264 2.510621 1.863920 1.811612 3.383159 2.847381 2.090346 1.968346 1.722017 1.703396 1.690805 1.721999 2.193789 1.706475 2.100425 1.927464 1.502503 2.261795 3.625238 
2.163700 1.241571 2.560592 2.588973 1.933143 1.868969 3.493545 2.931849 2.161259 2.032924 1.771896 1.755505 1.746467 1.772840 2.277943 1.761321 2.171622 1.997746 1.557815 2.322686 3.739292 
2.234050 1.286538 2.636337 2.667816 2.003471 1.926941 3.604586 3.016541 2.233013 2.098002 1.821861 1.807820 1.802417 1.823750 2.363440 1.816538 2.243326 2.068866 1.613915 2.383328 3.853824 
2.304811 1.331967 2.712515 2.747159 2.074915 1.985557 3.716266 3.101461 2.305621 2.163579 1.871916 1.860343 1.858639 1.874727 2.450284 1.872124 2.315519 2.140815 1.670805 2.443719 3.968824 
2.375967 1.377841 2.789142 2.827011 2.147488 2.044841 3.828571 3.186615 2.379099 2.229653 1.922062 1.913079 1.915118 1.925769 2.538481 1.928078 2.388186 2.213580 1.728486 2.503859 4.084278 
2.447499 1.424143 2.866236 2.907386 2.221204 2.104823 3.941484 3.272009 2.453461 2.296220 1.972303 1.966031 1.971837 1.976873 2.628036 1.984397 2.461308 2.287150 1.786962 2.563750 4.200177 
2.519388 1.470857 2.943818 2.988296 2.296076 2.165531 4.054992 3.357651 2.528724 2.363279 2.022642 2.019205 2.028781 2.028040 2.718952 2.041078 2.534867 2.361512 1.846235 2.623395 4.316511 
2.591615 1.517965 3.021907 3.069754 2.372115 2.226996 4.169078 3.443551 2.604903 2.430827 2.073083 2.072606 2.085933 2.079268 2.811235 2.098121 2.608846 2.436654 1.906307 2.682797 4.433270 
2.664163 1.565449 3.100526 3.151774 2.449336 2.289247 4.283730 3.529718 2.682016 2.498864 2.123631 2.126241 2.143277 2.130558 2.904888 2.155524 2.683226 2.512561 1.967180 2.741962 4.550447 
2.737011 1.613290 3.179697 3.234373 2.527751 2.352318 4.398934 3.616163 2.760078 2.567386 2.174292 2.180118 2.200797 2.181911 2.999915 2.213284 2.757989 2.589220 2.028856 2.800896 4.668036 
2.810141 1.661468 3.259446 3.317567 2.607373 2.416240 4.514675 3.702901 2.839108 2.636393 2.225070 2.234244 2.258475 2.233328 3.096320 2.271400 2.833117 2.666616 2.091337 2.859608 4.786028 
2.883533 1.709965 3.339797 3.401373 2.688216 2.481047 4.630942 3.789943 2.919123 2.705884 2.275973 2.288630 2.316296 2.284811 3.194106 2.329871 2.908592 2.744734 2.154624 2.918106 4.904420 
2.957169 1.758759 3.420778 3.485810 2.770294 2.546774 4.747721 3.877306 3.000142 2.775855 2.327007 2.343284 2.374242 2.336363 3.293278 2.388695 2.984393 2.823558 2.218719 2.976401 5.023206 
3.031028 1.807830 3.502417 3.570897 2.853619 2.613457 4.865000 3.965006 3.082184 2.846308 2.378179 2.398219 2.432297 2.387987 3.393838 2.447872 3.060503 2.903072 2.283624 3.034505 5.142384 
3.105090 1.857157 3.584742 3.656655 2.938206 2.681132 4.982768 4.053061 3.165267 2.917240 2.429499 2.453444 2.490444 2.439686 3.495790 2.507400 3.136902 2.983259 2.349339 3.092430 5.261949 
3.179337 1.906717 3.667785 3.743105 3.024067 2.749836 5.101012 4.141488 3.249411 2.988650 2.480974 2.508973 2.548666 2.491466 3.599135 2.567279 3.213571 3.064102 2.415867 3.150191 5.381901 
3.253748 1.956488 3.751576 3.830270 3.111217 2.819609 5.219721 4.230308 3.334636 3.060538 2.532613 2.564818 2.606945 2.543331 3.703878 2.627507 3.290490 3.145584 2.483208 3.207802 5.502238 
3.328303 2.006448 3.836149 3.918172 3.199669 2.890490 5.338886 4.319542 3.420964 3.132903 2.584427 2.620993 2.665265 2.595286 3.810021 2.688085 3.367640 3.227686 2.551363 3.265282 5.622960 
3.402982 2.056572 3.921538 4.006837 3.289436 2.962518 5.458494 4.409212 3.508414 3.205745 2.636425 2.677514 2.723608 2.647338 3.917566 2.749011 3.445000 3.310388 2.620334 3.322648 5.744068 
3.477764 2.106836 4.007779 4.096290 3.380534 3.035736 5.578536 4.499342 3.597009 3.279063 2.688619 2.734395 2.781957 2.699494 4.026515 2.810285 3.522550 3.393672 2.690120 3.379919 5.865563 
3.552629 2.157216 4.094907 4.186556 3.472976 3.110186 5.699003 4.589956 3.686769 3.352856 2.741019 2.791654 2.840295 2.751761 4.136871 2.871906 3.600270 3.477518 2.760724 3.437117 5.987448 
3.627556 2.207688 4.182961 4.277664 3.566776 3.185911 5.819885 4.681080 3.777718 3.427126 2.793639 2.849306 2.898603 2.804147 4.248636 2.933876 3.678140 3.561905 2.832144 3.494262 6.109727 
3.702524 2.258224 4.271980 4.369641 3.661948 3.262956 5.941173 4.772742 3.869878 3.501872 2.846489 2.907371 2.956864 2.856661 4.361810 2.996193 3.756139 3.646813 2.904383 3.551378 6.232402 
3.777513 2.308799 4.362004 4.462517 3.758507 3.341365 6.062858 4.864970 3.963273 3.577093 2.899583 2.965866 3.015059 2.909311 4.476397 3.058858 3.834246 3.732219 2.977440 3.608489 6.355480 
3.852501 2.359386 4.453074 4.556322 3.856466 3.421185 6.184933 4.957792 4.057925 3.652791 2.952936 3.024811 3.073173 2.962108 4.592396 3.121870 3.912439 3.818101 3.051315 3.665621 6.478966 
3.927468 2.409958 4.545233 4.651087 3.955840 3.502462 6.307388 5.051241 4.153859 3.728966 3.006561 3.084227 3.131185 3.015062 4.709810 3.185231 3.990698 3.904438 3.126008 3.722802 6.602867 
4.002391 2.460487 4.638525 4.746844 4.056644 3.585246 6.430218 5.145347 4.251100 3.805618 3.060472 3.144135 3.189078 3.068184 4.828639 3.248941 4.069002 3.991206 3.201521 3.780059 6.727191 
4.077249 2.510944 4.732996 4.843627 4.158892 3.669585 6.553414 5.240144 4.349673 3.882748 3.114685 3.204556 3.246834 3.121485 4.948885 3.313000 4.147328 4.078381 3.277852 3.837421 6.851946 
4.152021 2.561302 4.828691 4.941470 4.262599 3.755528 6.676969 5.335666 4.449602 3.960357 3.169217 3.265514 3.304435 3.174977 5.070548 3.377409 4.225655 4.165939 3.355001 3.894920 6.977142 
4.226684 2.611530 4.925658 5.040407 4.367779 3.843128 6.800878 5.431949 4.550914 4.038445 3.224083 3.327032 3.361861 3.228674 5.193629 3.442169 4.303961 4.253856 3.432968 3.952588 7.102789 
4.301218 2.661598 5.023946 5.140475 4.474448 3.932436 6.925135 5.529029 4.653635 4.117015 3.279300 3.389134 3.419095 3.282588 5.318128 3.507281 4.382223 4.342106 3.511753 4.010458 7.228898 
4.375599 2.711476 5.123604 5.241712 4.582619 4.023504 7.049733 5.626945 4.757791 4.196067 3.334886 3.451846 3.476118 3.336734 5.444045 3.572745 4.460419 4.430663 3.591355 4.068565 7.355481 
4.449805 2.761132 5.224685 5.344154 4.692309 4.116388 7.174667 5.725735 4.863411 4.275602 3.390859 3.515193 3.532911 3.391127 5.571380 3.638564 4.538528 4.519501 3.671774 4.126944 7.482551 
4.523815 2.810536 5.327241 5.447841 4.803532 4.211140 7.299933 5.825439 4.970521 4.355623 3.447238 3.579202 3.589456 3.445780 5.700134 3.704738 4.616525 4.608594 3.753008 4.185632 7.610121 
4.597606 2.859656 5.431325 5.552813 4.916302 4.307818 7.425525 5.926100 5.079149 4.436130 3.504042 3.643900 3.645733 3.500710 5.830305 3.771270 4.694388 4.697913 3.835058 4.244669 7.738207 
4.671154 2.908457 5.536992 5.659112 5.030636 4.406478 7.551440 6.027760 5.189324 4.517126 3.561290 3.709317 3.701723 3.555934 5.961894 3.838159 4.772094 4.787431 3.917921 4.304093 7.866824 
4.744438 2.956908 5.644299 5.766778 5.146549 4.507178 7.677674 6.130463 5.301075 4.598612 3.619004 3.775481 3.757407 3.611468 6.094900 3.905409 4.849620 4.877120 4.001597 4.363947 7.995988 
4.817434 3.004975 5.753302 5.875856 5.264056 4.609975 7.804222 6.234254 5.414432 4.680591 3.677203 3.842422 3.812767 3.667329 6.229322 3.973021 4.926942 4.966950 4.086085 4.424271 8.125716 
4.890119 3.052622 5.864061 5.986388 5.383171 4.714931 7.931083 6.339179 5.529424 4.763065 3.735909 3.910171 3.867782 3.723537 6.365159 4.040997 5.004036 5.056892 4.171383 4.485110 8.256027 
4.962470 3.099817 5.976635 6.098420 5.503912 4.822105 8.058254 6.445286 5.646080 4.846035 3.795145 3.978760 3.922433 3.780109 6.502410 4.109339 5.080879 5.146916 4.257490 4.546509 8.386939 
5.034464 3.146522 6.091085 6.211998 5.626293 4.931559 8.185731 6.552624 5.764433 4.929506 3.854932 4.048220 3.976702 3.837065 6.641074 4.178049 5.157446 5.236991 4.344404 4.608513 8.518473 
5.106077 3.192703 6.207473 6.327169 5.750330 5.043356 8.313513 6.661242 5.884514 5.013478 3.915295 4.118586 4.030567 3.894424 6.781148 4.247129 5.233714 5.327087 4.432125 4.671169 8.650649 
5.177285 3.238323 6.325863 6.443980 5.876039 5.157558 8.441598 6.771191 6.006353 5.097955 3.976256 4.189890 4.084009 3.952208 6.922633 4.316583 5.309657 5.417171 4.520649 4.734528 8.783488 
5.248065 3.283345 6.446320 6.562480 6.003435 5.274230 8.569986 6.882525 6.129982 5.182940 4.037840 4.262168 4.137009 4.010438 7.065525 4.386412 5.385252 5.507211 4.609975 4.798637 8.917013 
5.318393 3.327731 6.568909 6.682719 6.132535 5.393438 8.698674 6.995297 6.255435 5.268436 4.100072 4.335456 4.189547 4.069134 7.209823 4.456620 5.460473 5.597176 4.700102 4.863549 9.051248 
5.388245 3.371444 6.693698 6.804748 6.263354 5.515248 8.827663 7.109560 6.382745 5.354446 4.162977 4.409789 4.241602 4.128320 7.355524 4.527208 5.535296 5.687031 4.791027 4.929316 9.186216 
5.457596 3.414445 6.820755 6.928618 6.395908 5.639727 8.956952 7.225372 6.511943 5.440973 4.226581 4.485205 4.293155 4.188018 7.502627 4.598181 5.609695 5.776742 4.882748 4.995992 9.321943 
5.526422 3.456694 6.950150 7.054383 6.530214 5.766944 9.086542 7.342789 6.643065 5.528021 4.290910 4.561743 4.344184 4.248252 7.651128 4.669541 5.683645 5.866276 4.975263 5.063632 9.458454 
5.594699 3.498153 7.081953 7.182096 6.666288 5.896967 9.216433 7.461870 6.776145 5.615592 4.355992 4.639440 4.394671 4.309046 7.801025 4.741291 5.757120 5.955598 5.068569 5.132291 9.595777 
5.662402 3.538781 7.216236 7.311812 6.804146 6.029867 9.346625 7.582674 6.911217 5.703692 4.421854 4.718336 4.444594 4.370424 7.952316 4.813435 5.830095 6.044671 5.162663 5.202029 9.733938 
5.729507 3.578537 7.353073 7.443586 6.943804 6.165714 9.477122 7.705263 7.048316 5.792324 4.488524 4.798472 4.493933 4.432412 8.104997 4.885976 5.902544 6.133461 5.257544 5.272902 9.872968 
5.795988 3.617381 7.492538 7.577475 7.085279 6.304582 9.607923 7.829697 7.187478 5.881491 4.556031 4.879889 4.542667 4.495036 8.259065 4.958917 5.974440 6.221931 5.353208 5.344972 10.012894 
5.861820 3.655270 7.634707 7.713537 7.228588 6.446542 9.739030 7.956040 7.328739 5.971198 4.624404 4.962628 4.590775 4.558321 8.414517 5.032263 6.045758 6.310044 5.449652 5.418300 10.153747 
5.926978 3.692162 7.779656 7.851830 7.373746 6.591669 9.870448 8.084357 7.472136 6.061448 4.693673 5.046734 4.638237 4.622296 8.571349 5.106017 6.116470 6.397762 5.546874 5.492948 10.295559 
5.991437 3.728014 7.927465 7.992414 7.520771 6.740038 10.002177 8.214713 7.617704 6.152248 4.763868 5.132248 4.685032 4.686988 8.729557 5.180183 6.186551 6.485048 5.644871 5.568981 10.438361 
NaN NaN NaN NaN NaN NaN NaN NaN NaN NaN NaN NaN NaN NaN NaN NaN NaN NaN NaN NaN NaN 
NaN NaN NaN NaN NaN NaN NaN NaN NaN NaN NaN NaN NaN NaN NaN NaN NaN NaN NaN NaN NaN 
NaN NaN NaN NaN NaN NaN NaN NaN NaN NaN NaN NaN NaN NaN NaN NaN NaN NaN NaN NaN NaN 
NaN NaN NaN NaN NaN NaN NaN NaN NaN NaN NaN NaN NaN NaN NaN NaN NaN NaN NaN NaN NaN 
