NaN NaN NaN NaN NaN NaN NaN NaN NaN NaN NaN NaN NaN NaN NaN NaN NaN NaN NaN NaN NaN 
NaN NaN NaN NaN NaN NaN NaN NaN NaN NaN NaN NaN NaN NaN NaN NaN NaN NaN NaN NaN NaN 
NaN NaN NaN NaN NaN NaN NaN NaN NaN NaN NaN NaN NaN NaN NaN NaN NaN NaN NaN NaN NaN 
NaN NaN NaN NaN NaN NaN NaN NaN NaN NaN NaN NaN NaN NaN NaN NaN NaN NaN NaN NaN NaN 
NaN NaN NaN NaN NaN NaN NaN NaN NaN NaN NaN NaN NaN NaN NaN NaN NaN NaN NaN NaN NaN 
NaN NaN NaN NaN NaN NaN NaN NaN NaN NaN NaN NaN NaN NaN NaN NaN NaN NaN NaN NaN NaN 
-0.448587 -0.901018 -0.484692 -0.379884 -0.352554 -0.237496 -0.689918 -0.094205 -0.562905 -0.589575 -0.571046 -0.540513 -0.376425 -0.271051 -0.343813 -0.595839 -0.384341 -0.332965 -0.578769 -0.447056 -0.530091 
-0.439650 -0.894266 -0.459690 -0.380245 -0.344164 -0.245870 -0.683272 -0.111320 -0.559698 -0.590429 -0.567750 -0.543135 -0.386495 -0.279895 -0.343406 -0.602841 -0.382423 -0.336394 -0.584860 -0.433726 -0.526947 
-0.431154 -0.886332 -0.436372 -0.380715 -0.336312 -0.253678 -0.676420 -0.127608 -0.556136 -0.590642 -0.564134 -0.545015 -0.395635 -0.288164 -0.342982 -0.608700 -0.380426 -0.339254 -0.589774 -0.421233 -0.523958 
-0.423063 -0.877272 -0.414659 -0.381259 -0.328961 -0.260922 -0.669354 -0.143069 -0.552219 -0.590220 -0.560195 -0.546165 -0.403859 -0.295855 -0.342523 -0.613443 -0.378336 -0.341558 -0.593545 -0.409525 -0.521088 
-0.415342 -0.867141 -0.394472 -0.381844 -0.322076 -0.267603 -0.662067 -0.157705 -0.547950 -0.589172 -0.555929 -0.546599 -0.411179 -0.302964 -0.342009 -0.617094 -0.376140 -0.343316 -0.596206 -0.398552 -0.518299 
-0.407956 -0.855993 -0.375733 -0.382434 -0.315622 -0.273723 -0.654552 -0.171518 -0.543329 -0.587503 -0.551333 -0.546329 -0.417608 -0.309488 -0.341423 -0.619678 -0.373823 -0.344539 -0.597787 -0.388262 -0.515555 
-0.400872 -0.843882 -0.358365 -0.382997 -0.309563 -0.279283 -0.646803 -0.184508 -0.538356 -0.585221 -0.546404 -0.545368 -0.423159 -0.315422 -0.340747 -0.621220 -0.371374 -0.345237 -0.598322 -0.378606 -0.512819 
-0.394055 -0.830858 -0.342292 -0.383499 -0.303865 -0.284285 -0.638813 -0.196677 -0.533033 -0.582333 -0.541140 -0.543727 -0.427844 -0.320766 -0.339961 -0.621744 -0.368780 -0.345420 -0.597840 -0.369536 -0.510058 
-0.387472 -0.816973 -0.327441 -0.383910 -0.298494 -0.288730 -0.630575 -0.208027 -0.527360 -0.578845 -0.535538 -0.541420 -0.431676 -0.325514 -0.339048 -0.621274 -0.366027 -0.345098 -0.596373 -0.361003 -0.507235 
-0.381093 -0.802276 -0.313737 -0.384197 -0.293417 -0.292620 -0.622082 -0.218560 -0.521339 -0.574765 -0.529595 -0.538457 -0.434667 -0.329666 -0.337991 -0.619832 -0.363105 -0.344282 -0.593950 -0.352961 -0.504318 
-0.374885 -0.786817 -0.301109 -0.384329 -0.288600 -0.295956 -0.613328 -0.228277 -0.514970 -0.570098 -0.523309 -0.534851 -0.436830 -0.333218 -0.336771 -0.617443 -0.360000 -0.342981 -0.590601 -0.345364 -0.501274 
-0.368818 -0.770642 -0.289485 -0.384276 -0.284011 -0.298739 -0.604305 -0.237181 -0.508253 -0.564851 -0.516676 -0.530614 -0.438176 -0.336168 -0.335373 -0.614128 -0.356702 -0.341204 -0.586355 -0.338167 -0.498069 
-0.362861 -0.753799 -0.278795 -0.384007 -0.279617 -0.300970 -0.595006 -0.245273 -0.501189 -0.559032 -0.509696 -0.525755 -0.438717 -0.338514 -0.333778 -0.609911 -0.353199 -0.338961 -0.581240 -0.331325 -0.494672 
-0.356984 -0.736331 -0.268972 -0.383495 -0.275387 -0.302651 -0.585426 -0.252556 -0.493779 -0.552646 -0.502365 -0.520287 -0.438467 -0.340255 -0.331970 -0.604813 -0.349480 -0.336262 -0.575285 -0.324795 -0.491051 
-0.351159 -0.718285 -0.259947 -0.382709 -0.271290 -0.303782 -0.575558 -0.259032 -0.486023 -0.545699 -0.494682 -0.514221 -0.437436 -0.341388 -0.329933 -0.598856 -0.345533 -0.333114 -0.568515 -0.318535 -0.487176 
-0.345357 -0.699703 -0.251653 -0.381622 -0.267295 -0.304364 -0.565393 -0.264702 -0.477921 -0.538199 -0.486644 -0.507567 -0.435637 -0.341912 -0.327650 -0.592061 -0.341349 -0.329527 -0.560959 -0.312502 -0.483018 
-0.339550 -0.680627 -0.244027 -0.380206 -0.263372 -0.304399 -0.554927 -0.269571 -0.469475 -0.530151 -0.478250 -0.500335 -0.433081 -0.341826 -0.325106 -0.584450 -0.336917 -0.325509 -0.552642 -0.306656 -0.478545 
-0.333712 -0.661098 -0.237002 -0.378435 -0.259490 -0.303887 -0.544151 -0.273639 -0.460683 -0.521562 -0.469498 -0.492536 -0.429780 -0.341128 -0.322283 -0.576043 -0.332227 -0.321069 -0.543590 -0.300958 -0.473731 
-0.327816 -0.641156 -0.230518 -0.376282 -0.255621 -0.302828 -0.533060 -0.276910 -0.451547 -0.512438 -0.460387 -0.484180 -0.425746 -0.339819 -0.319167 -0.566860 -0.327268 -0.316215 -0.533829 -0.295367 -0.468547 
-0.321835 -0.620840 -0.224510 -0.373721 -0.251736 -0.301225 -0.521647 -0.279386 -0.442066 -0.502785 -0.450914 -0.475277 -0.420990 -0.337896 -0.315742 -0.556922 -0.322033 -0.310955 -0.523383 -0.289846 -0.462966 
-0.315746 -0.600188 -0.218920 -0.370728 -0.247805 -0.299076 -0.509904 -0.281070 -0.432241 -0.492608 -0.441078 -0.465837 -0.415523 -0.335359 -0.311993 -0.546248 -0.316510 -0.305297 -0.512276 -0.284357 -0.456961 
-0.309522 -0.579236 -0.213687 -0.367276 -0.243802 -0.296383 -0.497826 -0.281965 -0.422072 -0.481914 -0.430879 -0.455869 -0.409357 -0.332208 -0.307905 -0.534857 -0.310691 -0.299249 -0.500531 -0.278864 -0.450505 
-0.303141 -0.558020 -0.208753 -0.363343 -0.239699 -0.293146 -0.485406 -0.282074 -0.411558 -0.470709 -0.420314 -0.445382 -0.402503 -0.328443 -0.303462 -0.522769 -0.304567 -0.292818 -0.488173 -0.273332 -0.443574 
-0.296578 -0.536575 -0.204061 -0.358905 -0.235468 -0.289366 -0.472636 -0.281400 -0.400700 -0.458999 -0.409383 -0.434386 -0.394973 -0.324064 -0.298652 -0.510002 -0.298130 -0.286011 -0.475223 -0.267725 -0.436142 
-0.289811 -0.514935 -0.199554 -0.353939 -0.231084 -0.285043 -0.459511 -0.279946 -0.389498 -0.446789 -0.398085 -0.422889 -0.386776 -0.319071 -0.293458 -0.496574 -0.291372 -0.278835 -0.461703 -0.262010 -0.428187 
-0.282818 -0.493130 -0.195178 -0.348422 -0.226520 -0.280177 -0.446023 -0.277716 -0.377951 -0.434085 -0.386419 -0.410900 -0.377925 -0.313464 -0.287867 -0.482504 -0.284284 -0.271299 -0.447635 -0.256153 -0.419683 
-0.275578 -0.471193 -0.190879 -0.342334 -0.221750 -0.274769 -0.432166 -0.274712 -0.366059 -0.420893 -0.374383 -0.398428 -0.368430 -0.307244 -0.281866 -0.467808 -0.276858 -0.263407 -0.433040 -0.250123 -0.410609 
-0.268069 -0.449155 -0.186605 -0.335652 -0.216749 -0.268818 -0.417934 -0.270938 -0.353822 -0.407217 -0.361978 -0.385481 -0.358302 -0.300412 -0.275440 -0.452505 -0.269087 -0.255167 -0.417938 -0.243889 -0.400942 
-0.260272 -0.427043 -0.182303 -0.328356 -0.211493 -0.262326 -0.403320 -0.266397 -0.341240 -0.393065 -0.349203 -0.372068 -0.347552 -0.292969 -0.268576 -0.436610 -0.260965 -0.246586 -0.402349 -0.237419 -0.390660 
-0.252166 -0.404886 -0.177923 -0.320427 -0.205958 -0.255291 -0.388316 -0.261094 -0.328312 -0.378441 -0.336058 -0.358195 -0.336190 -0.284915 -0.261260 -0.420142 -0.252483 -0.237669 -0.386292 -0.230685 -0.379743 
-0.243733 -0.382711 -0.173417 -0.311845 -0.200118 -0.247713 -0.372918 -0.255031 -0.315037 -0.363350 -0.322541 -0.343871 -0.324227 -0.276253 -0.253481 -0.403115 -0.243635 -0.228422 -0.369787 -0.223658 -0.368171 
-0.234954 -0.360544 -0.168736 -0.302591 -0.193953 -0.239594 -0.357117 -0.248213 -0.301416 -0.347798 -0.308654 -0.329103 -0.311673 -0.266983 -0.245224 -0.385546 -0.234415 -0.218852 -0.352851 -0.216310 -0.355924 
-0.225813 -0.338410 -0.163833 -0.292646 -0.187437 -0.230932 -0.340908 -0.240644 -0.287448 -0.331790 -0.294395 -0.313899 -0.298538 -0.257107 -0.236477 -0.367450 -0.224816 -0.208964 -0.335503 -0.208614 -0.342983 
-0.216290 -0.316332 -0.158663 -0.281994 -0.180550 -0.221727 -0.324284 -0.232327 -0.273132 -0.315332 -0.279765 -0.298265 -0.284834 -0.246628 -0.227228 -0.348843 -0.214833 -0.198763 -0.317759 -0.200544 -0.329329 
-0.206371 -0.294333 -0.153180 -0.270616 -0.173269 -0.211980 -0.307238 -0.223267 -0.258467 -0.298428 -0.264763 -0.282209 -0.270570 -0.235547 -0.217465 -0.329739 -0.204460 -0.188255 -0.299637 -0.192074 -0.314946 
-0.196039 -0.272435 -0.147342 -0.258497 -0.165573 -0.201688 -0.289764 -0.213467 -0.243453 -0.281083 -0.249391 -0.265737 -0.255755 -0.223866 -0.207176 -0.310153 -0.193691 -0.177445 -0.281151 -0.183182 -0.299816 
-0.185279 -0.250657 -0.141106 -0.245621 -0.157440 -0.190854 -0.271855 -0.202932 -0.228089 -0.263303 -0.233648 -0.248857 -0.240402 -0.211589 -0.196349 -0.290099 -0.182521 -0.166338 -0.262319 -0.173842 -0.283923 
-0.174077 -0.229019 -0.134431 -0.231972 -0.148851 -0.179474 -0.253505 -0.191667 -0.212374 -0.245092 -0.217535 -0.231573 -0.224518 -0.198717 -0.184972 -0.269591 -0.170945 -0.154939 -0.243155 -0.164033 -0.267251 
-0.162418 -0.207540 -0.127277 -0.217535 -0.139785 -0.167550 -0.234707 -0.179675 -0.196307 -0.226455 -0.201053 -0.213893 -0.208114 -0.185254 -0.173035 -0.248642 -0.158959 -0.143251 -0.223673 -0.153733 -0.249786 
-0.150289 -0.186237 -0.119605 -0.202297 -0.130223 -0.155081 -0.215456 -0.166962 -0.179887 -0.207397 -0.184201 -0.195822 -0.191200 -0.171202 -0.160526 -0.227266 -0.146558 -0.131280 -0.203889 -0.142921 -0.231512 
-0.137678 -0.165126 -0.111378 -0.186243 -0.120145 -0.142065 -0.195743 -0.153532 -0.163114 -0.187924 -0.166981 -0.177366 -0.173785 -0.156565 -0.147435 -0.205476 -0.133739 -0.119030 -0.183814 -0.131577 -0.212416 
-0.124572 -0.144221 -0.102558 -0.169361 -0.109533 -0.128502 -0.175563 -0.139389 -0.145985 -0.168038 -0.149394 -0.158531 -0.155879 -0.141346 -0.133750 -0.183283 -0.120496 -0.106505 -0.163462 -0.119682 -0.192485 
-0.110960 -0.123537 -0.093111 -0.151638 -0.098369 -0.114391 -0.154910 -0.124538 -0.128501 -0.147746 -0.131441 -0.139322 -0.137492 -0.125549 -0.119462 -0.160700 -0.106828 -0.093708 -0.142847 -0.107217 -0.171707 
-0.096832 -0.103087 -0.083002 -0.133062 -0.086635 -0.099732 -0.133776 -0.108985 -0.110660 -0.127051 -0.113122 -0.119743 -0.118632 -0.109177 -0.104560 -0.137739 -0.092729 -0.080643 -0.121978 -0.094166 -0.150070 
-0.082176 -0.082882 -0.072197 -0.113622 -0.074314 -0.084523 -0.112156 -0.092734 -0.092460 -0.105958 -0.094440 -0.099801 -0.099310 -0.092235 -0.089035 -0.114411 -0.078198 -0.067314 -0.100869 -0.080512 -0.127562 
-0.066983 -0.062933 -0.060666 -0.093308 -0.061389 -0.068763 -0.090043 -0.075790 -0.073901 -0.084471 -0.075394 -0.079499 -0.079534 -0.074726 -0.072876 -0.090727 -0.063231 -0.053724 -0.079529 -0.066239 -0.104174 
-0.051245 -0.043249 -0.048377 -0.072108 -0.047843 -0.052452 -0.067431 -0.058159 -0.054981 -0.062596 -0.055987 -0.058842 -0.059313 -0.056656 -0.056074 -0.066698 -0.047825 -0.039876 -0.057969 -0.051333 -0.079894 
-0.034953 -0.023840 -0.035301 -0.050014 -0.033662 -0.035587 -0.044313 -0.039846 -0.035698 -0.040335 -0.036221 -0.037835 -0.038657 -0.038028 -0.038620 -0.042334 -0.031980 -0.025774 -0.036199 -0.035779 -0.054715 
-0.018099 -0.004712 -0.021409 -0.027017 -0.018828 -0.018169 -0.020683 -0.020856 -0.016052 -0.017694 -0.016096 -0.016482 -0.017575 -0.018847 -0.020504 -0.017646 -0.015691 -0.011418 -0.014228 -0.019565 -0.028628 
-0.000676 0.014128 -0.006673 -0.003108 -0.003329 -0.000195 0.003466 -0.001194 0.003960 0.005324 0.004385 0.005214 0.003925 0.000882 -0.001719 0.007357 0.001042 0.003187 0.007935 -0.002678 -0.001624 
0.017322 0.032674 0.008932 0.021720 0.012852 0.018336 0.028140 0.019133 0.024339 0.028715 0.025220 0.027249 0.025834 0.021153 0.017746 0.032665 0.018220 0.018039 0.030282 0.014892 0.026303 
0.035900 0.050924 0.025432 0.047475 0.029727 0.037425 0.053345 0.040121 0.045086 0.052473 0.046408 0.049618 0.048143 0.041962 0.037897 0.058270 0.035846 0.033137 0.052806 0.033157 0.055160 
0.055065 0.068873 0.042851 0.074164 0.047311 0.057074 0.079088 0.061763 0.066204 0.076597 0.067946 0.072319 0.070843 0.063303 0.058744 0.084163 0.053921 0.048477 0.075499 0.052126 0.084953 
0.074821 0.086519 0.061211 0.101793 0.065616 0.077284 0.105375 0.084054 0.087693 0.101081 0.089833 0.095349 0.093927 0.085170 0.080295 0.110335 0.072444 0.064060 0.098354 0.071807 0.115687 
0.095171 0.103862 0.080534 0.130366 0.084655 0.098058 0.132212 0.106987 0.109557 0.125921 0.112066 0.118704 0.117385 0.107558 0.102556 0.136778 0.091416 0.079881 0.121367 0.092209 0.147368 
0.116119 0.120902 0.100840 0.159889 0.104441 0.119395 0.159606 0.130557 0.131795 0.151115 0.134642 0.142382 0.141209 0.130460 0.125536 0.163485 0.110839 0.095942 0.144530 0.113337 0.179998 
0.137668 0.137641 0.122149 0.190367 0.124984 0.141300 0.187562 0.154758 0.154412 0.176658 0.157559 0.166381 0.165391 0.153870 0.149242 0.190449 0.130711 0.112239 0.167839 0.135199 0.213581 
0.159820 0.154079 0.144480 0.221803 0.146296 0.163772 0.216089 0.179584 0.177408 0.202547 0.180814 0.190697 0.189923 0.177783 0.173682 0.217661 0.151033 0.128772 0.191291 0.157799 0.248121 
0.182576 0.170221 0.167848 0.254200 0.168388 0.186814 0.245190 0.205027 0.200785 0.228778 0.204406 0.215330 0.214797 0.202190 0.198861 0.245117 0.171803 0.145540 0.214879 0.181143 0.283618 
0.205937 0.186072 0.192270 0.287561 0.191270 0.210429 0.274874 0.231082 0.224546 0.255347 0.228330 0.240276 0.240004 0.227086 0.224786 0.272809 0.193021 0.162543 0.238603 0.205232 0.320075 
0.229903 0.201637 0.217761 0.321887 0.214951 0.234617 0.305145 0.257743 0.248692 0.282252 0.252583 0.265534 0.265537 0.252463 0.251465 0.300732 0.214687 0.179780 0.262457 0.230071 0.357492 
0.254473 0.216922 0.244334 0.357181 0.239442 0.259382 0.336011 0.285002 0.273227 0.309488 0.277164 0.291103 0.291389 0.278314 0.278903 0.328880 0.236798 0.197250 0.286441 0.255660 0.395869 
0.279647 0.231936 0.272002 0.393444 0.264751 0.284725 0.367478 0.312854 0.298152 0.337053 0.302068 0.316981 0.317550 0.304633 0.307106 0.357248 0.259353 0.214953 0.310552 0.282000 0.435206 
0.305424 0.246686 0.300776 0.430674 0.290886 0.310649 0.399552 0.341291 0.323469 0.364943 0.327292 0.343166 0.344014 0.331410 0.336081 0.385830 0.282351 0.232889 0.334789 0.309092 0.475501 
0.331799 0.261184 0.330666 0.468873 0.317855 0.337155 0.432238 0.370306 0.349181 0.393155 0.352834 0.369659 0.370773 0.358639 0.365832 0.414622 0.305789 0.251060 0.359152 0.336935 0.516753 
0.358772 0.275440 0.361681 0.508039 0.345666 0.364247 0.465544 0.399893 0.375290 0.421686 0.378688 0.396459 0.397819 0.386312 0.396364 0.443621 0.329664 0.269464 0.383639 0.365526 0.558959 
0.386337 0.289467 0.393829 0.548171 0.374326 0.391926 0.499476 0.430045 0.401799 0.450533 0.404853 0.423564 0.425146 0.414421 0.427684 0.472821 0.353975 0.288102 0.408252 0.394864 0.602116 
0.414491 0.303276 0.427116 0.589266 0.403841 0.420195 0.534039 0.460754 0.428710 0.479693 0.431323 0.450974 0.452746 0.442956 0.459796 0.502220 0.378718 0.306976 0.432991 0.424944 0.646220 
0.443229 0.316883 0.461549 0.631323 0.434217 0.449057 0.569241 0.492013 0.456025 0.509163 0.458096 0.478689 0.480611 0.471911 0.492705 0.531815 0.403891 0.326086 0.457858 0.455763 0.691267 
0.472546 0.330304 0.497132 0.674338 0.465460 0.478514 0.605086 0.523816 0.483749 0.538939 0.485166 0.506710 0.508735 0.501275 0.526414 0.561601 0.429489 0.345433 0.482855 0.487315 0.737251 
0.502435 0.343553 0.533868 0.718306 0.497576 0.508569 0.641582 0.556153 0.511882 0.569020 0.512531 0.535036 0.537110 0.531041 0.560929 0.591578 0.455509 0.365019 0.507983 0.519594 0.784167 
0.532890 0.356650 0.571758 0.763225 0.530568 0.539224 0.678734 0.589019 0.540428 0.599403 0.540186 0.563668 0.565730 0.561199 0.596253 0.621743 0.481948 0.384845 0.533247 0.552593 0.832009 
0.563903 0.369612 0.610805 0.809088 0.564441 0.570484 0.716548 0.622406 0.569390 0.630084 0.568127 0.592607 0.594587 0.591739 0.632390 0.652093 0.508800 0.404913 0.558649 0.586304 0.880769 
0.595467 0.382460 0.651007 0.855891 0.599199 0.602349 0.755032 0.656305 0.598771 0.661062 0.596349 0.621852 0.623676 0.622653 0.669344 0.682628 0.536062 0.425225 0.584194 0.620719 0.930440 
0.627572 0.395213 0.692363 0.903627 0.634844 0.634824 0.794190 0.690709 0.628573 0.692333 0.624848 0.651407 0.652988 0.653931 0.707119 0.713346 0.563729 0.445782 0.609886 0.655829 0.981013 
0.660210 0.407894 0.734872 0.952289 0.671381 0.667911 0.834029 0.725611 0.658799 0.723896 0.653619 0.681270 0.682519 0.685563 0.745716 0.744247 0.591796 0.466587 0.635730 0.691621 1.032480 
0.693371 0.420526 0.778529 1.001871 0.708810 0.701614 0.874555 0.761002 0.689453 0.755747 0.682658 0.711445 0.712260 0.717539 0.785139 0.775330 0.620258 0.487642 0.661732 0.728086 1.084830 
0.727044 0.433133 0.823329 1.052365 0.747134 0.735935 0.915775 0.796874 0.720538 0.787885 0.711959 0.741932 0.742207 0.749849 0.825392 0.806595 0.649109 0.508950 0.687898 0.765211 1.138054 
0.761219 0.445739 0.869267 1.103761 0.786355 0.770878 0.957693 0.833219 0.752056 0.820307 0.741518 0.772734 0.772351 0.782482 0.866475 0.838041 0.678343 0.530514 0.714235 0.802984 1.192141 
0.795882 0.458372 0.916335 1.156051 0.826473 0.806446 1.000317 0.870029 0.784011 0.853011 0.771330 0.803852 0.802688 0.815428 0.908392 0.869671 0.707955 0.552336 0.740750 0.841389 1.247078 
0.831023 0.471058 0.964525 1.209226 0.867489 0.842642 1.043652 0.907296 0.816407 0.885995 0.801389 0.835289 0.833211 0.848676 0.951145 0.901484 0.737939 0.574421 0.767450 0.880413 1.302854 
0.866628 0.483826 1.013829 1.263275 0.909403 0.879471 1.087705 0.945011 0.849245 0.919257 0.831691 0.867047 0.863914 0.882215 0.994736 0.933482 0.768287 0.596770 0.794345 0.920040 1.359456 
0.902683 0.496705 1.064234 1.318188 0.952214 0.916934 1.132481 0.983165 0.882531 0.952794 0.862230 0.899128 0.894790 0.916035 1.039165 0.965666 0.798993 0.619388 0.821443 0.960253 1.416870 
0.939175 0.509726 1.115731 1.373953 0.995921 0.955037 1.177987 1.021750 0.916267 0.986605 0.892999 0.931536 0.925835 0.950123 1.084435 0.998039 0.830050 0.642278 0.848753 1.001035 1.475082 
0.976088 0.522920 1.168305 1.430559 1.040524 0.993781 1.224228 1.060758 0.950457 1.020688 0.923995 0.964274 0.957042 0.984468 1.130546 1.030603 0.861451 0.665444 0.876285 1.042367 1.534077 
1.013407 0.536320 1.221942 1.487992 1.086020 1.033172 1.271210 1.100180 0.985104 1.055041 0.955211 0.997344 0.988406 1.019059 1.177500 1.063360 0.893188 0.688890 0.904050 1.084231 1.593840 
1.051116 0.549959 1.276629 1.546240 1.132406 1.073213 1.318940 1.140006 1.020212 1.089662 0.986641 1.030750 1.019920 1.053883 1.225297 1.096313 0.925253 0.712621 0.932058 1.126607 1.654355 
1.089197 0.563874 1.332348 1.605289 1.179681 1.113908 1.367424 1.180228 1.055785 1.124550 1.018280 1.064496 1.051580 1.088929 1.273938 1.129465 0.957638 0.736640 0.960321 1.169473 1.715605 
1.127635 0.578098 1.389082 1.665126 1.227840 1.155260 1.416667 1.220836 1.091826 1.159702 1.050121 1.098586 1.083379 1.124184 1.323422 1.162821 0.990336 0.760953 0.988852 1.212808 1.777571 
1.166410 0.592671 1.446812 1.725734 1.276881 1.197273 1.466675 1.261823 1.128339 1.195118 1.082158 1.133023 1.115314 1.159636 1.373751 1.196384 1.023336 0.785565 1.017662 1.256590 1.840238 
1.205504 0.607629 1.505519 1.787100 1.326798 1.239952 1.517455 1.303177 1.165328 1.230796 1.114384 1.167812 1.147377 1.195273 1.424924 1.230159 1.056631 0.810479 1.046765 1.300795 1.903585 
1.244898 0.623012 1.565182 1.849206 1.377588 1.283301 1.569013 1.344891 1.202797 1.266734 1.146795 1.202957 1.179564 1.231080 1.476941 1.264150 1.090212 0.835702 1.076174 1.345398 1.967593 
1.284572 0.638861 1.625779 1.912037 1.429245 1.327323 1.621353 1.386954 1.240749 1.302931 1.179383 1.238462 1.211871 1.267046 1.529800 1.298362 1.124068 0.861239 1.105903 1.390375 2.032242 
1.324505 0.655215 1.687286 1.975574 1.481764 1.372023 1.674483 1.429357 1.279189 1.339386 1.212141 1.274334 1.244291 1.303157 1.583502 1.332801 1.158191 0.887094 1.135968 1.435699 2.097512 
1.364677 0.672119 1.749680 2.039802 1.535138 1.417406 1.728407 1.472090 1.318121 1.376097 1.245063 1.310575 1.276820 1.339399 1.638045 1.367472 1.192570 0.913275 1.166383 1.481343 2.163381 
1.405065 0.689616 1.812934 2.104700 1.589361 1.463475 1.783133 1.515144 1.357549 1.413063 1.278142 1.347193 1.309454 1.375760 1.693427 1.402381 1.227196 0.939787 1.197164 1.527280 2.229827 
1.445648 0.707750 1.877023 2.170251 1.644427 1.510235 1.838666 1.558509 1.397476 1.450283 1.311371 1.384192 1.342187 1.412225 1.749648 1.437535 1.262058 0.966635 1.228328 1.573481 2.296828 
1.486401 0.726566 1.941918 2.236435 1.700327 1.557690 1.895011 1.602176 1.437908 1.487757 1.344743 1.421577 1.375014 1.448781 1.806706 1.472941 1.297144 0.993827 1.259890 1.619916 2.364360 
1.527302 0.746112 2.007591 2.303232 1.757053 1.605845 1.952176 1.646133 1.478848 1.525482 1.378251 1.459355 1.407932 1.485413 1.864598 1.508606 1.332446 1.021368 1.291870 1.666555 2.432400 
1.568327 0.766436 2.074011 2.370622 1.814598 1.654705 2.010164 1.690371 1.520302 1.563459 1.411888 1.497531 1.440936 1.522106 1.923323 1.544536 1.367950 1.049265 1.324283 1.713368 2.500922 
1.609450 0.787586 2.141148 2.438582 1.872953 1.704274 2.068983 1.734880 1.562272 1.601686 1.445646 1.536112 1.474020 1.558847 1.982878 1.580740 1.403646 1.077526 1.357150 1.760320 2.569902 
1.650645 0.809613 2.208968 2.507092 1.932108 1.754557 2.128638 1.779650 1.604764 1.640162 1.479518 1.575104 1.507182 1.595621 2.043261 1.617226 1.439522 1.106156 1.390488 1.807380 2.639314 
1.691888 0.832568 2.277439 2.576130 1.992053 1.805559 2.189136 1.824669 1.647782 1.678887 1.513496 1.614514 1.540416 1.632412 2.104469 1.654003 1.475566 1.135163 1.424317 1.854514 2.709131 
1.733150 0.856502 2.346526 2.645671 2.052778 1.857284 2.250481 1.869929 1.691331 1.717860 1.547573 1.654348 1.573719 1.669206 2.166499 1.691078 1.511765 1.164556 1.458658 1.901687 2.779326 
1.774405 0.881470 2.416192 2.715693 2.114273 1.909738 2.312680 1.915418 1.735415 1.757080 1.581741 1.694614 1.607086 1.705988 2.229348 1.728462 1.548109 1.194340 1.493530 1.948863 2.849871 
1.815624 0.907525 2.486402 2.786172 2.176526 1.962926 2.375738 1.961125 1.780039 1.796548 1.615992 1.735318 1.640514 1.742741 2.293011 1.766164 1.584582 1.224524 1.528955 1.996006 2.920738 
1.856780 0.934723 2.557116 2.857082 2.239526 2.016852 2.439661 2.007040 1.825208 1.836261 1.650317 1.776468 1.673999 1.779450 2.357487 1.804193 1.621173 1.255115 1.564955 2.043079 2.991897 
1.897841 0.963121 2.628296 2.928400 2.303261 2.071522 2.504456 2.053153 1.870926 1.876221 1.684710 1.818072 1.707536 1.816100 2.422770 1.842560 1.657869 1.286123 1.601551 2.090042 3.063320 
1.938780 0.992776 2.699902 3.000098 2.367717 2.126941 2.570127 2.099451 1.917199 1.916426 1.719161 1.860137 1.741123 1.852674 2.488856 1.881275 1.694655 1.317554 1.638766 2.136858 3.134975 
1.979565 1.023747 2.771891 3.072151 2.432883 2.183114 2.636681 2.145925 1.964031 1.956876 1.753662 1.902672 1.774755 1.889157 2.555742 1.920350 1.731518 1.349418 1.676623 2.183486 3.206831 
2.020165 1.056094 2.844221 3.144532 2.498744 2.240046 2.704123 2.192563 2.011427 1.997572 1.788205 1.945684 1.808429 1.925531 2.623422 1.959794 1.768445 1.381724 1.715147 2.229886 3.278857 
2.060548 1.089877 2.916848 3.217213 2.565287 2.297744 2.772459 2.239353 2.059392 2.038513 1.822781 1.989181 1.842142 1.961780 2.691892 1.999621 1.805419 1.414479 1.754361 2.276015 3.351020 
2.100682 1.125159 2.989728 3.290166 2.632497 2.356212 2.841695 2.286286 2.107931 2.079698 1.857382 2.033174 1.875890 1.997887 2.761147 2.039841 1.842428 1.447693 1.794289 2.321831 3.423288 
2.140534 1.162003 3.062813 3.363362 2.700359 2.415456 2.911836 2.333348 2.157050 2.121128 1.891999 2.077669 1.909670 2.033836 2.831182 2.080467 1.879457 1.481375 1.834959 2.367291 3.495626 
2.180070 1.200472 3.136057 3.436771 2.768858 2.475481 2.982889 2.380530 2.206754 2.162804 1.926622 2.122677 1.943479 2.069609 2.901991 2.121511 1.916489 1.515535 1.876394 2.412350 3.568001 
2.219255 1.240633 3.209412 3.510365 2.837978 2.536294 3.054858 2.427818 2.257047 2.204724 1.961244 2.168206 1.977313 2.105189 2.973568 2.162987 1.953510 1.550183 1.918622 2.456964 3.640377 
2.258056 1.282550 3.282827 3.584113 2.907702 2.597900 3.127750 2.475203 2.307935 2.246889 1.995854 2.214266 2.011171 2.140558 3.045909 2.204908 1.990505 1.585326 1.961670 2.501086 3.712719 
2.296436 1.326293 3.356252 3.657983 2.978015 2.660304 3.201570 2.522671 2.359423 2.289299 2.030443 2.260866 2.045048 2.175698 3.119006 2.247287 2.027457 1.620977 2.005565 2.544669 3.784990 
2.334360 1.371928 3.429635 3.731944 3.048898 2.723513 3.276324 2.570211 2.411517 2.331955 2.065003 2.308016 2.078941 2.210592 3.192853 2.290138 2.064350 1.657145 2.050334 2.587665 3.857154 
2.371790 1.419527 3.502923 3.805964 3.120335 2.787533 3.352018 2.617811 2.464223 2.374858 2.099524 2.355726 2.112849 2.245222 3.267444 2.333476 2.101168 1.693839 2.096007 2.630027 3.929173 
2.408689 1.469159 3.576062 3.880010 3.192307 2.852369 3.428656 2.665459 2.517545 2.418006 2.133996 2.404007 2.146769 2.279568 3.342772 2.377315 2.137894 1.731072 2.142613 2.671703 4.001009 
2.445018 1.520895 3.648997 3.954049 3.264794 2.918027 3.506246 2.713144 2.571490 2.461402 2.168409 2.452868 2.180698 2.313614 3.418830 2.421669 2.174511 1.768853 2.190180 2.712645 4.072623 
2.480741 1.574810 3.721671 4.028047 3.337780 2.984515 3.584792 2.760852 2.626062 2.505045 2.202755 2.502320 2.214633 2.347339 3.495611 2.466556 2.211003 1.807193 2.238740 2.752800 4.143976 
2.515816 1.630977 3.794026 4.101968 3.411242 3.051837 3.664300 2.808572 2.681268 2.548936 2.237022 2.552374 2.248572 2.380726 3.573107 2.511989 2.247352 1.846103 2.288323 2.792117 4.215027 
2.550204 1.689470 3.866003 4.175779 3.485163 3.120000 3.744775 2.856290 2.737114 2.593075 2.271201 2.603040 2.282513 2.413754 3.651311 2.557985 2.283539 1.885594 2.338959 2.830542 4.285735 
2.583865 1.750367 3.937544 4.249444 3.559520 3.189011 3.826224 2.903996 2.793605 2.637464 2.305282 2.654331 2.316454 2.446406 3.730216 2.604560 2.319548 1.925678 2.390681 2.868023 4.356059 
2.616757 1.813743 4.008586 4.322926 3.634294 3.258876 3.908651 2.951675 2.850746 2.682104 2.339255 2.706257 2.350392 2.478661 3.809812 2.651732 2.355360 1.966367 2.443521 2.904503 4.425958 
2.648839 1.879678 4.079067 4.396188 3.709463 3.329601 3.992063 2.999316 2.908545 2.726995 2.373109 2.758830 2.384326 2.510499 3.890092 2.699517 2.390956 2.007671 2.497512 2.939928 4.495388 
2.680067 1.948250 4.148925 4.469193 3.785005 3.401193 4.076465 3.046906 2.967006 2.772137 2.406834 2.812062 2.418253 2.541902 3.971046 2.747932 2.426318 2.049604 2.552686 2.974240 4.564306 
2.710400 2.019540 4.218094 4.541904 3.860897 3.473658 4.161862 3.094431 3.026137 2.817533 2.440419 2.865964 2.452171 2.572848 4.052668 2.796995 2.461427 2.092177 2.609078 3.007383 4.632667 
2.739794 2.093630 4.286508 4.614281 3.937117 3.547003 4.248260 3.141880 3.085942 2.863183 2.473854 2.920549 2.486080 2.603319 4.134946 2.846724 2.496263 2.135402 2.666723 3.039299 4.700428 
2.768203 2.170602 4.354102 4.686285 4.013641 3.621236 4.335664 3.189238 3.146429 2.909088 2.507128 2.975829 2.519977 2.633292 4.217873 2.897138 2.530808 2.179293 2.725654 3.069928 4.767542 
2.795583 2.250539 4.420807 4.757877 4.090447 3.696361 4.424081 3.236493 3.207603 2.955250 2.540230 3.031817 2.553860 2.662749 4.301439 2.948255 2.565041 2.223861 2.785908 3.099211 4.833964 
2.821889 2.333527 4.486554 4.829016 4.167509 3.772388 4.513515 3.283631 3.269470 3.001670 2.573149 3.088525 2.587728 2.691667 4.385634 3.000095 2.598942 2.269119 2.847520 3.127086 4.899648 
2.847074 2.419651 4.551272 4.899662 4.244802 3.849321 4.603972 3.330640 3.332037 3.048348 2.605875 3.145966 2.621580 2.720027 4.470449 3.052676 2.632491 2.315081 2.910526 3.153492 4.964545 
2.871092 2.508999 4.614891 4.969773 4.322303 3.927169 4.695458 3.377505 3.395310 3.095287 2.638395 3.204154 2.655414 2.747807 4.555873 3.106019 2.665667 2.361760 2.974965 3.178366 5.028608 
2.893895 2.601657 4.677337 5.039307 4.399985 4.005939 4.787977 3.424214 3.459297 3.142488 2.670698 3.263102 2.689230 2.774985 4.641896 3.160144 2.698451 2.409169 3.040873 3.201646 5.091789 
2.915435 2.697716 4.738537 5.108221 4.477821 4.085637 4.881536 3.470752 3.524002 3.189953 2.702774 3.322823 2.723025 2.801541 4.728508 3.215071 2.730820 2.457322 3.108288 3.223266 5.154037 
2.935663 2.797265 4.798416 5.176472 4.555787 4.166270 4.976140 3.517107 3.589432 3.237682 2.734610 3.383331 2.756799 2.827452 4.815698 3.270821 2.762753 2.506232 3.177250 3.243162 5.215304 
2.954530 2.900396 4.856899 5.244017 4.633853 4.247847 5.071794 3.563263 3.655595 3.285678 2.766196 3.444640 2.790550 2.852697 4.903454 3.327414 2.794229 2.555914 3.247797 3.261268 5.275539 
NaN NaN NaN NaN NaN NaN NaN NaN NaN NaN NaN NaN NaN NaN NaN NaN NaN NaN NaN NaN NaN 
NaN NaN NaN NaN NaN NaN NaN NaN NaN NaN NaN NaN NaN NaN NaN NaN NaN NaN NaN NaN NaN 
NaN NaN NaN NaN NaN NaN NaN NaN NaN NaN NaN NaN NaN NaN NaN NaN NaN NaN NaN NaN NaN 
NaN NaN NaN NaN NaN NaN NaN NaN NaN NaN NaN NaN NaN NaN NaN NaN NaN NaN NaN NaN NaN 
