-0.853043 -0.958521 -0.941255 -0.962762 -0.871792 -0.637031 -0.535696 -0.295198 -0.715792 -0.689425 -0.882886 -0.398061 -0.677701 -0.489353 -0.554183 -0.495691 -0.449648 -0.522827 -0.782068 -0.804725 -0.237031 -0.648586 -0.448994 -0.948224 -0.766251 -0.403257 -0.601728 -0.593115 
-0.863369 -0.949921 -0.941734 -0.971999 -0.870781 -0.632891 -0.553665 -0.314885 -0.719996 -0.689680 -0.867570 -0.436989 -0.679647 -0.498359 -0.560359 -0.504034 -0.456807 -0.546741 -0.792455 -0.799922 -0.267077 -0.657554 -0.471359 -0.937699 -0.763992 -0.393906 -0.600378 -0.596218 
-0.872170 -0.940980 -0.941510 -0.979866 -0.869074 -0.628835 -0.570075 -0.333433 -0.723353 -0.689360 -0.852319 -0.473509 -0.680789 -0.506434 -0.565846 -0.511518 -0.463446 -0.569057 -0.801649 -0.794998 -0.295283 -0.665700 -0.492276 -0.926927 -0.761256 -0.385131 -0.598770 -0.598715 
-0.879484 -0.931700 -0.940585 -0.986387 -0.866679 -0.624836 -0.584964 -0.350857 -0.725877 -0.688471 -0.837129 -0.507668 -0.681146 -0.513593 -0.570646 -0.518157 -0.469564 -0.589797 -0.809668 -0.789935 -0.321686 -0.673028 -0.511767 -0.915907 -0.758045 -0.376896 -0.596894 -0.600612 
-0.885348 -0.922080 -0.938960 -0.991587 -0.863607 -0.620868 -0.598365 -0.367168 -0.727580 -0.687018 -0.821994 -0.539510 -0.680737 -0.519856 -0.574766 -0.523963 -0.475155 -0.608984 -0.816529 -0.784716 -0.346323 -0.679539 -0.529850 -0.904641 -0.754362 -0.369167 -0.594744 -0.601915 
-0.889801 -0.912120 -0.936637 -0.995491 -0.859866 -0.616906 -0.610315 -0.382381 -0.728478 -0.685009 -0.806908 -0.569079 -0.679580 -0.525239 -0.578209 -0.528951 -0.480215 -0.626640 -0.822251 -0.779323 -0.369231 -0.685236 -0.546545 -0.893126 -0.750210 -0.361910 -0.592313 -0.602628 
-0.892877 -0.901822 -0.933618 -0.998120 -0.855465 -0.612925 -0.620848 -0.396507 -0.728583 -0.682448 -0.791867 -0.596418 -0.677693 -0.529759 -0.580978 -0.533132 -0.484742 -0.642787 -0.826851 -0.773738 -0.390446 -0.690122 -0.561873 -0.881364 -0.745590 -0.355091 -0.589594 -0.602757 
-0.894614 -0.891184 -0.929906 -0.999500 -0.850413 -0.608900 -0.629997 -0.409560 -0.727907 -0.679342 -0.776866 -0.621571 -0.675095 -0.533433 -0.583080 -0.536520 -0.488730 -0.657446 -0.830347 -0.767945 -0.410002 -0.694199 -0.575853 -0.869355 -0.740506 -0.348678 -0.586579 -0.602307 
-0.895047 -0.880209 -0.925503 -0.999652 -0.844719 -0.604807 -0.637797 -0.421553 -0.726465 -0.675696 -0.761898 -0.644581 -0.671802 -0.536278 -0.584517 -0.539128 -0.492177 -0.670639 -0.832756 -0.761928 -0.427937 -0.697470 -0.588504 -0.857097 -0.734960 -0.342639 -0.583262 -0.601284 
-0.894212 -0.868895 -0.920410 -0.998601 -0.838391 -0.600623 -0.644280 -0.432498 -0.724268 -0.671517 -0.746959 -0.665490 -0.667832 -0.538309 -0.585295 -0.540969 -0.495078 -0.682388 -0.834094 -0.755670 -0.444283 -0.699937 -0.599845 -0.844592 -0.728954 -0.336941 -0.579637 -0.599693 
-0.892142 -0.857244 -0.914629 -0.996368 -0.831438 -0.596325 -0.649480 -0.442408 -0.721329 -0.666810 -0.732044 -0.684339 -0.663201 -0.539545 -0.585418 -0.542054 -0.497431 -0.692713 -0.834380 -0.749156 -0.459077 -0.701603 -0.609895 -0.831838 -0.722491 -0.331554 -0.575696 -0.597539 
-0.888871 -0.845256 -0.908164 -0.992976 -0.823869 -0.591889 -0.653427 -0.451294 -0.717661 -0.661581 -0.717146 -0.701171 -0.657928 -0.539999 -0.584890 -0.542397 -0.499233 -0.701636 -0.833629 -0.742369 -0.472351 -0.702471 -0.618672 -0.818836 -0.715573 -0.326446 -0.571433 -0.594827 
-0.884435 -0.832931 -0.901016 -0.988447 -0.815691 -0.587294 -0.656155 -0.459170 -0.713276 -0.655835 -0.702262 -0.716026 -0.652027 -0.539689 -0.583715 -0.542010 -0.500479 -0.709177 -0.831859 -0.735295 -0.484140 -0.702544 -0.626196 -0.805585 -0.708202 -0.321587 -0.566843 -0.591563 
-0.878865 -0.820269 -0.893188 -0.982803 -0.806913 -0.582518 -0.657693 -0.466047 -0.708185 -0.649579 -0.687384 -0.728944 -0.645515 -0.538630 -0.581900 -0.540906 -0.501166 -0.715358 -0.829084 -0.727918 -0.494476 -0.701824 -0.632484 -0.792085 -0.700382 -0.316947 -0.561920 -0.587751 
-0.872195 -0.807271 -0.884682 -0.976065 -0.797544 -0.577539 -0.658074 -0.471938 -0.702402 -0.642818 -0.672509 -0.739966 -0.638407 -0.536836 -0.579447 -0.539096 -0.501293 -0.720198 -0.825322 -0.720224 -0.503392 -0.700314 -0.637555 -0.778336 -0.692113 -0.312498 -0.556656 -0.583397 
-0.864456 -0.793938 -0.875501 -0.968255 -0.787591 -0.572337 -0.657327 -0.476854 -0.695937 -0.635557 -0.657630 -0.749132 -0.630721 -0.534324 -0.576363 -0.536593 -0.500855 -0.723718 -0.820588 -0.712199 -0.510921 -0.698017 -0.641426 -0.764337 -0.683399 -0.308210 -0.551048 -0.578505 
-0.855680 -0.780270 -0.865648 -0.959395 -0.777062 -0.566890 -0.655481 -0.480807 -0.688802 -0.627802 -0.642741 -0.756480 -0.622470 -0.531109 -0.572651 -0.533408 -0.499849 -0.725938 -0.814899 -0.703829 -0.517095 -0.694935 -0.644115 -0.750088 -0.674242 -0.304055 -0.545088 -0.573081 
-0.845899 -0.766267 -0.855125 -0.949503 -0.765966 -0.561180 -0.652567 -0.483809 -0.681009 -0.619558 -0.627839 -0.762049 -0.613669 -0.527204 -0.568317 -0.529554 -0.498274 -0.726879 -0.808268 -0.695100 -0.521944 -0.691071 -0.645640 -0.735589 -0.664644 -0.300006 -0.538773 -0.567129 
-0.835143 -0.751929 -0.843935 -0.938602 -0.754309 -0.555187 -0.648613 -0.485871 -0.672568 -0.610831 -0.612916 -0.765878 -0.604335 -0.522626 -0.563365 -0.525042 -0.496126 -0.726559 -0.800712 -0.686000 -0.525501 -0.686429 -0.646019 -0.720839 -0.654608 -0.296034 -0.532096 -0.560654 
-0.823443 -0.737259 -0.832080 -0.926712 -0.742101 -0.548892 -0.643648 -0.487005 -0.663491 -0.601626 -0.597967 -0.768003 -0.594480 -0.517388 -0.557800 -0.519885 -0.493402 -0.724999 -0.792246 -0.676514 -0.527795 -0.681011 -0.645267 -0.705838 -0.644135 -0.292114 -0.525052 -0.553662 
-0.810828 -0.722254 -0.819564 -0.913852 -0.729347 -0.542275 -0.637699 -0.487222 -0.653789 -0.591948 -0.582988 -0.768463 -0.584119 -0.511503 -0.551627 -0.514093 -0.490101 -0.722217 -0.782884 -0.666630 -0.528857 -0.674819 -0.643403 -0.690585 -0.633228 -0.288220 -0.517636 -0.546157 
-0.797327 -0.706917 -0.806390 -0.900042 -0.716056 -0.535320 -0.630794 -0.486534 -0.643473 -0.581804 -0.567972 -0.767294 -0.573266 -0.504988 -0.544852 -0.507678 -0.486219 -0.718234 -0.772642 -0.656337 -0.528716 -0.667858 -0.640443 -0.675080 -0.621889 -0.284324 -0.509844 -0.538143 
-0.782970 -0.691248 -0.792559 -0.885302 -0.702236 -0.528008 -0.622959 -0.484951 -0.632553 -0.571197 -0.552913 -0.764533 -0.561935 -0.497854 -0.537478 -0.500651 -0.481755 -0.713068 -0.761533 -0.645621 -0.527403 -0.660129 -0.636403 -0.659323 -0.610120 -0.280403 -0.501671 -0.529626 
-0.767784 -0.675248 -0.778077 -0.869651 -0.687893 -0.520322 -0.614222 -0.482484 -0.621039 -0.560133 -0.537806 -0.760216 -0.550139 -0.490116 -0.529512 -0.493024 -0.476705 -0.706738 -0.749572 -0.634472 -0.524946 -0.651636 -0.631300 -0.643312 -0.597924 -0.276432 -0.493112 -0.520610 
-0.751798 -0.658916 -0.762945 -0.853107 -0.673035 -0.512246 -0.604608 -0.479145 -0.608941 -0.548618 -0.522646 -0.754377 -0.537891 -0.481787 -0.520959 -0.484809 -0.471069 -0.699263 -0.736774 -0.622878 -0.521374 -0.642382 -0.625151 -0.627047 -0.585302 -0.272386 -0.484163 -0.511100 
-0.735038 -0.642253 -0.747167 -0.835690 -0.657668 -0.503763 -0.594143 -0.474944 -0.596271 -0.536656 -0.507427 -0.747053 -0.525203 -0.472881 -0.511823 -0.476015 -0.464844 -0.690662 -0.723151 -0.610827 -0.516714 -0.632369 -0.617970 -0.610527 -0.572256 -0.268242 -0.474819 -0.501100 
-0.717531 -0.625261 -0.730747 -0.817419 -0.641801 -0.494857 -0.582852 -0.469892 -0.583037 -0.524253 -0.492142 -0.738278 -0.512089 -0.463409 -0.502110 -0.466654 -0.458027 -0.680952 -0.708717 -0.598311 -0.510995 -0.621601 -0.609775 -0.593752 -0.558790 -0.263976 -0.465077 -0.490616 
-0.699305 -0.607939 -0.713686 -0.798310 -0.625439 -0.485514 -0.570759 -0.464000 -0.569250 -0.511412 -0.476787 -0.728085 -0.498561 -0.453386 -0.491825 -0.456737 -0.450618 -0.670151 -0.693487 -0.585317 -0.504244 -0.610081 -0.600580 -0.576722 -0.544904 -0.259566 -0.454933 -0.479650 
-0.680384 -0.590288 -0.695990 -0.778382 -0.608590 -0.475718 -0.557889 -0.457277 -0.554918 -0.498141 -0.461355 -0.716509 -0.484630 -0.442823 -0.480974 -0.446274 -0.442614 -0.658279 -0.677473 -0.571835 -0.496488 -0.597812 -0.590401 -0.559435 -0.530601 -0.254990 -0.444383 -0.468209 
-0.660794 -0.572309 -0.677661 -0.757654 -0.591260 -0.465454 -0.544265 -0.449734 -0.540052 -0.484443 -0.445841 -0.703583 -0.470308 -0.431732 -0.469561 -0.435277 -0.434014 -0.645353 -0.660688 -0.557857 -0.487753 -0.584796 -0.579253 -0.541891 -0.515883 -0.250227 -0.433423 -0.456297 
-0.640559 -0.554003 -0.658702 -0.736141 -0.573456 -0.454709 -0.529911 -0.441381 -0.524661 -0.470323 -0.430239 -0.689339 -0.455607 -0.420127 -0.457593 -0.423755 -0.424816 -0.631390 -0.643145 -0.543373 -0.478065 -0.571038 -0.567152 -0.524089 -0.500752 -0.245254 -0.422049 -0.443917 
-0.619706 -0.535369 -0.639118 -0.713861 -0.555185 -0.443469 -0.514849 -0.432229 -0.508753 -0.455785 -0.414543 -0.673810 -0.440537 -0.408019 -0.445075 -0.411720 -0.415018 -0.616407 -0.624857 -0.528374 -0.467451 -0.556540 -0.554111 -0.506028 -0.485210 -0.240051 -0.410259 -0.431074 
-0.598256 -0.516410 -0.618912 -0.690832 -0.536452 -0.431722 -0.499101 -0.422288 -0.492338 -0.440836 -0.398748 -0.657028 -0.425110 -0.395419 -0.432011 -0.399181 -0.404620 -0.600423 -0.605837 -0.512850 -0.455934 -0.541305 -0.540146 -0.487707 -0.469258 -0.234599 -0.398050 -0.417774 
-0.576233 -0.497124 -0.598088 -0.667069 -0.517265 -0.419454 -0.482689 -0.411566 -0.475424 -0.425480 -0.382846 -0.639024 -0.409336 -0.382340 -0.418409 -0.386149 -0.393619 -0.583454 -0.586096 -0.496794 -0.443541 -0.525336 -0.525272 -0.469126 -0.452899 -0.228878 -0.385417 -0.404018 
-0.553661 -0.477514 -0.576650 -0.642589 -0.497629 -0.406654 -0.465635 -0.400074 -0.458020 -0.409720 -0.366834 -0.619829 -0.393226 -0.368792 -0.404273 -0.372633 -0.382016 -0.565517 -0.565646 -0.480197 -0.430295 -0.508638 -0.509502 -0.450284 -0.436135 -0.222868 -0.372359 -0.389814 
-0.530562 -0.457579 -0.554600 -0.617408 -0.477551 -0.393309 -0.447959 -0.387822 -0.440134 -0.393563 -0.350704 -0.599474 -0.376789 -0.354787 -0.389610 -0.358645 -0.369807 -0.546629 -0.544500 -0.463051 -0.416221 -0.491212 -0.492850 -0.431180 -0.418968 -0.216552 -0.358872 -0.375163 
-0.506958 -0.437321 -0.531944 -0.591542 -0.457037 -0.379409 -0.429682 -0.374819 -0.421775 -0.377011 -0.334450 -0.577988 -0.360035 -0.340335 -0.374424 -0.344193 -0.356994 -0.526807 -0.522669 -0.445350 -0.401341 -0.473063 -0.475331 -0.411813 -0.401399 -0.209910 -0.344954 -0.360071 
-0.482870 -0.416740 -0.508685 -0.565006 -0.436092 -0.364943 -0.410823 -0.361075 -0.402950 -0.360071 -0.318068 -0.555401 -0.342973 -0.325448 -0.358722 -0.329288 -0.343574 -0.506066 -0.500165 -0.427086 -0.385680 -0.454193 -0.456958 -0.392182 -0.383431 -0.202926 -0.330603 -0.344542 
-0.458319 -0.395836 -0.484828 -0.537816 -0.414722 -0.349901 -0.391402 -0.346598 -0.383668 -0.342747 -0.301550 -0.531742 -0.325613 -0.310136 -0.342509 -0.313940 -0.329546 -0.484424 -0.476998 -0.408252 -0.369260 -0.434605 -0.437745 -0.372286 -0.365064 -0.195582 -0.315815 -0.328579 
-0.433326 -0.374612 -0.460375 -0.509986 -0.392934 -0.334272 -0.371437 -0.331398 -0.363936 -0.325042 -0.284891 -0.507041 -0.307964 -0.294408 -0.325791 -0.298157 -0.314911 -0.461895 -0.453180 -0.388841 -0.352103 -0.414304 -0.417704 -0.352123 -0.346302 -0.187862 -0.300590 -0.312187 
-0.407910 -0.353066 -0.435333 -0.481532 -0.370733 -0.318047 -0.350948 -0.315485 -0.343762 -0.306962 -0.268085 -0.481325 -0.290034 -0.278276 -0.308575 -0.281950 -0.299667 -0.438497 -0.428722 -0.368848 -0.334231 -0.393293 -0.396850 -0.331694 -0.327145 -0.179750 -0.284925 -0.295371 
-0.382092 -0.331201 -0.409704 -0.452468 -0.348124 -0.301218 -0.329952 -0.298866 -0.323153 -0.288511 -0.251125 -0.454621 -0.271832 -0.261749 -0.290866 -0.265328 -0.283814 -0.414244 -0.403634 -0.348267 -0.315665 -0.371574 -0.375195 -0.310997 -0.307597 -0.171230 -0.268818 -0.278132 
-0.355890 -0.309016 -0.383493 -0.422808 -0.325113 -0.283776 -0.308467 -0.281551 -0.302116 -0.269693 -0.234006 -0.426958 -0.253365 -0.244837 -0.272670 -0.248300 -0.267351 -0.389153 -0.377927 -0.327092 -0.296428 -0.349151 -0.352751 -0.290031 -0.287657 -0.162288 -0.252267 -0.260477 
-0.329322 -0.286513 -0.356704 -0.392566 -0.301705 -0.265713 -0.286510 -0.263548 -0.280659 -0.250512 -0.216722 -0.398362 -0.234641 -0.227549 -0.253993 -0.230875 -0.250278 -0.363237 -0.351612 -0.305318 -0.276538 -0.326028 -0.329531 -0.268794 -0.267329 -0.152908 -0.235272 -0.242408 
-0.302407 -0.263692 -0.329342 -0.361756 -0.277906 -0.247022 -0.264096 -0.244867 -0.258789 -0.230973 -0.199265 -0.368859 -0.215669 -0.209895 -0.234842 -0.213063 -0.232595 -0.336514 -0.324697 -0.282940 -0.256017 -0.302208 -0.305548 -0.247287 -0.246613 -0.143077 -0.217830 -0.223930 
-0.275162 -0.240555 -0.301412 -0.330391 -0.253721 -0.227694 -0.241244 -0.225515 -0.236511 -0.211080 -0.181632 -0.338476 -0.196454 -0.191884 -0.215222 -0.194873 -0.214301 -0.308997 -0.297193 -0.259953 -0.234885 -0.277694 -0.280814 -0.225506 -0.225512 -0.132782 -0.199940 -0.205046 
-0.247605 -0.217102 -0.272917 -0.298484 -0.229154 -0.207725 -0.217967 -0.205501 -0.213833 -0.190837 -0.163814 -0.307238 -0.177005 -0.173524 -0.195139 -0.176312 -0.195397 -0.280702 -0.269110 -0.236354 -0.213160 -0.252490 -0.255340 -0.203452 -0.204027 -0.122008 -0.181601 -0.185760 
-0.219751 -0.193333 -0.243863 -0.266049 -0.204212 -0.187107 -0.194282 -0.184833 -0.190762 -0.170247 -0.145806 -0.275169 -0.157327 -0.154825 -0.174601 -0.157391 -0.175882 -0.251642 -0.240457 -0.212138 -0.190862 -0.226600 -0.229139 -0.181123 -0.182160 -0.110745 -0.162812 -0.166076 
-0.191617 -0.169250 -0.214254 -0.233097 -0.178897 -0.165835 -0.170202 -0.163520 -0.167302 -0.149316 -0.127601 -0.242295 -0.137427 -0.135794 -0.153612 -0.138118 -0.155757 -0.221833 -0.211243 -0.187302 -0.168010 -0.200027 -0.202222 -0.158518 -0.159912 -0.098980 -0.143573 -0.145998 
-0.163219 -0.144854 -0.184094 -0.199642 -0.153217 -0.143903 -0.145742 -0.141569 -0.143461 -0.128048 -0.109194 -0.208640 -0.117311 -0.116441 -0.132180 -0.118500 -0.135021 -0.191289 -0.181477 -0.161843 -0.144620 -0.172775 -0.174601 -0.135636 -0.137285 -0.086701 -0.123882 -0.125529 
-0.134571 -0.120145 -0.153390 -0.165695 -0.127174 -0.121308 -0.120916 -0.118988 -0.119244 -0.106445 -0.090579 -0.174227 -0.096986 -0.096772 -0.110311 -0.098548 -0.113675 -0.160023 -0.151169 -0.135757 -0.120712 -0.144846 -0.146285 -0.112474 -0.114281 -0.073898 -0.103740 -0.104672 
-0.105689 -0.095125 -0.122145 -0.131269 -0.100774 -0.098044 -0.095738 -0.095785 -0.094658 -0.084512 -0.071748 -0.139080 -0.076456 -0.076797 -0.088012 -0.078269 -0.091720 -0.128050 -0.120326 -0.109042 -0.096303 -0.116245 -0.117288 -0.089033 -0.090902 -0.060559 -0.083146 -0.083432 
-0.076586 -0.069794 -0.090364 -0.096374 -0.074021 -0.074108 -0.070219 -0.071968 -0.069707 -0.062253 -0.052695 -0.103221 -0.055726 -0.056522 -0.065288 -0.057672 -0.069155 -0.095383 -0.088958 -0.081696 -0.071409 -0.086976 -0.087619 -0.065310 -0.067148 -0.046677 -0.062099 -0.061812 
-0.047276 -0.044153 -0.058053 -0.061023 -0.046920 -0.049496 -0.044372 -0.047545 -0.044397 -0.039672 -0.033415 -0.066672 -0.034803 -0.035955 -0.042146 -0.036764 -0.045982 -0.062037 -0.057072 -0.053717 -0.046047 -0.057042 -0.057289 -0.041305 -0.043021 -0.032239 -0.040599 -0.039815 
-0.017771 -0.018202 -0.025216 -0.025226 -0.019475 -0.024205 -0.018209 -0.022522 -0.018733 -0.016773 -0.013901 -0.029456 -0.013690 -0.015104 -0.018594 -0.015553 -0.022200 -0.028023 -0.024677 -0.025103 -0.020233 -0.026446 -0.026308 -0.017015 -0.018523 -0.017239 -0.018647 -0.017445 
0.011914 0.008056 0.008141 0.011006 0.008310 0.001767 0.008259 0.003092 0.007280 0.006441 0.005854 0.008406 0.007608 0.006025 0.005364 0.005951 0.002189 0.006643 0.008219 0.004147 0.006018 0.004808 0.005313 0.007560 0.006344 -0.001668 0.003756 0.005295 
0.041768 0.034621 0.042013 0.047662 0.036431 0.028422 0.035020 0.029292 0.033636 0.029966 0.025856 0.046893 0.029087 0.027424 0.029719 0.027743 0.027184 0.041951 0.041610 0.034034 0.032689 0.036715 0.037564 0.032423 0.031580 0.014483 0.026612 0.028400 
0.071780 0.061492 0.076395 0.084733 0.064884 0.055762 0.062065 0.056068 0.060332 0.053799 0.046111 0.085986 0.050743 0.049088 0.054465 0.049813 0.052784 0.077886 0.075487 0.064559 0.059767 0.069273 0.070436 0.057574 0.057182 0.031221 0.049919 0.051869 
0.101938 0.088668 0.111282 0.122207 0.093665 0.083787 0.089383 0.083415 0.087362 0.077935 0.066626 0.125663 0.072572 0.071009 0.079595 0.072154 0.078989 0.114436 0.109844 0.095722 0.087237 0.102477 0.103918 0.083015 0.083150 0.048552 0.073677 0.075698 
0.132232 0.116149 0.146667 0.160076 0.122769 0.112499 0.116966 0.111326 0.114722 0.102372 0.087407 0.165905 0.094571 0.093182 0.105103 0.094759 0.105798 0.151589 0.144672 0.127523 0.115085 0.136324 0.138002 0.108748 0.109482 0.066483 0.097884 0.099883 
0.162650 0.143933 0.182547 0.198330 0.152194 0.141898 0.144803 0.139794 0.142408 0.127105 0.108461 0.206693 0.116738 0.115600 0.130981 0.117620 0.133209 0.189332 0.179966 0.159961 0.143297 0.170809 0.172678 0.134774 0.136176 0.085020 0.122540 0.124421 
0.193185 0.172018 0.218914 0.236959 0.181936 0.171983 0.172886 0.168812 0.170415 0.152131 0.129794 0.248008 0.139068 0.138258 0.157223 0.140730 0.161220 0.227653 0.215719 0.193037 0.171861 0.205930 0.207936 0.161095 0.163232 0.104168 0.147643 0.149309 
0.223825 0.200405 0.255765 0.275955 0.211991 0.202753 0.201208 0.198373 0.198741 0.177448 0.151413 0.289833 0.161561 0.161149 0.183822 0.164081 0.189831 0.266540 0.251924 0.226750 0.200763 0.241682 0.243769 0.187712 0.190648 0.123931 0.173193 0.174544 
0.254564 0.229092 0.293092 0.315308 0.242356 0.234208 0.229761 0.228472 0.227381 0.203050 0.173325 0.332149 0.184213 0.184270 0.210771 0.187667 0.219040 0.305982 0.288575 0.261097 0.229991 0.278061 0.280168 0.214628 0.218422 0.144315 0.199188 0.200123 
0.285391 0.258079 0.330890 0.355012 0.273027 0.266346 0.258537 0.259101 0.256331 0.228936 0.195536 0.374940 0.207023 0.207613 0.238062 0.211481 0.248846 0.345967 0.325666 0.296077 0.259533 0.315064 0.317123 0.241843 0.246553 0.165323 0.225627 0.226043 
0.316300 0.287363 0.369154 0.395056 0.304002 0.299164 0.287531 0.290256 0.285589 0.255102 0.218052 0.418187 0.229989 0.231175 0.265689 0.235515 0.279246 0.386483 0.363191 0.331689 0.289379 0.352686 0.354627 0.269360 0.275040 0.186958 0.252507 0.252300 
0.347283 0.316944 0.407878 0.435434 0.335276 0.332661 0.316735 0.321928 0.315151 0.281544 0.240880 0.461875 0.253109 0.254950 0.293645 0.259764 0.310239 0.427520 0.401145 0.367930 0.319516 0.390924 0.392671 0.297180 0.303882 0.209223 0.279826 0.278892 
0.378334 0.346821 0.447056 0.476138 0.366848 0.366833 0.346144 0.354114 0.345014 0.308259 0.264027 0.505989 0.276383 0.278933 0.321922 0.284219 0.341824 0.469065 0.439522 0.404797 0.349934 0.429773 0.431248 0.325305 0.333077 0.232121 0.307584 0.305815 
0.409446 0.376992 0.486681 0.517160 0.398714 0.401676 0.375754 0.386806 0.375174 0.335245 0.287500 0.550512 0.299810 0.303122 0.350512 0.308874 0.373997 0.511109 0.478317 0.442289 0.380623 0.469231 0.470349 0.353737 0.362625 0.255653 0.335777 0.333068 
0.440613 0.407457 0.526748 0.558493 0.430871 0.437187 0.405558 0.419999 0.405630 0.362498 0.311305 0.595429 0.323389 0.327510 0.379410 0.333724 0.406758 0.553641 0.517524 0.480400 0.411572 0.509291 0.509968 0.382477 0.392524 0.279820 0.364403 0.360646 
0.471831 0.438215 0.567250 0.600131 0.463316 0.473361 0.435554 0.453688 0.436379 0.390015 0.335450 0.640726 0.347120 0.352095 0.408606 0.358762 0.440103 0.596650 0.557140 0.519129 0.442774 0.549952 0.550097 0.411529 0.422772 0.304623 0.393461 0.388548 
0.503093 0.469264 0.608182 0.642066 0.496048 0.510193 0.465736 0.487867 0.467418 0.417792 0.359940 0.686389 0.371003 0.376873 0.438095 0.383980 0.474032 0.640126 0.597159 0.558470 0.474218 0.591208 0.590729 0.440892 0.453370 0.330062 0.422946 0.416770 
0.534396 0.500604 0.649538 0.684293 0.529062 0.547679 0.496103 0.522530 0.498745 0.445828 0.384782 0.732404 0.395038 0.401839 0.467869 0.409374 0.508540 0.684058 0.637577 0.598420 0.505897 0.633055 0.631856 0.470570 0.484315 0.356138 0.452857 0.445309 
0.565736 0.532232 0.691310 0.726805 0.562358 0.585811 0.526650 0.557672 0.530358 0.474119 0.409984 0.778758 0.419226 0.426991 0.497919 0.434937 0.543627 0.728437 0.678389 0.638975 0.537801 0.675490 0.673473 0.500563 0.515606 0.382848 0.483191 0.474164 
0.597110 0.564149 0.733493 0.769596 0.595932 0.624585 0.557376 0.593288 0.562255 0.502663 0.435552 0.825438 0.443567 0.452325 0.528239 0.460663 0.579289 0.773253 0.719593 0.680129 0.569924 0.718508 0.715572 0.530875 0.547243 0.410193 0.513944 0.503331 
0.628514 0.596352 0.776080 0.812662 0.629783 0.663993 0.588278 0.629373 0.594435 0.531455 0.461494 0.872432 0.468064 0.477838 0.558821 0.486547 0.615525 0.818496 0.761183 0.721877 0.602257 0.762105 0.758147 0.561508 0.579225 0.438170 0.545113 0.532807 
0.659947 0.628840 0.819065 0.855996 0.663907 0.704028 0.619356 0.665923 0.626896 0.560495 0.487815 0.919728 0.492717 0.503528 0.589657 0.512581 0.652330 0.864158 0.803156 0.764214 0.634795 0.806277 0.801192 0.592462 0.611549 0.466776 0.576695 0.562590 
0.691406 0.661613 0.862441 0.899594 0.698304 0.744682 0.650608 0.702931 0.659635 0.589778 0.514523 0.967314 0.517527 0.529392 0.620740 0.538762 0.689703 0.910227 0.845509 0.807134 0.667530 0.851020 0.844701 0.623740 0.644216 0.496010 0.608687 0.592678 
0.722890 0.694669 0.906202 0.943451 0.732970 0.785948 0.682033 0.740394 0.692654 0.619302 0.541624 1.015180 0.542498 0.555427 0.652061 0.565083 0.727640 0.956696 0.888238 0.850631 0.700456 0.896329 0.888668 0.655345 0.677224 0.525867 0.641084 0.623068 
0.754398 0.728007 0.950340 0.987562 0.767905 0.827817 0.713633 0.778306 0.725949 0.649065 0.569127 1.063316 0.567631 0.581632 0.683614 0.591539 0.766139 1.003556 0.931341 0.894698 0.733569 0.942201 0.933088 0.687278 0.710573 0.556345 0.673883 0.653758 
0.785929 0.761626 0.994849 1.031924 0.803106 0.870279 0.745406 0.816665 0.759521 0.679064 0.597037 1.111710 0.592928 0.608005 0.715390 0.618124 0.805196 1.050798 0.974815 0.939329 0.766861 0.988630 0.977954 0.719542 0.744260 0.587437 0.707081 0.684744 
0.817484 0.795524 1.039723 1.076532 0.838572 0.913326 0.777355 0.855464 0.793368 0.709296 0.625361 1.160355 0.618393 0.634543 0.747382 0.644833 0.844809 1.098413 1.018657 0.984516 0.800330 1.035614 1.023263 0.752138 0.778286 0.619141 0.740672 0.716025 
0.849063 0.829699 1.084955 1.121382 0.874301 0.956947 0.809480 0.894699 0.827490 0.739759 0.654108 1.209240 0.644028 0.661245 0.779581 0.671661 0.884974 1.146393 1.062864 1.030252 0.833970 1.083147 1.069008 0.785069 0.812650 0.651449 0.774653 0.747599 
0.880667 0.864152 1.130536 1.166471 0.910292 1.001132 0.841783 0.934368 0.861887 0.770451 0.683283 1.258356 0.669838 0.688111 0.811980 0.698604 0.925688 1.194729 1.107435 1.076529 0.867778 1.131225 1.115185 0.818337 0.847350 0.684357 0.809019 0.779462 
0.912298 0.898880 1.176462 1.211796 0.946543 1.045871 0.874267 0.974465 0.896558 0.801368 0.712893 1.307697 0.695825 0.715138 0.844570 0.725655 0.966946 1.243415 1.152367 1.123340 0.901749 1.179843 1.161789 0.851944 0.882386 0.717858 0.843766 0.811614 
0.943958 0.933883 1.222723 1.257354 0.983053 1.091151 0.906934 1.014986 0.931503 0.832509 0.742947 1.357253 0.721993 0.742326 0.877344 0.752811 1.008747 1.292441 1.197658 1.170675 0.935881 1.228998 1.208816 0.885893 0.917756 0.751945 0.878889 0.844051 
0.975648 0.969158 1.269314 1.303142 1.019821 1.136961 0.939788 1.055929 0.966723 0.863871 0.773450 1.407018 0.748347 0.769673 0.910293 0.780066 1.051086 1.341801 1.243308 1.218527 0.970171 1.278685 1.256262 0.920186 0.953461 0.786611 0.914383 0.876771 
1.007373 1.004705 1.316228 1.349159 1.056845 1.183290 0.972833 1.097288 1.002217 0.895452 0.804411 1.456984 0.774892 0.797181 0.943409 0.807416 1.093959 1.391486 1.289314 1.266885 1.004616 1.328900 1.304122 0.954825 0.989499 0.821847 0.950243 0.909772 
1.039135 1.040522 1.363455 1.395401 1.094126 1.230123 1.006072 1.139061 1.037986 0.927249 0.835836 1.507146 0.801631 0.824848 0.976685 0.834857 1.137362 1.441490 1.335675 1.315741 1.039216 1.379638 1.352393 0.989812 1.025869 0.857646 0.986464 0.943053 
1.070939 1.076608 1.410991 1.441867 1.131661 1.277449 1.039511 1.181245 1.074032 0.959262 0.867732 1.557498 0.828570 0.852673 1.010111 0.862384 1.181293 1.491805 1.382391 1.365085 1.073967 1.430894 1.401071 1.025150 1.062570 0.893998 1.023042 0.976610 
1.102788 1.112961 1.458827 1.488555 1.169450 1.325253 1.073155 1.223835 1.110353 0.991486 0.900107 1.608034 0.855715 0.880658 1.043680 0.889992 1.225746 1.542425 1.429459 1.414907 1.108870 1.482665 1.450152 1.060841 1.099603 0.930894 1.059969 1.010443 
1.134689 1.149581 1.506955 1.535464 1.207492 1.373522 1.107009 1.266828 1.146952 1.023921 0.932967 1.658748 0.883070 0.908802 1.077383 0.917677 1.270718 1.593342 1.476881 1.465197 1.143924 1.534945 1.499633 1.096888 1.136965 0.968325 1.097241 1.044548 
1.166645 1.186465 1.555368 1.582593 1.245787 1.422240 1.141079 1.310222 1.183830 1.056563 0.966321 1.709637 0.910642 0.937106 1.111211 0.945436 1.316204 1.644550 1.524655 1.515943 1.179127 1.587730 1.549511 1.133293 1.174657 1.006278 1.134852 1.078925 
1.198664 1.223612 1.604059 1.629941 1.284334 1.471394 1.175372 1.354014 1.220987 1.089412 1.000175 1.760697 0.938437 0.965571 1.145157 0.973265 1.362200 1.696043 1.572781 1.567135 1.214482 1.641016 1.599784 1.170059 1.212677 1.044744 1.172797 1.113571 
1.230752 1.261021 1.653020 1.677508 1.323133 1.520966 1.209895 1.398199 1.258425 1.122465 1.034536 1.811923 0.966461 0.994198 1.179212 1.001158 1.408702 1.747814 1.621259 1.618761 1.249987 1.694798 1.650447 1.207188 1.251026 1.083712 1.211068 1.148484 
1.262914 1.298691 1.702244 1.725292 1.362183 1.570943 1.244656 1.442777 1.296147 1.155720 1.069413 1.863312 0.994721 1.022986 1.213366 1.029114 1.455706 1.799858 1.670090 1.670811 1.285644 1.749071 1.701499 1.244682 1.289702 1.123168 1.249660 1.183662 
1.295160 1.336619 1.751721 1.773295 1.401485 1.621306 1.279662 1.487744 1.334153 1.189176 1.104812 1.914862 1.023224 1.051939 1.247613 1.057127 1.503206 1.852168 1.719273 1.723271 1.321455 1.803831 1.752938 1.282545 1.328704 1.163101 1.288567 1.219104 
1.327496 1.374805 1.801446 1.821516 1.441037 1.672040 1.314923 1.533097 1.372445 1.222830 1.140740 1.966571 1.051977 1.081058 1.281943 1.085195 1.551198 1.904739 1.768809 1.776130 1.357422 1.859073 1.804761 1.320778 1.368033 1.203497 1.327782 1.254808 
1.359931 1.413248 1.851408 1.869957 1.480841 1.723127 1.350446 1.578834 1.411026 1.256681 1.177206 2.018437 1.080988 1.110343 1.316347 1.113314 1.599678 1.957565 1.818699 1.829376 1.393546 1.914793 1.856966 1.359385 1.407687 1.244344 1.367298 1.290772 
1.392474 1.451944 1.901602 1.918617 1.520896 1.774550 1.386242 1.624953 1.449898 1.290726 1.214216 2.070457 1.110265 1.139797 1.350816 1.141480 1.648640 2.010641 1.868945 1.882994 1.429831 1.970985 1.909552 1.398368 1.447667 1.285626 1.407109 1.326994 
1.425135 1.490894 1.952018 1.967497 1.561202 1.826290 1.422320 1.671452 1.489064 1.324965 1.251777 2.122632 1.139815 1.169423 1.385343 1.169690 1.698079 2.063962 1.919546 1.936972 1.466279 2.027645 1.962517 1.437730 1.487970 1.327330 1.447207 1.363474 
1.457922 1.530095 2.002649 2.016600 1.601759 1.878328 1.458691 1.718328 1.528525 1.359395 1.289899 2.174961 1.169648 1.199222 1.419917 1.197942 1.747992 2.117523 1.970505 1.991296 1.502894 2.084768 2.015859 1.477473 1.528598 1.369440 1.487587 1.400208 
1.490846 1.569547 2.053487 2.065926 1.642569 1.930645 1.495366 1.765580 1.568285 1.394016 1.328587 2.227443 1.199771 1.229197 1.454531 1.226231 1.798371 2.171319 2.021824 2.045952 1.539680 2.142350 2.069578 1.517600 1.569549 1.411941 1.528239 1.437197 
1.523918 1.609246 2.104522 2.115477 1.683631 1.983223 1.532355 1.813205 1.608347 1.428825 1.367849 2.280080 1.230194 1.259351 1.489175 1.254556 1.849213 2.225345 2.073503 2.100927 1.576642 2.200386 2.123672 1.558114 1.610823 1.454817 1.569158 1.474437 
1.557150 1.649193 2.155748 2.165256 1.724946 2.036040 1.569672 1.861203 1.648713 1.463820 1.407693 2.332872 1.260925 1.289687 1.523840 1.282912 1.900512 2.279597 2.125545 2.156205 1.613783 2.258870 2.178141 1.599018 1.652419 1.498051 1.610336 1.511929 
1.590553 1.689385 2.207155 2.215264 1.766514 2.089076 1.607327 1.909570 1.689388 1.499001 1.448127 2.385821 1.291975 1.320207 1.558517 1.311299 1.952263 2.334071 2.177952 2.211772 1.651110 2.317799 2.232983 1.640314 1.694337 1.541627 1.651764 1.549669 
1.624139 1.729821 2.258735 2.265505 1.808337 2.142311 1.645333 1.958307 1.730374 1.534366 1.489157 2.438928 1.323353 1.350916 1.593198 1.339712 2.004459 2.388762 2.230727 2.267612 1.688628 2.377166 2.288199 1.682006 1.736577 1.585525 1.693435 1.587657 
1.657921 1.770499 2.310480 2.315981 1.850414 2.195723 1.683705 2.007410 1.771675 1.569914 1.530793 2.492195 1.355069 1.381816 1.627873 1.368149 2.057096 2.443667 2.283871 2.323710 1.726343 2.436968 2.343789 1.724096 1.779138 1.629729 1.735341 1.625892 
1.691912 1.811418 2.362381 2.366696 1.892748 2.249290 1.722455 2.056880 1.813295 1.605642 1.573040 2.545626 1.387134 1.412912 1.662532 1.396608 2.110168 2.498782 2.337389 2.380050 1.764261 2.497200 2.399751 1.766587 1.822020 1.674220 1.777475 1.664372 
1.726126 1.852576 2.414429 2.417652 1.935339 2.302989 1.761598 2.106714 1.855238 1.641551 1.615907 2.599223 1.419557 1.444207 1.697167 1.425087 2.163669 2.554103 2.391282 2.436616 1.802389 2.557856 2.456087 1.809482 1.865222 1.718978 1.819826 1.703096 
1.760578 1.893971 2.466616 2.468853 1.978189 2.356799 1.801148 2.156913 1.897508 1.677639 1.659402 2.652991 1.452351 1.475706 1.731769 1.453582 2.217593 2.609627 2.445555 2.493392 1.840734 2.618931 2.512797 1.852784 1.908744 1.763985 1.862389 1.742063 
1.795281 1.935602 2.518933 2.520304 2.021298 2.410695 1.841121 2.207474 1.940109 1.713903 1.703532 2.706932 1.485525 1.507412 1.766328 1.482093 2.271935 2.665351 2.500209 2.550359 1.879305 2.680421 2.569881 1.896496 1.952586 1.809219 1.905153 1.781271 
1.830252 1.977467 2.571371 2.572008 2.064668 2.464654 1.881532 2.258397 1.983045 1.750344 1.748305 2.761053 1.519093 1.539331 1.800834 1.510617 2.326687 2.721272 2.555250 2.607503 1.918109 2.742321 2.627341 1.940621 1.996748 1.854661 1.948110 1.820720 
1.865505 2.019564 2.623922 2.623970 2.108300 2.518652 1.922397 2.309682 2.026322 1.786961 1.793729 2.815357 1.553064 1.571468 1.835279 1.539152 2.381845 2.777387 2.610681 2.664804 1.957155 2.804625 2.685176 1.985162 2.041228 1.900288 1.991251 1.860408 
1.901057 2.061893 2.676576 2.676195 2.152195 2.572664 1.963732 2.361327 2.069944 1.823751 1.839811 2.869850 1.587452 1.603826 1.869653 1.567697 2.437401 2.833693 2.666505 2.722245 1.996452 2.867329 2.743388 2.030122 2.086028 1.946080 2.034567 1.900333 
1.936924 2.104450 2.729325 2.728687 2.196357 2.626665 2.005555 2.413333 2.113915 1.860715 1.886559 2.924538 1.622268 1.636412 1.903947 1.596249 2.493350 2.890188 2.722727 2.779808 2.036009 2.930427 2.801978 2.075504 2.131147 1.992014 2.078049 1.940496 
1.973124 2.147235 2.782159 2.781452 2.240785 2.680629 2.047883 2.465698 2.158242 1.897850 1.933981 2.979428 1.657525 1.669231 1.938150 1.624807 2.549685 2.946869 2.779352 2.837475 2.075835 2.993914 2.860949 2.121312 2.176584 2.038068 2.121688 1.980895 
2.009675 2.190245 2.835069 2.834495 2.285482 2.734532 2.090734 2.518423 2.202929 1.935157 1.982085 3.034526 1.693236 1.702289 1.972254 1.653369 2.606399 3.003734 2.836384 2.895227 2.115942 3.057786 2.920300 2.167548 2.222339 2.084218 2.165474 2.021530 
2.046593 2.233480 2.888046 2.887822 2.330450 2.788345 2.134126 2.571507 2.247982 1.972634 2.030879 3.089839 1.729414 1.735590 2.006248 1.681935 2.663487 3.060782 2.893827 2.953044 2.156339 3.122037 2.980036 2.214215 2.268412 2.130440 2.209397 2.062398 
2.083899 2.276936 2.941081 2.941440 2.375691 2.842042 2.178078 2.624951 2.293407 2.010281 2.080370 3.145376 1.766073 1.769141 2.040123 1.710502 2.720941 3.118011 2.951687 3.010908 2.197038 3.186662 3.040156 2.261317 2.314804 2.176711 2.253449 2.103500 
2.121611 2.320614 2.994164 2.995353 2.421208 2.895596 2.222610 2.678754 2.339208 2.048096 2.130567 3.201144 1.803225 1.802949 2.073869 1.739070 2.778754 3.175418 3.009969 3.068798 2.238050 3.251655 3.100665 2.308857 2.361513 2.223005 2.297618 2.144834 
2.159748 2.364510 3.047287 3.049570 2.467001 2.948979 2.267742 2.732917 2.385393 2.086079 2.181478 3.257152 1.840886 1.837020 2.107477 1.767638 2.836920 3.233004 3.068678 3.126694 2.279388 3.317012 3.161564 2.356839 2.408540 2.269298 2.341895 2.186400 
2.198331 2.408622 3.100439 3.104096 2.513073 3.002162 2.313493 2.787440 2.431966 2.124230 2.233110 3.313409 1.879069 1.871360 2.140937 1.796204 2.895431 3.290765 3.127820 3.184577 2.321062 3.382728 3.222855 2.405264 2.455885 2.315563 2.386270 2.228197 
2.237381 2.452950 3.153611 3.158939 2.559428 3.055117 2.359884 2.842324 2.478936 2.162546 2.285471 3.369925 1.917788 1.905976 2.174238 1.824768 2.954282 3.348702 3.187401 3.242425 2.363086 3.448797 3.284543 2.454138 2.503547 2.361775 2.430732 2.270224 
2.276917 2.497492 3.206793 3.214106 2.606067 3.107815 2.406938 2.897568 2.526307 2.201029 2.338569 3.426710 1.957059 1.940875 2.207371 1.853329 3.013463 3.406813 3.247426 3.300217 2.405474 3.515213 3.346629 2.503463 2.551527 2.407906 2.475271 2.312480 
2.316963 2.542245 3.259976 3.269605 2.652993 3.160226 2.454674 2.953173 2.574087 2.239677 2.392413 3.483773 1.996896 1.976065 2.240326 1.881885 3.072969 3.465098 3.307903 3.357932 2.448238 3.581972 3.409117 2.553242 2.599824 2.453930 2.519876 2.354966 
2.357539 2.587207 3.313151 3.325443 2.700209 3.212319 2.503117 3.009142 2.622282 2.278490 2.447010 3.541127 2.037316 2.011552 2.273093 1.910438 3.132791 3.523557 3.368836 3.415549 2.491392 3.649068 3.472011 2.603479 2.648439 2.499818 2.564537 2.397679 
2.398669 2.632378 3.366307 3.381629 2.747717 3.264065 2.552287 3.065473 2.670899 2.317467 2.502369 3.598782 2.078332 2.047345 2.305661 1.938985 3.192923 3.582188 3.430234 3.473045 2.534952 3.716497 3.535313 2.654178 2.697371 2.545542 2.609242 2.440621 
2.440375 2.677755 3.419434 3.438171 2.795520 3.315431 2.602209 3.122169 2.719946 2.356608 2.558497 3.656750 2.119963 2.083451 2.338022 1.967528 3.253356 3.640992 3.492102 3.530397 2.578931 3.784251 3.599029 2.705341 2.746621 2.591074 2.653980 2.483789 
2.482681 2.723335 3.472523 3.495077 2.843622 3.366387 2.652906 3.179229 2.769429 2.395913 2.615403 3.715043 2.162222 2.119879 2.370163 1.996065 3.314084 3.699968 3.554448 3.587585 2.623345 3.852327 3.663161 2.756972 2.796189 2.636383 2.698740 2.527185 
2.525610 2.769119 3.525563 3.552357 2.892025 3.416901 2.704402 3.236657 2.819356 2.435380 2.673095 3.773675 2.205128 2.156636 2.402076 2.024596 3.375098 3.759118 3.617278 3.644583 2.668209 3.920719 3.727714 2.809076 2.846075 2.681441 2.743511 2.570806 
2.569188 2.815102 3.578545 3.610020 2.940732 3.466940 2.756722 3.294452 2.869735 2.475011 2.731580 3.832658 2.248696 2.193730 2.433750 2.053122 3.436391 3.818440 3.680601 3.701369 2.713540 3.989421 3.792693 2.861654 2.896278 2.726217 2.788281 2.614654 
2.613439 2.861284 3.631458 3.668075 2.989748 3.516471 2.809890 3.352617 2.920574 2.514804 2.790868 3.892006 2.292944 2.231172 2.465174 2.081642 3.497955 3.877937 3.744424 3.757920 2.759353 4.058427 3.858101 2.914711 2.946799 2.770680 2.833039 2.658727 
2.658388 2.907663 3.684293 3.726532 3.039075 3.565460 2.863932 3.411152 2.971880 2.554759 2.850967 3.951733 2.337889 2.268969 2.496339 2.110156 3.559781 3.937608 3.808754 3.814211 2.805667 4.127733 3.923944 2.968251 2.997638 2.814799 2.877772 2.703025 
2.704062 2.954237 3.737039 3.785401 3.088716 3.613875 2.918875 3.470061 3.023661 2.594877 2.911884 4.011854 2.383549 2.307130 2.527234 2.138665 3.621862 3.997454 3.873600 3.870219 2.852497 4.197333 3.990227 3.022277 3.048796 2.858542 2.922469 2.747548 
2.750487 3.001003 3.789686 3.844692 3.138675 3.661681 2.974744 3.529343 3.075926 2.635157 2.973627 4.072383 2.429941 2.345665 2.557848 2.167170 3.684189 4.057477 3.938970 3.925918 2.899863 4.267222 4.056955 3.076792 3.100272 2.901876 2.967118 2.792295 
2.797690 3.047960 3.842223 3.904415 3.188957 3.708843 3.031567 3.589002 3.128684 2.675599 3.036206 4.133336 2.477084 2.384583 2.588172 2.195670 3.746755 4.117678 4.004872 3.981283 2.947781 4.337393 4.124133 3.131800 3.152066 2.944768 3.011705 2.837267 
2.845698 3.095106 3.894640 3.964582 3.239564 3.755325 3.089370 3.649039 3.181942 2.716202 3.099629 4.194730 2.524995 2.423894 2.618193 2.224166 3.809551 4.178058 4.071315 4.036290 2.996271 4.407841 4.191767 3.187306 3.204180 2.987186 3.056220 2.882463 
2.894540 3.142439 3.946926 4.025203 3.290501 3.801093 3.148182 3.709457 3.235710 2.756968 3.163903 4.256579 2.573694 2.463608 2.647903 2.252659 3.872567 4.238619 4.138308 4.090913 3.045350 4.478561 4.259862 3.243312 3.256612 3.029096 3.100648 2.927884 
2.944242 3.189956 3.999072 4.086290 3.341771 3.846109 3.208031 3.770257 3.289996 2.797896 3.229037 4.318902 2.623200 2.503735 2.677289 2.281150 3.935797 4.299363 4.205859 4.145126 3.095040 4.549547 4.328425 3.299823 3.309364 3.070462 3.144979 2.973528 
2.994835 3.237657 4.051065 4.147853 3.393378 3.890338 3.268946 3.831442 3.344810 2.838986 3.295040 4.381716 2.673531 2.544284 2.706342 2.309639 3.999231 4.360291 4.273979 4.198902 3.145359 4.620794 4.397461 3.356842 3.362436 3.111250 3.189197 3.019397 
3.046348 3.285539 4.102897 4.209906 3.445327 3.933743 3.330956 3.893015 3.400161 2.880238 3.361919 4.445037 2.724708 2.585267 2.735051 2.338128 4.062860 4.421405 4.342675 4.252216 3.196328 4.692295 4.466977 3.414372 3.415828 3.151424 3.233291 3.065489 
3.098810 3.333599 4.154555 4.272459 3.497622 3.976285 3.394091 3.954978 3.456059 2.921653 3.429684 4.508885 2.776750 2.626695 2.763405 2.366617 4.126676 4.482709 4.411958 4.305039 3.247967 4.764045 4.536979 3.472419 3.469540 3.190949 3.277248 3.111806 
3.152252 3.381836 4.206030 4.335526 3.550268 4.017927 3.458381 4.017334 3.512512 2.963230 3.498343 4.573277 2.829676 2.668577 2.791393 2.395108 4.190669 4.544205 4.481838 4.357346 3.300297 4.836039 4.607474 3.530986 3.523572 3.229789 3.321054 3.158346 
3.206705 3.430248 4.257309 4.399119 3.603268 4.058631 3.523856 4.080085 3.569532 3.004970 3.567903 4.638234 2.883509 2.710925 2.819004 2.423602 4.254831 4.605895 4.552325 4.409109 3.353340 4.908270 4.678469 3.590076 3.577926 3.267905 3.364695 3.205111 
3.262199 3.478833 4.308383 4.463251 3.656627 4.098357 3.590549 4.143235 3.627127 3.046874 3.638375 4.703775 2.938267 2.753751 2.846228 2.452101 4.319153 4.667782 4.623428 4.460299 3.407117 4.980733 4.749971 3.649693 3.632601 3.305261 3.408158 3.252100 
3.318767 3.527588 4.359241 4.527934 3.710350 4.137067 3.658490 4.206786 3.685307 3.088942 3.709766 4.769919 2.993973 2.797066 2.873052 2.480606 4.383625 4.729869 4.695159 4.510889 3.461652 5.053423 4.821987 3.709842 3.687598 3.341819 3.451429 3.299314 
3.376442 3.576512 4.409870 4.593183 3.764441 4.174721 3.727712 4.270743 3.744084 3.131174 3.782084 4.836687 3.050646 2.840882 2.899467 2.509118 4.448238 4.792159 4.767528 4.560851 3.516966 5.126332 4.894525 3.770526 3.742917 3.377540 3.494495 3.346752 
3.435254 3.625603 4.460261 4.659010 3.818906 4.211277 3.798247 4.335107 3.803468 3.173570 3.855339 4.904100 3.108310 2.885210 2.925462 2.537640 4.512982 4.854656 4.840545 4.610154 3.573082 5.199456 4.967592 3.831750 3.798559 3.412386 3.537341 3.394416 
3.495239 3.674858 4.510401 4.725430 3.873749 4.246696 3.870128 4.399883 3.863469 3.216132 3.929539 4.972179 3.166984 2.930063 2.951024 2.566172 4.577849 4.917364 4.914222 4.658771 3.630025 5.272789 5.041196 3.893517 3.854524 3.446316 3.579952 3.442305 
