NaN NaN NaN NaN NaN NaN NaN NaN NaN NaN NaN NaN NaN NaN NaN NaN NaN NaN NaN NaN NaN NaN NaN NaN NaN NaN NaN NaN 
NaN NaN NaN NaN NaN NaN NaN NaN NaN NaN NaN NaN NaN NaN NaN NaN NaN NaN NaN NaN NaN NaN NaN NaN NaN NaN NaN NaN 
NaN NaN NaN NaN NaN NaN NaN NaN NaN NaN NaN NaN NaN NaN NaN NaN NaN NaN NaN NaN NaN NaN NaN NaN NaN NaN NaN NaN 
NaN NaN NaN NaN NaN NaN NaN NaN NaN NaN NaN NaN NaN NaN NaN NaN NaN NaN NaN NaN NaN NaN NaN NaN NaN NaN NaN NaN 
NaN NaN NaN NaN NaN NaN NaN NaN NaN NaN NaN NaN NaN NaN NaN NaN NaN NaN NaN NaN NaN NaN NaN NaN NaN NaN NaN NaN 
-0.868061 -0.903930 -0.920583 -0.972236 -0.846672 -0.608720 -0.499722 -0.212113 -0.743268 -0.673561 -0.805733 -0.529310 -0.667395 -0.509748 -0.563580 -0.513778 -0.465943 -0.597296 -0.800628 -0.769336 -0.339817 -0.666334 -0.519695 -0.886809 -0.739564 -0.361901 -0.583101 -0.590157 
-0.871971 -0.893802 -0.917920 -0.975596 -0.842637 -0.604649 -0.506291 -0.231012 -0.735206 -0.671299 -0.790649 -0.557937 -0.665945 -0.514767 -0.566703 -0.518414 -0.470721 -0.614284 -0.805860 -0.763779 -0.362021 -0.671636 -0.535785 -0.875171 -0.735188 -0.354731 -0.580498 -0.590599 
-0.874521 -0.883336 -0.914563 -0.977694 -0.837945 -0.600549 -0.512028 -0.248759 -0.726916 -0.668489 -0.775607 -0.584356 -0.663773 -0.518931 -0.569156 -0.522250 -0.474964 -0.629774 -0.809977 -0.758024 -0.382548 -0.676128 -0.550516 -0.863284 -0.730346 -0.347985 -0.577604 -0.590460 
-0.875748 -0.872531 -0.910514 -0.978552 -0.832607 -0.596395 -0.516944 -0.265369 -0.718393 -0.665137 -0.760601 -0.608607 -0.660897 -0.522257 -0.570943 -0.525299 -0.478667 -0.643786 -0.812998 -0.752053 -0.401434 -0.679812 -0.563908 -0.851150 -0.725041 -0.341630 -0.574411 -0.589745 
-0.875686 -0.861388 -0.905774 -0.978193 -0.826630 -0.592163 -0.521051 -0.280857 -0.709633 -0.661248 -0.745627 -0.630735 -0.657334 -0.524761 -0.572069 -0.527574 -0.481827 -0.656342 -0.814940 -0.745852 -0.418713 -0.682692 -0.575980 -0.838768 -0.719274 -0.335635 -0.570914 -0.588459 
-0.874371 -0.849907 -0.900346 -0.976641 -0.820024 -0.587830 -0.524358 -0.295236 -0.700633 -0.656828 -0.730678 -0.650781 -0.653101 -0.526459 -0.572537 -0.529088 -0.484441 -0.667463 -0.815819 -0.739403 -0.434420 -0.684769 -0.586750 -0.826138 -0.713049 -0.329969 -0.567105 -0.586607 
-0.871836 -0.838089 -0.894233 -0.973918 -0.812797 -0.583373 -0.526876 -0.308522 -0.691389 -0.651883 -0.715750 -0.668786 -0.648215 -0.527367 -0.572352 -0.529852 -0.486505 -0.677171 -0.815653 -0.732690 -0.448589 -0.686047 -0.596238 -0.813259 -0.706368 -0.324599 -0.562978 -0.584194 
-0.868116 -0.825934 -0.887436 -0.970045 -0.804956 -0.578770 -0.528616 -0.320728 -0.681897 -0.646418 -0.700838 -0.684792 -0.642692 -0.527502 -0.571519 -0.529879 -0.488016 -0.685486 -0.814457 -0.725699 -0.461254 -0.686529 -0.604463 -0.800131 -0.699233 -0.319495 -0.558528 -0.581227 
-0.863245 -0.813442 -0.879958 -0.965046 -0.796512 -0.573998 -0.529588 -0.331868 -0.672154 -0.640440 -0.685935 -0.698840 -0.636550 -0.526879 -0.570043 -0.529183 -0.488970 -0.692429 -0.812249 -0.718415 -0.472448 -0.686216 -0.611441 -0.786755 -0.691647 -0.314628 -0.553747 -0.577709 
-0.857255 -0.800614 -0.871801 -0.958941 -0.787471 -0.569036 -0.529802 -0.341956 -0.662155 -0.633953 -0.671037 -0.710970 -0.629803 -0.525514 -0.567928 -0.527774 -0.489365 -0.698021 -0.809045 -0.710822 -0.482205 -0.685112 -0.617193 -0.773129 -0.683612 -0.309967 -0.548631 -0.573646 
-0.850178 -0.787450 -0.862968 -0.951752 -0.777842 -0.563863 -0.529269 -0.351005 -0.651897 -0.626964 -0.656138 -0.721221 -0.622468 -0.523422 -0.565178 -0.525666 -0.489197 -0.702282 -0.804860 -0.702906 -0.490556 -0.683219 -0.621735 -0.759253 -0.675130 -0.305485 -0.543172 -0.569043 
-0.842046 -0.773951 -0.853461 -0.943500 -0.767632 -0.558458 -0.527997 -0.359030 -0.641378 -0.619478 -0.641232 -0.729633 -0.614560 -0.520618 -0.561799 -0.522870 -0.488464 -0.705233 -0.799711 -0.694654 -0.497534 -0.680541 -0.625086 -0.745128 -0.666204 -0.301151 -0.537366 -0.563905 
-0.832892 -0.760117 -0.843284 -0.934207 -0.756851 -0.552801 -0.525997 -0.366044 -0.630592 -0.611500 -0.626314 -0.736246 -0.606094 -0.517117 -0.557796 -0.519398 -0.487163 -0.706893 -0.793612 -0.686050 -0.503170 -0.677079 -0.627263 -0.730753 -0.656835 -0.296939 -0.531207 -0.558236 
-0.822745 -0.745949 -0.832438 -0.923892 -0.745506 -0.546872 -0.523278 -0.372059 -0.619537 -0.603036 -0.611380 -0.741096 -0.597084 -0.512933 -0.553172 -0.515262 -0.485290 -0.707282 -0.786579 -0.677083 -0.507496 -0.672838 -0.628284 -0.716126 -0.647027 -0.292821 -0.524690 -0.552043 
-0.811637 -0.731447 -0.820927 -0.912577 -0.733604 -0.540653 -0.519851 -0.377089 -0.608209 -0.594092 -0.596422 -0.744224 -0.587547 -0.508082 -0.547933 -0.510474 -0.482844 -0.706420 -0.778628 -0.667739 -0.510543 -0.667819 -0.628165 -0.701249 -0.636781 -0.288769 -0.517809 -0.545329 
-0.799598 -0.716611 -0.808753 -0.900281 -0.721153 -0.534123 -0.515725 -0.381146 -0.596606 -0.584672 -0.581435 -0.745665 -0.577495 -0.502577 -0.542084 -0.505045 -0.479822 -0.704326 -0.769773 -0.658004 -0.512341 -0.662026 -0.626925 -0.686120 -0.626100 -0.284758 -0.510560 -0.538099 
-0.786656 -0.701443 -0.795920 -0.887025 -0.708161 -0.527266 -0.510908 -0.384244 -0.584723 -0.574782 -0.566415 -0.745457 -0.566943 -0.496433 -0.535630 -0.498987 -0.476221 -0.701021 -0.760030 -0.647867 -0.512921 -0.655461 -0.624579 -0.670739 -0.614986 -0.280761 -0.502937 -0.530359 
-0.772841 -0.685942 -0.782430 -0.872827 -0.694634 -0.520063 -0.505410 -0.386394 -0.572558 -0.564427 -0.551355 -0.743637 -0.555905 -0.489663 -0.528576 -0.492312 -0.472039 -0.696522 -0.749412 -0.637315 -0.512311 -0.648128 -0.621145 -0.655106 -0.603441 -0.276753 -0.494936 -0.522112 
-0.758181 -0.670109 -0.768286 -0.857708 -0.680582 -0.512496 -0.499241 -0.387610 -0.560107 -0.553612 -0.536250 -0.740240 -0.544394 -0.482281 -0.520927 -0.485030 -0.467273 -0.690849 -0.737933 -0.626336 -0.510541 -0.640029 -0.616639 -0.639219 -0.591467 -0.272709 -0.486552 -0.513364 
-0.742705 -0.653945 -0.753491 -0.841686 -0.666010 -0.504549 -0.492409 -0.387903 -0.547368 -0.542343 -0.521094 -0.735303 -0.532424 -0.474301 -0.512688 -0.477153 -0.461922 -0.684021 -0.725609 -0.614920 -0.507640 -0.631167 -0.611078 -0.623078 -0.579066 -0.268605 -0.477780 -0.504120 
-0.726441 -0.637450 -0.738050 -0.824780 -0.650926 -0.496205 -0.484923 -0.387285 -0.534336 -0.530625 -0.505881 -0.728861 -0.520007 -0.465735 -0.503864 -0.468692 -0.455983 -0.676057 -0.712454 -0.603054 -0.503635 -0.621545 -0.604476 -0.606684 -0.566241 -0.264416 -0.468618 -0.494383 
-0.709414 -0.620625 -0.721963 -0.807009 -0.635337 -0.487449 -0.476792 -0.385769 -0.521010 -0.518462 -0.490606 -0.720949 -0.507156 -0.456597 -0.494461 -0.459659 -0.449455 -0.666974 -0.698480 -0.590729 -0.498556 -0.611167 -0.596851 -0.590034 -0.552993 -0.260120 -0.459059 -0.484159 
-0.691652 -0.603470 -0.705236 -0.788391 -0.619250 -0.478264 -0.468025 -0.383366 -0.507386 -0.505860 -0.475264 -0.711600 -0.493883 -0.446901 -0.484483 -0.450063 -0.442334 -0.656791 -0.683701 -0.577932 -0.492430 -0.600036 -0.588218 -0.573129 -0.539325 -0.255692 -0.449100 -0.473452 
-0.673180 -0.585986 -0.687872 -0.768944 -0.602671 -0.468635 -0.458630 -0.380088 -0.493461 -0.492824 -0.459847 -0.700850 -0.480200 -0.436657 -0.473936 -0.439916 -0.434621 -0.645527 -0.668132 -0.564655 -0.485283 -0.588153 -0.578592 -0.555967 -0.525239 -0.251112 -0.438738 -0.462267 
-0.654025 -0.568174 -0.669873 -0.748686 -0.585608 -0.458548 -0.448615 -0.375945 -0.479232 -0.479359 -0.444351 -0.688731 -0.466120 -0.425879 -0.462826 -0.429228 -0.426312 -0.633198 -0.651784 -0.550887 -0.477142 -0.575523 -0.567989 -0.538549 -0.510737 -0.246357 -0.427969 -0.450608 
-0.634211 -0.550034 -0.651243 -0.727634 -0.568068 -0.447989 -0.437988 -0.370951 -0.464697 -0.465469 -0.428770 -0.675276 -0.451653 -0.414580 -0.451157 -0.418011 -0.417407 -0.619824 -0.634671 -0.536619 -0.468034 -0.562149 -0.556424 -0.520872 -0.495820 -0.241405 -0.416789 -0.438479 
-0.613764 -0.531567 -0.631986 -0.705805 -0.550056 -0.436944 -0.426759 -0.365114 -0.449853 -0.451160 -0.413098 -0.660518 -0.436812 -0.402771 -0.438936 -0.406274 -0.407903 -0.605420 -0.616806 -0.521842 -0.457985 -0.548033 -0.543912 -0.502938 -0.480491 -0.236236 -0.405194 -0.425886 
-0.592707 -0.512773 -0.612106 -0.683218 -0.531580 -0.425399 -0.414935 -0.358447 -0.434696 -0.436436 -0.397328 -0.644489 -0.421607 -0.390463 -0.426167 -0.394028 -0.397800 -0.590006 -0.598201 -0.506546 -0.447020 -0.533179 -0.530468 -0.484744 -0.464752 -0.230829 -0.393182 -0.412831 
-0.571063 -0.493653 -0.591606 -0.659887 -0.512645 -0.413342 -0.402523 -0.350961 -0.419225 -0.421302 -0.381457 -0.627221 -0.406048 -0.377669 -0.412857 -0.381283 -0.387096 -0.573597 -0.578869 -0.490723 -0.435163 -0.517590 -0.516106 -0.466290 -0.448605 -0.225165 -0.380748 -0.399320 
-0.548857 -0.474207 -0.570490 -0.635831 -0.493258 -0.400760 -0.389532 -0.342665 -0.403437 -0.405762 -0.365476 -0.608744 -0.390146 -0.364401 -0.399011 -0.368049 -0.375789 -0.556212 -0.558822 -0.474364 -0.422441 -0.501270 -0.500840 -0.447575 -0.432051 -0.219224 -0.367892 -0.385357 
-0.526110 -0.454438 -0.548761 -0.611064 -0.473426 -0.387642 -0.375970 -0.333570 -0.387329 -0.389822 -0.349381 -0.589090 -0.373912 -0.350668 -0.384634 -0.354337 -0.363879 -0.537866 -0.538071 -0.457463 -0.408876 -0.484221 -0.484685 -0.428598 -0.415093 -0.212988 -0.354608 -0.370946 
-0.502845 -0.434344 -0.526424 -0.585603 -0.453153 -0.373976 -0.361843 -0.323688 -0.370898 -0.373486 -0.333166 -0.568288 -0.357355 -0.336483 -0.369732 -0.340157 -0.351364 -0.518577 -0.516629 -0.440010 -0.394492 -0.466446 -0.467655 -0.409359 -0.397732 -0.206438 -0.340896 -0.356092 
-0.479084 -0.413927 -0.503483 -0.559464 -0.432447 -0.359751 -0.347160 -0.313026 -0.354143 -0.356759 -0.316824 -0.546369 -0.340484 -0.321856 -0.354311 -0.325518 -0.338243 -0.498361 -0.494506 -0.421999 -0.379314 -0.447949 -0.449764 -0.389856 -0.379971 -0.199555 -0.326752 -0.340797 
-0.454847 -0.393188 -0.479941 -0.532661 -0.411313 -0.344956 -0.331928 -0.301597 -0.337060 -0.339644 -0.300350 -0.523362 -0.323309 -0.306798 -0.338377 -0.310430 -0.324516 -0.477233 -0.471715 -0.403424 -0.363363 -0.428734 -0.431024 -0.370088 -0.361811 -0.192324 -0.312174 -0.325068 
-0.430156 -0.372127 -0.455802 -0.505211 -0.389757 -0.329582 -0.316153 -0.289409 -0.319647 -0.322148 -0.283737 -0.499296 -0.305840 -0.291319 -0.321935 -0.294902 -0.310182 -0.455212 -0.448267 -0.384276 -0.346663 -0.408803 -0.411450 -0.350055 -0.343254 -0.184727 -0.297159 -0.308907 
-0.405030 -0.350744 -0.431072 -0.477128 -0.367785 -0.313619 -0.299844 -0.276473 -0.301903 -0.304273 -0.266980 -0.474199 -0.288084 -0.275429 -0.304992 -0.278945 -0.295240 -0.432311 -0.424172 -0.364550 -0.329235 -0.388160 -0.391055 -0.329755 -0.324302 -0.176748 -0.281706 -0.292318 
-0.379490 -0.329042 -0.405753 -0.448426 -0.345402 -0.297057 -0.283007 -0.262797 -0.283824 -0.286025 -0.250073 -0.448099 -0.270051 -0.259139 -0.287553 -0.262568 -0.279690 -0.408548 -0.399441 -0.344241 -0.311101 -0.366808 -0.369851 -0.309188 -0.304956 -0.168371 -0.265813 -0.275307 
-0.353555 -0.307020 -0.379850 -0.419120 -0.322614 -0.279889 -0.265648 -0.248392 -0.265409 -0.267407 -0.233010 -0.421024 -0.251748 -0.242458 -0.269625 -0.245780 -0.263530 -0.383938 -0.374085 -0.323341 -0.292283 -0.344751 -0.347852 -0.288351 -0.285219 -0.159581 -0.249478 -0.257876 
-0.327243 -0.284679 -0.353368 -0.389225 -0.299426 -0.262105 -0.247776 -0.233266 -0.246656 -0.248425 -0.215783 -0.393001 -0.233183 -0.225396 -0.251213 -0.228590 -0.246761 -0.358495 -0.348115 -0.301846 -0.272801 -0.321992 -0.325070 -0.267246 -0.265092 -0.150363 -0.232699 -0.240029 
-0.300573 -0.262021 -0.326311 -0.358753 -0.275843 -0.243699 -0.229395 -0.217428 -0.227561 -0.229082 -0.198388 -0.364056 -0.214364 -0.207961 -0.232323 -0.211008 -0.229382 -0.332236 -0.321539 -0.279751 -0.252676 -0.298534 -0.301518 -0.245869 -0.244576 -0.140703 -0.215474 -0.221771 
-0.273562 -0.239045 -0.298682 -0.327718 -0.251871 -0.224662 -0.210514 -0.200888 -0.208124 -0.209382 -0.180819 -0.334216 -0.195299 -0.190165 -0.212962 -0.193042 -0.211393 -0.305176 -0.294369 -0.257051 -0.231928 -0.274381 -0.277207 -0.224220 -0.223675 -0.130586 -0.197804 -0.203105 
-0.246228 -0.215753 -0.270488 -0.296135 -0.227516 -0.204988 -0.191138 -0.183653 -0.188342 -0.189330 -0.163068 -0.303507 -0.175994 -0.172014 -0.193135 -0.174702 -0.192794 -0.277328 -0.266613 -0.233742 -0.210576 -0.249537 -0.252151 -0.202298 -0.202388 -0.120001 -0.179685 -0.184035 
-0.218588 -0.192145 -0.241732 -0.264015 -0.202781 -0.184670 -0.171273 -0.165733 -0.168213 -0.168931 -0.145130 -0.271953 -0.156457 -0.153519 -0.172850 -0.155996 -0.173584 -0.248709 -0.238283 -0.209820 -0.188640 -0.224004 -0.226360 -0.180102 -0.180719 -0.108934 -0.161118 -0.164565 
-0.190658 -0.168223 -0.212419 -0.231371 -0.177671 -0.163703 -0.150926 -0.147136 -0.147735 -0.148187 -0.126999 -0.239579 -0.136693 -0.134688 -0.152112 -0.136933 -0.153765 -0.219332 -0.209386 -0.185280 -0.166138 -0.197786 -0.199847 -0.157630 -0.158668 -0.097373 -0.142101 -0.144699 
-0.162453 -0.143987 -0.182554 -0.198217 -0.152193 -0.142082 -0.130103 -0.127870 -0.126907 -0.127103 -0.108669 -0.206410 -0.116709 -0.115528 -0.130927 -0.117522 -0.133335 -0.189212 -0.179932 -0.160120 -0.143089 -0.170888 -0.172623 -0.134881 -0.136237 -0.085306 -0.122634 -0.124439 
-0.133989 -0.119438 -0.152142 -0.164564 -0.126350 -0.119800 -0.108809 -0.107944 -0.105726 -0.105683 -0.090132 -0.172470 -0.096511 -0.096049 -0.109302 -0.097771 -0.112296 -0.158363 -0.149930 -0.134337 -0.119511 -0.143311 -0.144699 -0.111854 -0.113428 -0.072722 -0.102716 -0.103791 
-0.105282 -0.094577 -0.121186 -0.130424 -0.100147 -0.096854 -0.087051 -0.087364 -0.084191 -0.083931 -0.071384 -0.137782 -0.076105 -0.076258 -0.087244 -0.077689 -0.090647 -0.126799 -0.119389 -0.107927 -0.095420 -0.115061 -0.116086 -0.088547 -0.090242 -0.059611 -0.082346 -0.082757 
-0.076345 -0.069405 -0.089693 -0.095810 -0.073588 -0.073239 -0.064834 -0.066140 -0.062301 -0.061850 -0.052417 -0.102368 -0.055496 -0.056163 -0.064758 -0.057283 -0.068388 -0.094533 -0.088317 -0.080888 -0.070835 -0.086141 -0.086796 -0.064959 -0.066682 -0.045962 -0.061525 -0.061341 
-0.047191 -0.043922 -0.057667 -0.060732 -0.046678 -0.048952 -0.042164 -0.044278 -0.040052 -0.039446 -0.033225 -0.066253 -0.034689 -0.035772 -0.041852 -0.036563 -0.045522 -0.061581 -0.056722 -0.053218 -0.045772 -0.056553 -0.056838 -0.041090 -0.042748 -0.031765 -0.040251 -0.039546 
-0.017836 -0.018131 -0.025114 -0.025201 -0.019422 -0.023990 -0.019047 -0.021786 -0.017445 -0.016721 -0.013802 -0.029457 -0.013689 -0.015092 -0.018531 -0.015536 -0.022047 -0.027954 -0.024614 -0.024916 -0.020248 -0.026303 -0.026224 -0.016936 -0.018441 -0.017012 -0.018527 -0.017377 
0.011709 0.007970 0.007962 0.010771 0.008176 0.001650 0.004514 0.001329 0.005523 0.006321 0.005858 0.007997 0.007499 0.005871 0.005197 0.005790 0.002035 0.006334 0.008001 0.004021 0.005723 0.004607 0.005036 0.007502 0.006235 -0.001694 0.003650 0.005165 
0.041431 0.034378 0.041556 0.047173 0.036113 0.027971 0.028511 0.025059 0.028854 0.029676 0.025762 0.046089 0.028872 0.027108 0.029327 0.027407 0.026723 0.041270 0.041115 0.033593 0.032124 0.036172 0.036932 0.032227 0.031281 0.014198 0.026278 0.028074 
0.071319 0.061092 0.075662 0.083996 0.064384 0.054973 0.052941 0.049398 0.052548 0.053341 0.045916 0.084798 0.050424 0.048613 0.053850 0.049307 0.052017 0.076840 0.074719 0.063801 0.058940 0.068390 0.069455 0.057240 0.056694 0.030671 0.049357 0.051348 
0.101360 0.088112 0.110275 0.121229 0.092985 0.082659 0.077798 0.074338 0.076607 0.077311 0.066327 0.124104 0.072153 0.070381 0.078761 0.071482 0.077916 0.113032 0.108808 0.094645 0.086157 0.101256 0.102594 0.082542 0.082474 0.047732 0.072886 0.074984 
0.131544 0.115436 0.145389 0.158862 0.121913 0.111030 0.103077 0.099874 0.101033 0.101583 0.087001 0.163986 0.094054 0.092403 0.104053 0.093925 0.104418 0.149834 0.143372 0.126126 0.113761 0.134766 0.136339 0.108135 0.108618 0.065387 0.096865 0.098977 
0.161860 0.143064 0.181000 0.196886 0.151163 0.140085 0.128773 0.125999 0.125827 0.126154 0.107945 0.204425 0.116126 0.114675 0.129719 0.116629 0.131523 0.187233 0.178407 0.158245 0.141738 0.168917 0.170682 0.134021 0.135126 0.083643 0.121292 0.123326 
0.192299 0.170995 0.217101 0.235291 0.180732 0.169825 0.154882 0.152706 0.150990 0.151020 0.129164 0.245404 0.138364 0.137190 0.155751 0.139585 0.159228 0.225217 0.213904 0.190999 0.170074 0.203705 0.205614 0.160201 0.161995 0.102506 0.146167 0.148027 
0.222850 0.199227 0.253688 0.274068 0.210617 0.200248 0.181400 0.179989 0.176522 0.176178 0.150667 0.286902 0.160766 0.159942 0.182144 0.162787 0.187534 0.263774 0.249857 0.224388 0.198756 0.239126 0.241124 0.186677 0.189226 0.121980 0.171489 0.173076 
0.253505 0.227760 0.290754 0.313208 0.240813 0.231356 0.208322 0.207842 0.202427 0.201624 0.172458 0.328902 0.183330 0.182927 0.208889 0.186228 0.216438 0.302892 0.286261 0.258412 0.227773 0.275176 0.277206 0.213450 0.216815 0.142070 0.197255 0.198470 
0.284256 0.256593 0.328294 0.352704 0.271318 0.263144 0.235643 0.236260 0.228704 0.227355 0.194546 0.371387 0.206054 0.206138 0.235981 0.209900 0.245939 0.342559 0.323108 0.293069 0.257112 0.311851 0.313849 0.240522 0.244763 0.162780 0.223465 0.224207 
0.315094 0.285723 0.366302 0.392545 0.302128 0.295613 0.263359 0.265236 0.255354 0.253367 0.216936 0.414339 0.228936 0.229571 0.263412 0.233796 0.276035 0.382764 0.360393 0.328357 0.286760 0.349148 0.351045 0.267895 0.273067 0.184114 0.250117 0.250284 
0.346012 0.315152 0.404772 0.432725 0.333241 0.328760 0.291468 0.294765 0.282379 0.279658 0.239635 0.457743 0.251974 0.253220 0.291174 0.257910 0.306724 0.423496 0.398111 0.364273 0.316708 0.387062 0.388787 0.295570 0.301726 0.206074 0.277209 0.276696 
0.377003 0.344876 0.443699 0.473236 0.364652 0.362581 0.319963 0.324842 0.309780 0.306224 0.262649 0.501581 0.275167 0.277082 0.319262 0.282235 0.338005 0.464744 0.436255 0.400817 0.346944 0.425590 0.427067 0.323550 0.330740 0.228663 0.304740 0.303442 
0.408060 0.374896 0.483076 0.514070 0.396359 0.397073 0.348843 0.355462 0.337557 0.333063 0.285986 0.545838 0.298515 0.301151 0.347666 0.306765 0.369876 0.506495 0.474820 0.437984 0.377457 0.464727 0.465875 0.351836 0.360107 0.251884 0.332706 0.330519 
0.439178 0.405210 0.522898 0.555219 0.428359 0.432234 0.378102 0.386619 0.365712 0.360169 0.309652 0.590499 0.322016 0.325423 0.376381 0.331492 0.402335 0.548741 0.513802 0.475772 0.408238 0.504470 0.505206 0.380429 0.389825 0.275737 0.361106 0.357923 
0.470350 0.435817 0.563158 0.596678 0.460650 0.468057 0.407738 0.418308 0.394244 0.387542 0.333654 0.635549 0.345671 0.349894 0.405399 0.356410 0.435379 0.591470 0.553194 0.514177 0.439277 0.544815 0.545051 0.409333 0.419894 0.300224 0.389938 0.385652 
0.501571 0.466716 0.603851 0.638439 0.493228 0.504540 0.437746 0.450526 0.423156 0.415177 0.357998 0.680973 0.369478 0.374560 0.434712 0.381513 0.469007 0.634671 0.592993 0.553196 0.470565 0.585756 0.585403 0.438547 0.450313 0.325345 0.419199 0.413703 
0.532837 0.497906 0.644969 0.680495 0.526091 0.541677 0.468125 0.483266 0.452447 0.443073 0.382691 0.726758 0.393439 0.399418 0.464313 0.406795 0.503216 0.678335 0.633194 0.592824 0.502093 0.627292 0.626255 0.468075 0.481080 0.351101 0.448885 0.442072 
0.564144 0.529385 0.686508 0.722840 0.559236 0.579462 0.498869 0.516526 0.482118 0.471224 0.407741 0.772891 0.417553 0.424464 0.494195 0.432249 0.538004 0.722451 0.673793 0.633058 0.533853 0.669416 0.667600 0.497919 0.512193 0.377490 0.478996 0.470759 
0.595489 0.561153 0.728460 0.765470 0.592662 0.617889 0.529978 0.550300 0.512171 0.499630 0.433153 0.819358 0.441822 0.449695 0.524350 0.457870 0.573368 0.767010 0.714785 0.673892 0.565836 0.712126 0.709432 0.528080 0.543653 0.404511 0.509526 0.499759 
0.626867 0.593208 0.770819 0.808376 0.626365 0.656952 0.561446 0.584584 0.542604 0.528287 0.458935 0.866146 0.466246 0.475107 0.554770 0.483651 0.609306 0.812001 0.756167 0.715322 0.598036 0.755417 0.751744 0.558560 0.575458 0.432164 0.540474 0.529070 
0.658277 0.625549 0.813579 0.851556 0.660344 0.696644 0.593272 0.619375 0.573420 0.557192 0.485094 0.913245 0.490827 0.500698 0.585449 0.509588 0.645816 0.857416 0.797934 0.757342 0.630444 0.799285 0.794530 0.589361 0.607607 0.460445 0.571836 0.558690 
0.689716 0.658175 0.856733 0.895002 0.694597 0.736957 0.625452 0.654669 0.604618 0.586342 0.511636 0.960641 0.515566 0.526465 0.616377 0.535673 0.682893 0.903245 0.840084 0.799946 0.663056 0.843726 0.837783 0.620486 0.640099 0.489353 0.603609 0.588615 
0.721183 0.691084 0.900275 0.938711 0.729121 0.777884 0.657985 0.690461 0.636199 0.615735 0.538569 1.008325 0.540465 0.552405 0.647548 0.561902 0.720537 0.949478 0.882613 0.843129 0.695863 0.888735 0.881498 0.651936 0.672932 0.518884 0.635788 0.618844 
0.752676 0.724276 0.944198 0.982678 0.763914 0.819416 0.690867 0.726750 0.668162 0.645368 0.565899 1.056285 0.565526 0.578517 0.678955 0.588268 0.758743 0.996107 0.925517 0.886885 0.728861 0.934308 0.925670 0.683713 0.706107 0.549035 0.668371 0.649374 
0.784195 0.757749 0.988494 1.026898 0.798975 0.861545 0.724096 0.763530 0.700510 0.675239 0.593633 1.104511 0.590752 0.604799 0.710588 0.614768 0.797509 1.043123 0.968795 0.931206 0.762043 0.980442 0.970291 0.715820 0.739621 0.579802 0.701354 0.680202 
0.815739 0.791503 1.033159 1.071367 0.834302 0.904260 0.757670 0.800800 0.733241 0.705344 0.621778 1.152993 0.616145 0.631247 0.742440 0.641394 0.836831 1.090518 1.012443 0.976086 0.795405 1.027131 1.015358 0.748259 0.773474 0.611179 0.734731 0.711327 
0.847309 0.825534 1.078184 1.116082 0.869894 0.947554 0.791586 0.838557 0.766356 0.735682 0.650342 1.201722 0.641708 0.657862 0.774504 0.668142 0.876706 1.138282 1.056458 1.021517 0.828943 1.074372 1.060865 0.781031 0.807665 0.643163 0.768500 0.742745 
0.878906 0.859843 1.123562 1.161038 0.905748 0.991415 0.825843 0.876796 0.799854 0.766249 0.679330 1.250689 0.667445 0.684641 0.806771 0.695008 0.917132 1.186408 1.100838 1.067492 0.862652 1.122160 1.106807 0.814140 0.842193 0.675746 0.802656 0.774454 
0.910530 0.894429 1.169288 1.206233 0.941863 1.035832 0.860439 0.915516 0.833737 0.797044 0.708752 1.299885 0.693358 0.711583 0.839233 0.721985 0.958104 1.234887 1.145582 1.114003 0.896528 1.170491 1.153180 0.847586 0.877058 0.708924 0.837194 0.806453 
0.942185 0.929289 1.215353 1.251664 0.978239 1.080795 0.895372 0.954715 0.868005 0.828064 0.738612 1.349304 0.719452 0.738687 0.871883 0.749070 0.999620 1.283712 1.190687 1.161042 0.930568 1.219360 1.199978 0.881373 0.912258 0.742690 0.872109 0.838738 
0.973870 0.964422 1.261750 1.297327 1.014873 1.126293 0.930640 0.994389 0.902656 0.859306 0.768919 1.398936 0.745730 0.765952 0.904712 0.776257 1.041675 1.332875 1.236151 1.208600 0.964768 1.268764 1.247198 0.915503 0.947792 0.777035 0.907398 0.871308 
1.005591 0.999828 1.308474 1.343220 1.051765 1.172312 0.966242 1.034537 0.937691 0.890768 0.799680 1.448775 0.772198 0.793378 0.937712 0.803541 1.084265 1.382368 1.281974 1.256668 0.999128 1.318697 1.294835 0.949978 0.983660 0.811954 0.943055 0.904160 
1.037349 1.035505 1.355515 1.389341 1.088914 1.218842 1.002175 1.075156 0.973111 0.922449 0.830901 1.498815 0.798860 0.820964 0.970875 0.830919 1.127388 1.432184 1.328153 1.305237 1.033643 1.369155 1.342885 0.984801 1.019860 0.847437 0.979075 0.937293 
1.069149 1.071451 1.402867 1.435688 1.126318 1.265868 1.038440 1.116246 1.008914 0.954345 0.862590 1.549049 0.825719 0.848711 1.004192 0.858385 1.171040 1.482315 1.374687 1.354298 1.068314 1.420134 1.391345 1.019973 1.056393 0.883475 1.015453 0.970704 
1.100994 1.107665 1.450523 1.482259 1.163977 1.313377 1.075034 1.157803 1.045101 0.986455 0.894754 1.599472 0.852783 0.876617 1.037656 0.885935 1.215215 1.532755 1.421577 1.403840 1.103138 1.471630 1.440211 1.055497 1.093257 0.920061 1.052183 1.004391 
1.132890 1.144145 1.498475 1.529053 1.201890 1.361357 1.111957 1.199827 1.081672 1.018776 0.927401 1.650078 0.880056 0.904683 1.071259 0.913565 1.259911 1.583496 1.468820 1.453853 1.138114 1.523637 1.489479 1.091376 1.130452 0.957183 1.089260 1.038352 
1.164841 1.180892 1.546716 1.576068 1.240056 1.409791 1.149207 1.242316 1.118625 1.051306 0.960537 1.700862 0.907543 0.932909 1.104991 0.941271 1.305123 1.634533 1.516416 1.504328 1.173242 1.576152 1.539147 1.127612 1.167976 0.994832 1.126679 1.072585 
1.196853 1.217902 1.595238 1.623304 1.278475 1.458666 1.186784 1.285269 1.155962 1.084044 0.994170 1.751821 0.935252 0.961297 1.138844 0.969049 1.350847 1.685859 1.564366 1.555252 1.208523 1.629169 1.589211 1.164208 1.205829 1.032997 1.164433 1.107089 
1.228933 1.255174 1.644033 1.670760 1.317147 1.507966 1.224686 1.328684 1.193680 1.116987 1.028307 1.802950 0.963188 0.989846 1.172810 0.996895 1.397079 1.737466 1.612668 1.606616 1.243956 1.682684 1.639668 1.201165 1.244011 1.071667 1.202516 1.141860 
1.261087 1.292708 1.693094 1.718435 1.356070 1.557677 1.262914 1.372562 1.231781 1.150134 1.062955 1.854246 0.991357 1.018559 1.206881 1.024804 1.443813 1.789350 1.661324 1.658407 1.279542 1.736693 1.690516 1.238487 1.282521 1.110829 1.240923 1.176899 
1.293321 1.330501 1.742413 1.766329 1.395246 1.607780 1.301466 1.416900 1.270263 1.183481 1.098123 1.905706 1.019767 1.047435 1.241047 1.052774 1.491047 1.841504 1.710332 1.710613 1.315283 1.791191 1.741753 1.276175 1.321358 1.150473 1.279646 1.212202 
1.325645 1.368553 1.791983 1.814442 1.434672 1.658261 1.340343 1.461699 1.309126 1.217029 1.133816 1.957327 1.048425 1.076477 1.275301 1.080801 1.538774 1.893922 1.759695 1.763223 1.351180 1.846174 1.793375 1.314234 1.360521 1.190585 1.318681 1.247768 
1.358065 1.406861 1.841795 1.862776 1.474351 1.709101 1.379544 1.506958 1.348369 1.250774 1.170042 2.009107 1.077338 1.105686 1.309633 1.108880 1.586991 1.946599 1.809412 1.816224 1.387236 1.901636 1.845382 1.352665 1.400010 1.231151 1.358020 1.283595 
1.390590 1.445424 1.891841 1.911329 1.514280 1.760284 1.419069 1.552677 1.387991 1.284715 1.206810 2.061046 1.106514 1.135064 1.344034 1.137009 1.635692 1.999529 1.859484 1.869603 1.423452 1.957573 1.897771 1.391470 1.439825 1.272158 1.397656 1.319682 
1.423230 1.484241 1.942114 1.960104 1.554462 1.811792 1.458917 1.598856 1.427993 1.318851 1.244125 2.113141 1.135960 1.164613 1.378497 1.165185 1.684873 2.052707 1.909912 1.923347 1.459831 2.013980 1.950540 1.430653 1.479964 1.313592 1.437583 1.356026 
1.455994 1.523311 1.992605 2.009101 1.594895 1.863605 1.499089 1.645494 1.468372 1.353179 1.281997 2.165392 1.165686 1.194335 1.413012 1.193403 1.734529 2.106128 1.960699 1.977444 1.496378 2.070853 2.003688 1.470216 1.520428 1.355438 1.477793 1.392627 
1.488892 1.562631 2.043306 2.058322 1.635580 1.915705 1.539586 1.692593 1.509129 1.387698 1.320431 2.217798 1.195698 1.224233 1.447571 1.221662 1.784654 2.159788 2.011844 2.031878 1.533095 2.128186 2.057215 1.510162 1.561215 1.397680 1.518280 1.429482 
1.521934 1.602200 2.094210 2.107769 1.676518 1.968074 1.580407 1.740151 1.550262 1.422406 1.359437 2.270360 1.226008 1.254309 1.482164 1.249957 1.835244 2.213681 2.063350 2.086636 1.569987 2.185976 2.111117 1.550494 1.602325 1.440304 1.559036 1.466591 
1.555132 1.642017 2.145307 2.157443 1.717708 2.020690 1.621552 1.788170 1.591771 1.457303 1.399020 2.323079 1.256622 1.284566 1.516782 1.278286 1.886293 2.267802 2.115219 2.141703 1.607059 2.244216 2.165396 1.591214 1.643759 1.483291 1.600053 1.503951 
1.588497 1.682080 2.196589 2.207346 1.759153 2.073534 1.663023 1.836651 1.633654 1.492385 1.439189 2.375956 1.287551 1.315007 1.551417 1.306647 1.937796 2.322148 2.167453 2.197065 1.644315 2.302904 2.220049 1.632326 1.685514 1.526626 1.641325 1.541561 
1.622042 1.722388 2.248049 2.257482 1.800851 2.126585 1.704820 1.885594 1.675911 1.527653 1.479952 2.428992 1.318805 1.345635 1.586060 1.335036 1.989747 2.376715 2.220054 2.252707 1.681760 2.362032 2.275077 1.673831 1.727591 1.570292 1.682843 1.579420 
1.655778 1.762939 2.299678 2.307852 1.842805 2.179821 1.746943 1.935000 1.718540 1.563103 1.521315 2.482189 1.350393 1.376454 1.620701 1.363452 2.042142 2.431498 2.273024 2.308614 1.719401 2.421598 2.330480 1.715734 1.769990 1.614270 1.724600 1.617526 
1.689718 1.803731 2.351466 2.358460 1.885015 2.233222 1.789395 1.984871 1.761541 1.598736 1.563287 2.535550 1.382325 1.407467 1.655331 1.391890 2.094973 2.486493 2.326367 2.364769 1.757244 2.481595 2.386256 1.758036 1.812710 1.658542 1.766587 1.655878 
1.723877 1.844763 2.403406 2.409310 1.927482 2.286765 1.832175 2.035208 1.804912 1.634550 1.605875 2.589078 1.414612 1.438679 1.689942 1.420350 2.148236 2.541697 2.380085 2.421156 1.795295 2.542019 2.442406 1.800741 1.855751 1.703089 1.808796 1.694475 
1.758268 1.886033 2.455489 2.460403 1.970207 2.340428 1.875284 2.086011 1.848652 1.670543 1.649087 2.642775 1.447265 1.470093 1.724523 1.448828 2.201925 2.597107 2.434181 2.477760 1.833562 2.602864 2.498931 1.843851 1.899112 1.747892 1.851219 1.733316 
1.792905 1.927539 2.507706 2.511746 2.013191 2.394186 1.918725 2.137284 1.892760 1.706714 1.692930 2.696647 1.480294 1.501714 1.759066 1.477323 2.256034 2.652718 2.488658 2.534564 1.872052 2.664127 2.555831 1.887370 1.942793 1.792931 1.893848 1.772399 
1.827803 1.969281 2.560048 2.563340 2.056436 2.448018 1.962498 2.189027 1.937234 1.743063 1.737412 2.750697 1.513711 1.533545 1.793561 1.505833 2.310556 2.708529 2.543521 2.591550 1.910773 2.725802 2.613105 1.931301 1.986793 1.838185 1.936673 1.811722 
1.862979 2.011255 2.612507 2.615192 2.099943 2.501899 2.006606 2.241243 1.982073 1.779587 1.782541 2.804930 1.547528 1.565592 1.828000 1.534355 2.365487 2.764536 2.598772 2.648702 1.949733 2.787884 2.670757 1.975646 2.031113 1.883634 1.979686 1.851286 
1.898447 2.053461 2.665074 2.667304 2.143713 2.555805 2.051048 2.293933 2.027276 1.816286 1.828325 2.859352 1.581756 1.597860 1.862371 1.562887 2.420819 2.820736 2.654416 2.706001 1.988941 2.850367 2.728785 2.020408 2.075753 1.929256 2.022879 1.891089 
1.934224 2.095897 2.717739 2.719683 2.187748 2.609710 2.095828 2.347101 2.072841 1.853159 1.874772 2.913967 1.616407 1.630354 1.896667 1.591429 2.476546 2.877127 2.710456 2.763430 2.028406 2.913248 2.787192 2.065592 2.120711 1.975029 2.066241 1.931129 
1.970327 2.138562 2.770494 2.772333 2.232050 2.663590 2.140947 2.400747 2.118766 1.890205 1.921888 2.968782 1.651495 1.663078 1.930877 1.619978 2.532662 2.933706 2.766898 2.820971 2.068137 2.976520 2.845979 2.111199 2.165988 2.020931 2.109764 1.971406 
2.006774 2.181452 2.823329 2.825260 2.276620 2.717418 2.186407 2.454876 2.165051 1.927423 1.969683 3.023804 1.687031 1.696039 1.964992 1.648532 2.589160 2.990471 2.823744 2.878605 2.108145 3.040180 2.905147 2.157233 2.211583 2.066939 2.153438 2.011919 
2.043582 2.224568 2.876236 2.878469 2.321461 2.771169 2.232209 2.509490 2.211693 1.964811 2.018163 3.079040 1.723029 1.729242 1.999002 1.677091 2.646035 3.047420 2.881001 2.936312 2.148441 3.104220 2.964698 2.203698 2.257497 2.113029 2.197254 2.052667 
2.080770 2.267907 2.929205 2.931966 2.366574 2.824815 2.278358 2.564591 2.258691 2.002370 2.067337 3.134497 1.759501 1.762692 2.032898 1.705653 2.703279 3.104552 2.938673 2.994074 2.189034 3.168637 3.024635 2.250595 2.303729 2.159178 2.241202 2.093648 
2.118356 2.311467 2.982226 2.985757 2.411961 2.878331 2.324853 2.620183 2.306043 2.040098 2.117213 3.190183 1.796462 1.796397 2.066670 1.734216 2.760885 3.161864 2.996765 3.051871 2.229936 3.233426 3.084959 2.297929 2.350278 2.205360 2.285273 2.134863 
2.156360 2.355246 3.035292 3.039849 2.457625 2.931687 2.371699 2.676269 2.353748 2.077994 2.167799 3.246106 1.833925 1.830363 2.100307 1.762779 2.818847 3.219355 3.055283 3.109684 2.271159 3.298580 3.145673 2.345703 2.397146 2.251552 2.329455 2.176310 
2.194801 2.399243 3.088391 3.094248 2.503567 2.984856 2.418897 2.732852 2.401803 2.116058 2.219101 3.302276 1.871904 1.864595 2.133802 1.791343 2.877157 3.277024 3.114231 3.167491 2.312715 3.364096 3.206779 2.393920 2.444332 2.297727 2.373740 2.217988 
2.233700 2.443457 3.141514 3.148961 2.549791 3.037809 2.466450 2.789935 2.450206 2.154289 2.271130 3.358701 1.910413 1.899100 2.167143 1.819904 2.935810 3.334869 3.173616 3.225273 2.354616 3.429967 3.268281 2.442583 2.491835 2.343859 2.418117 2.259897 
2.273079 2.487884 3.194653 3.203996 2.596297 3.090517 2.514362 2.847524 2.498956 2.192686 2.323892 3.415393 1.949468 1.933886 2.200320 1.848463 2.994796 3.392890 3.233444 3.283008 2.396875 3.496188 3.330180 2.491695 2.539656 2.389922 2.462575 2.302037 
2.312957 2.532524 3.247797 3.259360 2.643091 3.142952 2.562634 2.905621 2.548051 2.231249 2.377395 3.472359 1.989083 1.968960 2.233324 1.877020 3.054111 3.451086 3.293720 3.340676 2.439505 3.562755 3.392480 2.541261 2.587794 2.435890 2.507104 2.344405 
2.353357 2.577374 3.300937 3.315060 2.690172 3.195083 2.611270 2.964230 2.597489 2.269978 2.431648 3.529612 2.029273 2.004329 2.266145 1.905572 3.113745 3.509456 3.354451 3.398254 2.482521 3.629661 3.455185 2.591283 2.636251 2.481733 2.551694 2.387002 
2.394301 2.622434 3.354063 3.371105 2.737545 3.246879 2.660272 3.023356 2.647268 2.308871 2.486658 3.587163 2.070054 2.040000 2.298772 1.934121 3.173692 3.567999 3.415643 3.455722 2.525936 3.696902 3.518298 2.641764 2.685024 2.527425 2.596332 2.429828 
2.435811 2.667700 3.407165 3.427503 2.785213 3.298309 2.709646 3.083002 2.697385 2.347928 2.542434 3.645023 2.111442 2.075981 2.331196 1.962664 3.233945 3.626717 3.477304 3.513056 2.569765 3.764472 3.581823 2.692709 2.734116 2.572937 2.641009 2.472881 
2.477912 2.713171 3.460233 3.484262 2.833177 3.349344 2.759392 3.143174 2.747838 2.387150 2.598983 3.703203 2.153452 2.112280 2.363406 1.991203 3.294495 3.685607 3.539439 3.570235 2.614023 3.832366 3.645763 2.744120 2.783525 2.618239 2.685713 2.516161 
2.520627 2.758846 3.513258 3.541392 2.881442 3.399950 2.809516 3.203877 2.798625 2.426534 2.656315 3.761718 2.196101 2.148906 2.395392 2.019737 3.355334 3.744671 3.602056 3.627235 2.658726 3.900578 3.710123 2.796002 2.833252 2.663303 2.730433 2.559668 
2.563979 2.804721 3.566229 3.598901 2.930011 3.450095 2.860021 3.265114 2.849744 2.466082 2.714436 3.820579 2.239405 2.185866 2.427144 2.048265 3.416456 3.803909 3.665163 3.684034 2.703888 3.969103 3.774907 2.848357 2.883297 2.708098 2.775157 2.603400 
2.607994 2.850797 3.619136 3.656798 2.978885 3.499748 2.910909 3.326891 2.901193 2.505793 2.773356 3.879800 2.283382 2.223169 2.458652 2.076788 3.477853 3.863321 3.728767 3.740607 2.749527 4.037935 3.840119 2.901189 2.933659 2.752593 2.819874 2.647359 
2.652697 2.897069 3.671969 3.715093 3.028070 3.548874 2.962187 3.389213 2.952969 2.545667 2.833082 3.939395 2.328048 2.260824 2.489905 2.105306 3.539516 3.922908 3.792875 3.796931 2.795659 4.107070 3.905764 2.954502 2.984340 2.796757 2.864572 2.691544 
2.698114 2.943538 3.724719 3.773796 3.077568 3.597440 3.013856 3.452085 3.005070 2.585703 2.893622 3.999378 2.373422 2.298839 2.520893 2.133820 3.601437 3.982671 3.857496 3.852983 2.842301 4.176501 3.971848 3.008299 3.035339 2.840559 2.909239 2.735953 
2.744270 2.990200 3.777373 3.832918 3.127383 3.645412 3.065921 3.515513 3.057493 2.625901 2.954986 4.059764 2.419519 2.337225 2.551606 2.162328 3.663608 4.042610 3.922637 3.908737 2.889471 4.246223 4.038374 3.062584 3.086657 2.883967 2.953863 2.780587 
2.791192 3.037054 3.829924 3.892467 3.177518 3.692756 3.118387 3.579502 3.110236 2.666261 3.017180 4.120568 2.466360 2.375990 2.582033 2.190832 3.726021 4.102728 3.988307 3.964169 2.937186 4.316230 4.105349 3.117360 3.138293 2.926948 2.998431 2.825446 
2.838908 3.084097 3.882359 3.952456 3.227978 3.739436 3.171258 3.644059 3.163295 2.706784 3.080214 4.181805 2.513961 2.415144 2.612163 2.219333 3.788668 4.163024 4.054514 4.019254 2.985465 4.386518 4.172777 3.172632 3.190248 2.969469 3.042932 2.870530 
2.887445 3.131329 3.934669 4.012894 3.278765 3.785418 3.224538 3.709188 3.216670 2.747469 3.144096 4.243493 2.562341 2.454696 2.641986 2.247830 3.851540 4.223502 4.121268 4.073966 3.034326 4.457079 4.240665 3.228403 3.242522 3.011496 3.087353 2.915838 
2.936832 3.178746 3.986842 4.073794 3.329885 3.830664 3.278231 3.774897 3.270356 2.788316 3.208833 4.305648 2.611520 2.494657 2.671491 2.276326 3.914629 4.284161 4.188576 4.128279 3.083789 4.527910 4.309018 3.284677 3.295116 3.052995 3.131681 2.961370 
2.987096 3.226347 4.038869 4.135165 3.381340 3.875140 3.332343 3.841191 3.324351 2.829325 3.274435 4.368286 2.661516 2.535036 2.700668 2.304819 3.977926 4.345005 4.256449 4.182168 3.133873 4.599004 4.377842 3.341456 3.348029 3.093931 3.175904 3.007126 
3.038267 3.274130 4.090739 4.197021 3.433135 3.918807 3.386878 3.908077 3.378653 2.870497 3.340910 4.431425 2.712349 2.575845 2.729506 2.333313 4.041423 4.406036 4.324894 4.235606 3.184599 4.670355 4.447144 3.398747 3.401262 3.134270 3.220008 3.053107 
3.090375 3.322093 4.142441 4.259373 3.485274 3.961630 3.441841 3.975561 3.433258 2.911831 3.408266 4.495083 2.764038 2.617093 2.757994 2.361806 4.105110 4.467255 4.393923 4.288567 3.235986 4.741958 4.516929 3.456551 3.454815 3.173975 3.263980 3.099312 
3.143449 3.370234 4.193964 4.322233 3.537762 4.003569 3.497237 4.043651 3.488164 2.953329 3.476512 4.559279 2.816603 2.658792 2.786122 2.390301 4.168978 4.528665 4.463544 4.341023 3.288055 4.813807 4.587205 3.514873 3.508688 3.213010 3.307808 3.145740 
3.197521 3.418550 4.245297 4.385614 3.590603 4.044588 3.553071 4.112352 3.543368 2.994989 3.545655 4.624031 2.870064 2.700952 2.813878 2.418799 4.233020 4.590269 4.533768 4.392947 3.340828 4.885896 4.657978 3.573717 3.562883 3.251339 3.351477 3.192394 
3.252620 3.467040 4.296430 4.449528 3.643800 4.084647 3.609349 4.181672 3.598866 3.036812 3.615705 4.689359 2.924443 2.743585 2.841251 2.447302 4.297225 4.652069 4.604604 4.444312 3.394327 4.958220 4.729255 3.633086 3.617399 3.288924 3.394975 3.239271 
NaN NaN NaN NaN NaN NaN NaN NaN NaN NaN NaN NaN NaN NaN NaN NaN NaN NaN NaN NaN NaN NaN NaN NaN NaN NaN NaN NaN 
NaN NaN NaN NaN NaN NaN NaN NaN NaN NaN NaN NaN NaN NaN NaN NaN NaN NaN NaN NaN NaN NaN NaN NaN NaN NaN NaN NaN 
NaN NaN NaN NaN NaN NaN NaN NaN NaN NaN NaN NaN NaN NaN NaN NaN NaN NaN NaN NaN NaN NaN NaN NaN NaN NaN NaN NaN 
NaN NaN NaN NaN NaN NaN NaN NaN NaN NaN NaN NaN NaN NaN NaN NaN NaN NaN NaN NaN NaN NaN NaN NaN NaN NaN NaN NaN 
