NaN NaN NaN NaN NaN NaN NaN 
NaN NaN NaN NaN NaN NaN NaN 
NaN NaN NaN NaN NaN NaN NaN 
NaN NaN NaN NaN NaN NaN NaN 
NaN NaN NaN NaN NaN NaN NaN 
-0.797930 -1.161980 -0.611062 -0.895375 -0.936356 -0.934799 -1.078049 
-0.728604 -1.156068 -0.604391 -0.912193 -0.907332 -0.946824 -1.108963 
-0.741896 -1.197046 -0.652165 -0.853423 -0.913807 -0.916382 -1.123547 
-0.669506 -1.220277 -0.688276 -0.937543 -0.947635 -0.918278 -1.109717 
-0.636466 -1.208031 -0.612263 -0.874961 -0.873660 -0.867184 -1.083682 
-0.638458 -1.223799 -0.689670 -0.874741 -0.920118 -0.920794 -1.066053 
-0.605977 -1.171927 -0.809755 -0.898440 -0.947069 -0.876209 -1.074827 
-0.660855 -1.231833 -0.863327 -0.971063 -1.045252 -0.835175 -1.076159 
-0.698107 -1.277300 -0.925270 -1.108537 -1.048735 -0.889941 -1.104686 
-0.675173 -1.342276 -0.990490 -1.147134 -1.042501 -0.865868 -1.148969 
-0.672949 -1.345310 -1.012671 -1.226012 -1.010490 -0.871663 -1.184497 
-0.704785 -1.330757 -1.093275 -1.315855 -0.985006 -0.922046 -1.207555 
-0.619919 -1.327794 -1.136879 -1.428617 -0.940666 -0.939160 -1.203093 
-0.611676 -1.318639 -1.281929 -1.428213 -0.928982 -0.886194 -1.177106 
-0.591826 -1.331771 -1.344643 -1.486671 -0.965609 -0.942098 -1.196271 
-0.618764 -1.343183 -1.392810 -1.436754 -0.998112 -0.937668 -1.193007 
-0.618227 -1.400231 -1.397134 -1.479884 -0.958104 -0.931761 -1.193582 
-0.551610 -1.384651 -1.409987 -1.505701 -0.862144 -0.977853 -1.178305 
-0.489026 -1.332372 -1.395773 -1.495615 -0.855381 -0.973373 -1.102824 
-0.479333 -1.237808 -1.266530 -1.476494 -0.827683 -1.039501 -1.074517 
-0.463283 -1.183344 -1.325980 -1.425110 -0.845590 -1.068674 -1.020411 
-0.422352 -1.142913 -1.262878 -1.335643 -0.856265 -0.999334 -0.943686 
-0.460208 -1.115412 -1.280744 -1.171624 -0.834948 -1.023195 -0.920051 
-0.489936 -1.078028 -1.101756 -1.182279 -0.817078 -0.996866 -0.869955 
-0.472664 -1.072990 -1.125078 -1.078726 -0.738173 -0.950064 -0.840454 
-0.402283 -1.034647 -1.089324 -1.158025 -0.765916 -0.910320 -0.819968 
-0.374016 -0.981816 -1.053793 -1.125034 -0.785515 -0.900751 -0.800256 
-0.333020 -0.941451 -0.962490 -1.061487 -0.770033 -0.883003 -0.741643 
-0.293364 -0.945711 -0.906166 -1.002752 -0.736186 -0.804017 -0.741080 
-0.263817 -0.972151 -0.871826 -1.024909 -0.708102 -0.786536 -0.726425 
-0.212234 -0.980889 -0.764001 -0.966413 -0.678720 -0.713824 -0.723505 
-0.203675 -0.971659 -0.694282 -0.849480 -0.638900 -0.748084 -0.714243 
-0.203375 -0.921310 -0.603734 -0.892022 -0.690222 -0.678259 -0.645977 
-0.137932 -0.896951 -0.642963 -0.803882 -0.666663 -0.666061 -0.644495 
-0.230183 -0.854097 -0.610847 -0.846877 -0.807312 -0.672499 -0.657638 
-0.187489 -0.811607 -0.567576 -0.802273 -0.680820 -0.668461 -0.656403 
-0.142289 -0.814931 -0.577727 -0.801073 -0.664219 -0.606381 -0.603352 
-0.153974 -0.761956 -0.686893 -0.780186 -0.635013 -0.620118 -0.590163 
-0.230280 -0.748136 -0.579742 -0.700600 -0.670151 -0.579942 -0.578525 
-0.230657 -0.689345 -0.567185 -0.624333 -0.596520 -0.480301 -0.499630 
-0.212336 -0.608455 -0.545098 -0.566406 -0.586606 -0.464359 -0.437686 
-0.228419 -0.523595 -0.548728 -0.573608 -0.558822 -0.369511 -0.397381 
-0.221483 -0.433099 -0.441273 -0.520754 -0.452061 -0.314128 -0.372563 
-0.197838 -0.364309 -0.351385 -0.462221 -0.403294 -0.263512 -0.310293 
-0.084197 -0.306099 -0.316203 -0.358883 -0.263196 -0.185082 -0.217351 
-0.069658 -0.230022 -0.163502 -0.262396 -0.271032 -0.048054 -0.132588 
-0.027076 -0.145794 -0.067941 -0.142540 -0.169859 0.028015 -0.105746 
-0.006585 -0.092598 0.072066 -0.052369 -0.064920 0.066213 -0.057271 
0.047638 -0.007845 0.027091 -0.042561 0.031760 0.126634 0.009554 
0.093111 0.050907 0.079031 0.024206 -0.007561 0.145132 0.063520 
0.098960 0.087034 0.100285 0.013517 0.079181 0.158031 0.096559 
0.104892 0.139909 0.163162 0.061955 0.143114 0.149416 0.110317 
0.144514 0.173766 0.068516 0.130326 0.195412 0.139561 0.154875 
0.119732 0.207675 0.073662 0.155090 0.249172 0.126562 0.159071 
0.158676 0.282106 0.210746 0.237280 0.268022 0.134122 0.179622 
0.110242 0.298095 0.207977 0.303195 0.338853 0.122045 0.192046 
0.050328 0.309977 0.307198 0.385852 0.350543 0.091088 0.214995 
0.014802 0.333122 0.344053 0.489283 0.334371 0.108344 0.247667 
0.060710 0.381302 0.340438 0.555532 0.375841 0.119250 0.290121 
0.043985 0.447924 0.439904 0.625505 0.411081 0.130232 0.312530 
0.059090 0.488153 0.507207 0.728489 0.436629 0.190985 0.351148 
0.106363 0.502350 0.557330 0.788362 0.467597 0.274906 0.401776 
0.153627 0.532117 0.580709 0.820638 0.487692 0.285344 0.434255 
0.150785 0.569289 0.592793 0.907224 0.439502 0.350854 0.477127 
0.166110 0.641397 0.536644 0.864016 0.492609 0.381670 0.535322 
0.248601 0.721292 0.588236 0.945897 0.484384 0.342831 0.595979 
0.311006 0.769628 0.703001 1.013131 0.546358 0.336479 0.632913 
0.434687 0.813341 0.800330 1.033528 0.611671 0.450795 0.661357 
0.465020 0.852956 0.949230 1.098810 0.596384 0.457752 0.642081 
0.542298 0.888124 0.981435 1.111833 0.651403 0.482548 0.642987 
0.556035 0.968633 1.006677 1.214454 0.649043 0.527919 0.653600 
0.657680 1.016742 1.022027 1.284649 0.628745 0.547589 0.699681 
0.719835 1.084503 1.181264 1.310981 0.656459 0.601734 0.721152 
0.739707 1.129795 1.241343 1.294475 0.728655 0.608070 0.773411 
0.735249 1.120039 1.265482 1.419891 0.760193 0.633052 0.778208 
0.741009 1.114588 1.350860 1.413999 0.838428 0.700364 0.810300 
0.831587 1.180425 1.350880 1.418376 0.861708 0.746356 0.855586 
0.811471 1.261837 1.352289 1.413059 0.822486 0.801943 0.891760 
0.864960 1.349406 1.378538 1.422677 0.888337 0.849592 0.975661 
0.875004 1.422712 1.381494 1.527305 0.876649 0.906123 1.019754 
0.933358 1.465911 1.433680 1.539562 0.918709 0.935899 1.067478 
0.948606 1.514994 1.577407 1.568017 0.988654 0.945835 1.101378 
0.921166 1.539256 1.577346 1.595555 1.032001 0.987276 1.160978 
1.012302 1.627775 1.673459 1.655759 1.079008 1.054046 1.189807 
1.114268 1.715989 1.839886 1.676816 1.128845 1.094682 1.228938 
1.203158 1.794107 1.831257 1.759358 1.102171 1.189403 1.246996 
1.219171 1.843479 1.844805 1.842997 1.126666 1.275257 1.266231 
1.296180 1.901336 1.915543 1.909534 1.165840 1.267299 1.307968 
1.340593 1.948826 1.999071 2.031808 1.146506 1.335987 1.309406 
1.435168 1.958151 2.119889 2.093004 1.260517 1.332894 1.364646 
1.518555 1.970300 2.162532 2.190879 1.292218 1.383927 1.420399 
1.593275 2.019561 2.160761 2.273780 1.297565 1.420962 1.464612 
1.692969 2.089716 2.268792 2.423593 1.329337 1.462448 1.478177 
1.789145 2.124037 2.350917 2.481341 1.378263 1.476376 1.543616 
1.814037 2.143555 2.344860 2.575381 1.429185 1.498174 1.622028 
1.847978 2.171742 2.423279 2.669120 1.501625 1.516741 1.685901 
1.862853 2.194192 2.519073 2.763602 1.495662 1.520212 1.767013 
1.914289 2.239777 2.601446 2.860737 1.566308 1.578900 1.813110 
1.999297 2.281905 2.597002 2.889695 1.618514 1.595947 1.911422 
1.992684 2.352326 2.582850 2.960399 1.658258 1.666532 1.952026 
2.037680 2.435592 2.682508 2.965903 1.651839 1.695321 1.999720 
2.047568 2.481650 2.692912 3.012773 1.730630 1.783461 2.055365 
2.084423 2.515130 2.806997 2.993145 1.736119 1.805602 2.122391 
2.121814 2.524362 2.829186 3.106459 1.773168 1.843853 2.161912 
2.201098 2.586463 2.986853 3.172953 1.828930 1.949606 2.204536 
2.243321 2.648296 3.028432 3.214890 1.922974 1.935960 2.257822 
2.297014 2.730325 3.116606 3.227287 2.027798 2.014425 2.298546 
2.352781 2.779897 3.138001 3.290229 2.085776 2.053797 2.366750 
2.375661 2.826946 3.256238 3.357409 2.143658 2.100499 2.419092 
2.466777 2.865723 3.372644 3.389530 2.158666 2.146429 2.481741 
2.493806 2.915828 3.429780 3.457307 2.242054 2.195474 2.545922 
2.555907 2.965719 3.611216 3.526891 2.264630 2.207743 2.552668 
2.626137 3.026978 3.658756 3.576276 2.337277 2.341575 2.593516 
2.644312 3.089016 3.765931 3.645815 2.370621 2.423194 2.630607 
2.664314 3.141588 3.877944 3.673906 2.383217 2.445529 2.684676 
2.754373 3.175769 3.961106 3.713056 2.351658 2.547593 2.725388 
2.804683 3.239518 4.047828 3.795190 2.323074 2.550840 2.749224 
2.872105 3.260071 4.180236 3.884578 2.355891 2.610623 2.822082 
2.897832 3.312956 4.331697 3.950176 2.389662 2.644524 2.857719 
2.923501 3.374433 4.476689 3.974456 2.426435 2.742031 2.918801 
2.979973 3.428064 4.635860 3.991549 2.450301 2.820300 2.935595 
3.021012 3.482253 4.712764 4.019630 2.458765 2.894230 3.016297 
3.052626 3.543861 4.836089 4.112850 2.487952 2.875291 3.102274 
3.064074 3.631456 4.977119 4.121727 2.524964 2.922980 3.146124 
3.081866 3.671256 5.070883 4.183942 2.599335 2.931981 3.193112 
3.065373 3.735689 5.198067 4.276051 2.667802 2.977100 3.257123 
3.075383 3.773225 5.247153 4.322816 2.744079 3.032314 3.308750 
3.021500 3.859848 5.341147 4.341611 2.789433 3.076853 3.358392 
3.058165 3.937930 5.348279 4.377388 2.867294 3.129348 3.410079 
3.087812 3.977231 5.420888 4.481081 2.924184 3.166657 3.442549 
3.109615 4.012000 5.502655 4.595372 2.984516 3.150894 3.534521 
3.110787 4.094559 5.647747 4.715359 3.053038 3.225202 3.596464 
3.142757 4.135201 5.665615 4.799628 3.063330 3.343404 3.644774 
3.210943 4.160933 5.709325 4.907818 3.115858 3.373885 3.703391 
3.274346 4.228757 5.728465 5.013468 3.108134 3.474576 3.774229 
3.267556 4.290904 5.861936 5.065886 3.133432 3.524175 3.819689 
3.362800 4.334843 6.008070 5.103724 3.205231 3.589639 3.877369 
3.422478 4.374133 6.101232 5.157435 3.256346 3.671400 3.920022 
3.444396 4.400449 6.260322 5.219638 3.239503 3.732759 3.983710 
3.504771 4.443924 6.317554 5.290181 3.257412 3.788162 4.048823 
3.538973 4.501561 6.399702 5.381559 3.281081 3.891463 4.087009 
NaN NaN NaN NaN NaN NaN NaN 
NaN NaN NaN NaN NaN NaN NaN 
NaN NaN NaN NaN NaN NaN NaN 
NaN NaN NaN NaN NaN NaN NaN 
