NaN NaN NaN NaN NaN NaN NaN 
NaN NaN NaN NaN NaN NaN NaN 
NaN NaN NaN NaN NaN NaN NaN 
NaN NaN NaN NaN NaN NaN NaN 
NaN NaN NaN NaN NaN NaN NaN 
-0.762245 -0.989439 -0.557986 -0.809417 -0.821543 -0.789932 -0.900150 
-0.721190 -0.975384 -0.545620 -0.802646 -0.771899 -0.798195 -0.905759 
-0.710480 -1.002574 -0.574642 -0.761431 -0.756215 -0.776928 -0.901384 
-0.654387 -1.022570 -0.591897 -0.812634 -0.767493 -0.789969 -0.892865 
-0.632796 -1.018058 -0.532091 -0.791351 -0.713817 -0.755735 -0.870439 
-0.647555 -1.026730 -0.579022 -0.808019 -0.726479 -0.787436 -0.865573 
-0.635428 -0.998687 -0.650186 -0.852420 -0.729658 -0.760548 -0.875986 
-0.672322 -1.033589 -0.666867 -0.898102 -0.802456 -0.735360 -0.878687 
-0.694349 -1.071176 -0.701859 -1.009843 -0.787767 -0.767492 -0.891828 
-0.666144 -1.120926 -0.781950 -1.046469 -0.778424 -0.751024 -0.918368 
-0.651908 -1.127639 -0.818225 -1.112995 -0.768033 -0.760377 -0.935817 
-0.685646 -1.119502 -0.876408 -1.201885 -0.755812 -0.809111 -0.958919 
-0.630886 -1.122392 -0.912637 -1.295219 -0.724325 -0.823404 -0.961652 
-0.640498 -1.131508 -1.009029 -1.302963 -0.714860 -0.765816 -0.954016 
-0.631765 -1.133041 -1.067473 -1.337154 -0.747932 -0.811050 -0.974369 
-0.631370 -1.144503 -1.107463 -1.312097 -0.782195 -0.826873 -0.969518 
-0.602944 -1.175841 -1.117797 -1.293060 -0.760051 -0.818173 -0.956423 
-0.545181 -1.157861 -1.122422 -1.324444 -0.693428 -0.845530 -0.936934 
-0.497653 -1.109512 -1.115455 -1.285583 -0.720981 -0.846768 -0.889211 
-0.512469 -1.049049 -1.005428 -1.273191 -0.705036 -0.888198 -0.864480 
-0.499107 -0.999668 -1.016736 -1.224834 -0.700825 -0.901293 -0.838441 
-0.454470 -0.975899 -0.957082 -1.165303 -0.695141 -0.820877 -0.785103 
-0.476688 -0.956420 -0.962773 -1.057545 -0.671129 -0.824305 -0.766720 
-0.501004 -0.914618 -0.849563 -1.036492 -0.677605 -0.790243 -0.720570 
-0.503813 -0.918320 -0.860456 -0.967913 -0.633842 -0.760575 -0.705287 
-0.448952 -0.889109 -0.830701 -1.019208 -0.670215 -0.728786 -0.680078 
-0.440167 -0.845522 -0.816239 -1.019722 -0.688802 -0.741432 -0.661617 
-0.411990 -0.817000 -0.784075 -0.968101 -0.692533 -0.703948 -0.620685 
-0.374672 -0.817367 -0.759643 -0.934254 -0.657118 -0.659962 -0.606657 
-0.330259 -0.816850 -0.757782 -0.935691 -0.631636 -0.658841 -0.586316 
-0.288486 -0.822034 -0.688227 -0.906725 -0.595589 -0.609197 -0.569049 
-0.287401 -0.806697 -0.643119 -0.814823 -0.567518 -0.625132 -0.558715 
-0.282843 -0.749487 -0.568892 -0.816195 -0.584355 -0.566725 -0.508075 
-0.246638 -0.740926 -0.558971 -0.770506 -0.559268 -0.578918 -0.513582 
-0.299150 -0.712023 -0.543696 -0.802753 -0.639067 -0.578484 -0.514445 
-0.292114 -0.676991 -0.520146 -0.768841 -0.525196 -0.567894 -0.519323 
-0.251812 -0.677834 -0.507367 -0.758046 -0.493770 -0.493956 -0.488830 
-0.256983 -0.636406 -0.558887 -0.736091 -0.440618 -0.527595 -0.478857 
-0.300080 -0.618518 -0.458441 -0.662776 -0.463122 -0.478173 -0.469341 
-0.291861 -0.586279 -0.432333 -0.585902 -0.391012 -0.397170 -0.420073 
-0.281901 -0.530361 -0.409063 -0.527623 -0.386850 -0.372124 -0.375574 
-0.273099 -0.468266 -0.406688 -0.540535 -0.375476 -0.315312 -0.342363 
-0.266770 -0.404758 -0.327814 -0.500471 -0.313079 -0.295560 -0.314172 
-0.219860 -0.325063 -0.274835 -0.438170 -0.265400 -0.245795 -0.255086 
-0.122082 -0.260957 -0.225572 -0.347564 -0.161333 -0.175549 -0.175266 
-0.077568 -0.193496 -0.122947 -0.249467 -0.160236 -0.079131 -0.102531 
-0.042543 -0.125955 -0.070993 -0.150227 -0.096060 -0.024435 -0.072278 
-0.022032 -0.068586 0.043895 -0.047779 -0.036391 0.018010 -0.024437 
0.009492 -0.012544 0.026824 -0.033037 0.037099 0.056438 0.023649 
0.047250 0.036363 0.076390 -0.003624 -0.009326 0.088019 0.064663 
0.074993 0.079817 0.087510 0.020769 0.049111 0.099768 0.093259 
0.095346 0.125653 0.122615 0.085891 0.096746 0.114661 0.109795 
0.137066 0.153139 0.074164 0.145877 0.127534 0.114063 0.136682 
0.124947 0.174121 0.080977 0.190950 0.153610 0.111715 0.134269 
0.158846 0.234578 0.145846 0.252350 0.169331 0.132261 0.152747 
0.132348 0.261740 0.169939 0.305794 0.229430 0.147682 0.152894 
0.113235 0.278426 0.247884 0.373838 0.222711 0.123161 0.166783 
0.104643 0.293374 0.244170 0.437969 0.213938 0.152171 0.183764 
0.154618 0.346856 0.233711 0.481387 0.245601 0.174494 0.209154 
0.153072 0.405918 0.283989 0.543673 0.259038 0.175466 0.234047 
0.148157 0.432907 0.352090 0.614144 0.274084 0.214588 0.267310 
0.173145 0.448840 0.395465 0.659428 0.296464 0.253095 0.291389 
0.198582 0.478443 0.413937 0.680506 0.317717 0.299603 0.305327 
0.224091 0.509672 0.410526 0.712834 0.296229 0.349245 0.346491 
0.249126 0.558281 0.397259 0.717150 0.330457 0.378829 0.386125 
0.313941 0.603544 0.420664 0.772154 0.330256 0.365835 0.442073 
0.357006 0.643640 0.485173 0.820050 0.403639 0.406428 0.468206 
0.437603 0.673260 0.570955 0.863058 0.445951 0.493843 0.495704 
0.460556 0.702598 0.674879 0.923875 0.449234 0.522712 0.490633 
0.508258 0.739482 0.719036 0.943719 0.517584 0.565726 0.492097 
0.545007 0.809372 0.735553 1.023867 0.515680 0.610365 0.503219 
0.625832 0.852028 0.731962 1.094394 0.516301 0.650760 0.556268 
0.683663 0.895307 0.812897 1.128090 0.540737 0.682458 0.586192 
0.707936 0.937428 0.873740 1.150308 0.572406 0.692156 0.621775 
0.715897 0.944078 0.894282 1.228134 0.603153 0.699156 0.620028 
0.731833 0.963209 0.953536 1.235692 0.637906 0.748619 0.632303 
0.812912 1.023978 0.960489 1.254211 0.638929 0.761670 0.682148 
0.822351 1.088596 0.944294 1.245558 0.605291 0.792955 0.709929 
0.872414 1.161882 0.945703 1.287598 0.647236 0.819171 0.769411 
0.906516 1.212933 0.951518 1.358204 0.636844 0.856255 0.801525 
0.955639 1.242661 0.995758 1.377426 0.688733 0.890208 0.832954 
0.975335 1.290043 1.117144 1.397897 0.714289 0.896168 0.852881 
0.967720 1.326933 1.144733 1.424475 0.741027 0.939006 0.901753 
1.032644 1.398933 1.219878 1.473648 0.795224 0.983577 0.924975 
1.114584 1.469393 1.345204 1.512522 0.830108 1.024399 0.972420 
1.188226 1.531236 1.362188 1.573859 0.832535 1.102566 1.006697 
1.195485 1.573395 1.411897 1.626817 0.854405 1.167170 1.026012 
1.251626 1.629465 1.490056 1.680639 0.907419 1.174619 1.064696 
1.308933 1.669826 1.582834 1.767065 0.918467 1.235702 1.077663 
1.381229 1.692034 1.656520 1.851007 0.996667 1.241894 1.125425 
1.461408 1.727782 1.704298 1.906787 1.006313 1.275517 1.178223 
1.531608 1.771970 1.704822 1.972137 1.039007 1.316462 1.218384 
1.631752 1.826746 1.766990 2.092961 1.069077 1.345530 1.241570 
1.711053 1.861826 1.811686 2.155534 1.106461 1.379272 1.292129 
1.738221 1.894075 1.814953 2.234340 1.148577 1.423254 1.345845 
1.776160 1.927387 1.868574 2.322740 1.215584 1.442185 1.390204 
1.827004 1.949723 1.918930 2.420770 1.212716 1.461252 1.445419 
1.893146 1.995788 1.977265 2.515546 1.265212 1.515259 1.485151 
1.940567 2.034254 1.972776 2.559407 1.307138 1.543981 1.557812 
1.961529 2.092562 2.002867 2.614307 1.335871 1.604569 1.597165 
2.011294 2.149257 2.050865 2.657621 1.354256 1.652243 1.626506 
2.033443 2.197696 2.071667 2.716774 1.409263 1.718621 1.676972 
2.074484 2.233975 2.165190 2.712068 1.429758 1.763399 1.726866 
2.129587 2.242539 2.187390 2.801946 1.469317 1.809984 1.765775 
2.200061 2.299468 2.275866 2.854515 1.520251 1.885578 1.810850 
2.255423 2.353881 2.311820 2.907718 1.580549 1.875123 1.854083 
2.296227 2.424233 2.377940 2.937922 1.656369 1.947550 1.902872 
2.347840 2.464673 2.394070 2.997394 1.710214 1.997348 1.959548 
2.403027 2.517140 2.469684 3.043300 1.739240 2.028586 2.011381 
2.482349 2.553448 2.541275 3.082146 1.762861 2.071482 2.064528 
2.512431 2.600729 2.598897 3.128082 1.820917 2.102059 2.123274 
2.579775 2.637426 2.703455 3.169035 1.844243 2.105461 2.137180 
2.638133 2.697247 2.739583 3.231980 1.890054 2.200171 2.175635 
2.667886 2.756195 2.818698 3.293015 1.928954 2.249822 2.211234 
2.710499 2.805296 2.915857 3.323333 1.944401 2.268032 2.250432 
2.779010 2.836346 2.991165 3.367791 1.954983 2.352118 2.299565 
2.840219 2.893645 3.051481 3.435575 1.961583 2.361609 2.323639 
2.885675 2.932904 3.138783 3.507517 1.990480 2.407760 2.385190 
2.918192 2.976594 3.246838 3.551431 2.038325 2.454029 2.422377 
2.952004 3.037876 3.337915 3.578009 2.069532 2.534196 2.467088 
3.010606 3.094479 3.431205 3.618471 2.089474 2.601933 2.495282 
3.061534 3.150525 3.507270 3.689862 2.098092 2.693890 2.560755 
3.088186 3.199403 3.588681 3.766135 2.137370 2.688452 2.621346 
3.112595 3.276704 3.695678 3.785748 2.154738 2.758099 2.663754 
3.131338 3.307537 3.757213 3.850520 2.206979 2.769701 2.704975 
3.152825 3.376185 3.817067 3.931012 2.233026 2.818218 2.748697 
3.175145 3.417638 3.855604 3.974858 2.278872 2.871292 2.798492 
3.181481 3.477770 3.943530 3.992842 2.313062 2.911600 2.841043 
3.233816 3.551053 3.973856 4.052774 2.370540 2.942497 2.878932 
3.260022 3.582104 4.028421 4.146532 2.406204 2.972463 2.912843 
3.277812 3.612708 4.093978 4.221589 2.462334 2.980503 2.976067 
3.275027 3.680882 4.193282 4.306857 2.523976 3.037898 3.023840 
3.324783 3.729696 4.225766 4.378471 2.529216 3.143202 3.075024 
3.359408 3.767817 4.251230 4.471911 2.573793 3.165888 3.120852 
3.433105 3.830358 4.281753 4.564572 2.575562 3.244348 3.177529 
3.456355 3.873178 4.371323 4.605878 2.608430 3.285421 3.218704 
3.527295 3.911586 4.458100 4.626108 2.674506 3.353280 3.257178 
3.582560 3.956132 4.527589 4.703777 2.709981 3.434741 3.300550 
3.595526 3.989830 4.634493 4.759409 2.690524 3.510504 3.357015 
3.651997 4.039410 4.680160 4.815304 2.714475 3.585884 3.412021 
3.674903 4.093285 4.748575 4.911678 2.733331 3.673374 3.449419 
NaN NaN NaN NaN NaN NaN NaN 
NaN NaN NaN NaN NaN NaN NaN 
NaN NaN NaN NaN NaN NaN NaN 
NaN NaN NaN NaN NaN NaN NaN 
