NaN NaN NaN NaN NaN NaN NaN NaN NaN NaN NaN NaN NaN NaN NaN NaN NaN NaN NaN NaN NaN NaN NaN NaN NaN NaN NaN NaN 
NaN NaN NaN NaN NaN NaN NaN NaN NaN NaN NaN NaN NaN NaN NaN NaN NaN NaN NaN NaN NaN NaN NaN NaN NaN NaN NaN NaN 
NaN NaN NaN NaN NaN NaN NaN NaN NaN NaN NaN NaN NaN NaN NaN NaN NaN NaN NaN NaN NaN NaN NaN NaN NaN NaN NaN NaN 
NaN NaN NaN NaN NaN NaN NaN NaN NaN NaN NaN NaN NaN NaN NaN NaN NaN NaN NaN NaN NaN NaN NaN NaN NaN NaN NaN NaN 
NaN NaN NaN NaN NaN NaN NaN NaN NaN NaN NaN NaN NaN NaN NaN NaN NaN NaN NaN NaN NaN NaN NaN NaN NaN NaN NaN NaN 
NaN NaN NaN NaN NaN NaN NaN NaN NaN NaN NaN NaN NaN NaN NaN NaN NaN NaN NaN NaN NaN NaN NaN NaN NaN NaN NaN NaN 
-0.464007 -0.788324 -0.553403 -0.909065 -0.540905 -0.442239 -0.462964 -0.199375 -0.641057 -0.650101 -0.731420 -0.442873 -0.736136 -0.461644 -0.503521 -0.829371 -0.448365 -0.439497 -0.763262 -1.032138 0.040314 -0.625838 -0.398815 -0.905424 -0.667256 -0.327754 -0.400472 -0.508777 
-0.485196 -0.775642 -0.554138 -0.895717 -0.548266 -0.432885 -0.475989 -0.223064 -0.642290 -0.656327 -0.720958 -0.459937 -0.738526 -0.477938 -0.505958 -0.814614 -0.429584 -0.458327 -0.775158 -1.002934 -0.007719 -0.607948 -0.404264 -0.890474 -0.673927 -0.333755 -0.399423 -0.502210 
-0.504488 -0.762847 -0.554422 -0.882405 -0.554557 -0.424206 -0.487458 -0.245237 -0.642676 -0.661058 -0.710359 -0.475757 -0.739776 -0.492566 -0.507800 -0.799882 -0.412110 -0.475612 -0.785447 -0.974763 -0.052688 -0.590802 -0.409037 -0.875456 -0.679468 -0.339380 -0.398050 -0.495546 
-0.521928 -0.749934 -0.554250 -0.869107 -0.559799 -0.416150 -0.497421 -0.265920 -0.642232 -0.664344 -0.699618 -0.490343 -0.739919 -0.505573 -0.509049 -0.785165 -0.395872 -0.491381 -0.794162 -0.947570 -0.094674 -0.574358 -0.413144 -0.860364 -0.683901 -0.344616 -0.396355 -0.488779 
-0.537562 -0.736903 -0.553616 -0.855802 -0.564015 -0.408664 -0.505923 -0.285141 -0.640979 -0.666235 -0.688732 -0.503702 -0.738983 -0.517000 -0.509710 -0.770453 -0.380800 -0.505661 -0.801339 -0.921303 -0.133757 -0.558579 -0.416593 -0.845191 -0.687246 -0.349449 -0.394339 -0.481904 
-0.551432 -0.723751 -0.552515 -0.842469 -0.567226 -0.401697 -0.513012 -0.302926 -0.638933 -0.666781 -0.677697 -0.515844 -0.736998 -0.526893 -0.509785 -0.755737 -0.366825 -0.518479 -0.807008 -0.895908 -0.170019 -0.543425 -0.419394 -0.829933 -0.689523 -0.353865 -0.392003 -0.474916 
-0.563581 -0.710476 -0.550940 -0.829088 -0.569451 -0.395201 -0.518733 -0.319301 -0.636113 -0.666029 -0.666508 -0.526778 -0.733995 -0.535294 -0.509280 -0.741008 -0.353879 -0.529863 -0.811204 -0.871335 -0.203538 -0.528859 -0.421554 -0.814583 -0.690751 -0.357853 -0.389349 -0.467808 
-0.574053 -0.697075 -0.548886 -0.815639 -0.570713 -0.389124 -0.523130 -0.334290 -0.632536 -0.664028 -0.655162 -0.536512 -0.730001 -0.542243 -0.508197 -0.726257 -0.341896 -0.539839 -0.813958 -0.847532 -0.234392 -0.514843 -0.423083 -0.799135 -0.690951 -0.361400 -0.386379 -0.460577 
-0.582889 -0.683546 -0.546350 -0.802104 -0.571032 -0.383420 -0.526247 -0.347921 -0.628219 -0.660824 -0.643656 -0.545056 -0.725045 -0.547784 -0.506540 -0.711474 -0.330811 -0.548434 -0.815303 -0.824450 -0.262658 -0.501339 -0.423988 -0.783584 -0.690141 -0.364493 -0.383094 -0.453217 
-0.590131 -0.669888 -0.543326 -0.788464 -0.570428 -0.378041 -0.528128 -0.360216 -0.623180 -0.656465 -0.631984 -0.552419 -0.719155 -0.551957 -0.504313 -0.696651 -0.320560 -0.555673 -0.815270 -0.802040 -0.288411 -0.488312 -0.424278 -0.767923 -0.688340 -0.367122 -0.379496 -0.445724 
-0.595821 -0.656098 -0.539809 -0.774700 -0.568921 -0.372941 -0.528816 -0.371201 -0.617436 -0.650996 -0.620145 -0.558610 -0.712360 -0.554801 -0.501520 -0.681780 -0.311079 -0.561582 -0.813889 -0.780254 -0.311726 -0.475726 -0.423960 -0.752148 -0.685568 -0.369274 -0.375586 -0.438093 
-0.599998 -0.642174 -0.535795 -0.760794 -0.566531 -0.368075 -0.528351 -0.380900 -0.611003 -0.644462 -0.608133 -0.563638 -0.704686 -0.556357 -0.498165 -0.666851 -0.302307 -0.566187 -0.811192 -0.759044 -0.332676 -0.463544 -0.423042 -0.736253 -0.681842 -0.370939 -0.371366 -0.430319 
-0.602705 -0.628113 -0.531281 -0.746729 -0.563277 -0.363398 -0.526776 -0.389337 -0.603897 -0.636907 -0.595946 -0.567513 -0.696159 -0.556663 -0.494251 -0.651858 -0.294185 -0.569513 -0.807208 -0.738363 -0.351334 -0.451732 -0.421532 -0.720233 -0.677182 -0.372105 -0.366838 -0.422397 
-0.603979 -0.613914 -0.526262 -0.732488 -0.559179 -0.358866 -0.524129 -0.396534 -0.596134 -0.628376 -0.583579 -0.570245 -0.686808 -0.555758 -0.489783 -0.636791 -0.286651 -0.571585 -0.801966 -0.718167 -0.367771 -0.440255 -0.419435 -0.704081 -0.671605 -0.372764 -0.362003 -0.414325 
-0.603861 -0.599574 -0.520735 -0.718054 -0.554255 -0.354437 -0.520451 -0.402516 -0.587731 -0.618912 -0.571030 -0.571843 -0.676657 -0.553680 -0.484764 -0.621644 -0.279648 -0.572427 -0.795498 -0.698409 -0.382057 -0.429079 -0.416760 -0.687792 -0.665128 -0.372904 -0.356862 -0.406096 
-0.602389 -0.585092 -0.514696 -0.703410 -0.548526 -0.350070 -0.515780 -0.407304 -0.578702 -0.608558 -0.558296 -0.572317 -0.665732 -0.550466 -0.479199 -0.606408 -0.273120 -0.572063 -0.787830 -0.679047 -0.394263 -0.418171 -0.413513 -0.671361 -0.657771 -0.372516 -0.351417 -0.397708 
-0.599601 -0.570464 -0.508143 -0.688542 -0.542009 -0.345724 -0.510154 -0.410921 -0.569063 -0.597355 -0.545371 -0.571677 -0.654059 -0.546152 -0.473091 -0.591076 -0.267010 -0.570518 -0.778991 -0.660037 -0.404454 -0.407498 -0.409701 -0.654783 -0.649549 -0.371591 -0.345671 -0.389155 
-0.595536 -0.555690 -0.501072 -0.673434 -0.534722 -0.341359 -0.503610 -0.413389 -0.558828 -0.585344 -0.532255 -0.569933 -0.641663 -0.540775 -0.466445 -0.575640 -0.261264 -0.567814 -0.769010 -0.641336 -0.412700 -0.397027 -0.405330 -0.638052 -0.640480 -0.370120 -0.339623 -0.380435 
-0.590230 -0.540766 -0.493481 -0.658071 -0.526685 -0.336936 -0.496185 -0.414729 -0.548013 -0.572567 -0.518942 -0.567095 -0.628567 -0.534370 -0.459264 -0.560095 -0.255828 -0.563976 -0.757914 -0.622904 -0.419065 -0.386725 -0.400406 -0.621163 -0.630581 -0.368094 -0.333276 -0.371544 
-0.583720 -0.525692 -0.485368 -0.642438 -0.517914 -0.332418 -0.487913 -0.414963 -0.536632 -0.559063 -0.505431 -0.563173 -0.614795 -0.526972 -0.451553 -0.544432 -0.250651 -0.559026 -0.745730 -0.604699 -0.423615 -0.376563 -0.394935 -0.604111 -0.619868 -0.365506 -0.326632 -0.362478 
-0.576044 -0.510464 -0.476730 -0.626522 -0.508428 -0.327768 -0.478831 -0.414112 -0.524699 -0.544871 -0.491717 -0.558178 -0.600372 -0.518615 -0.443317 -0.528645 -0.245680 -0.552986 -0.732484 -0.586682 -0.426413 -0.366508 -0.388923 -0.586890 -0.608359 -0.362346 -0.319691 -0.353233 
-0.567236 -0.495081 -0.467565 -0.610308 -0.498244 -0.322949 -0.468971 -0.412196 -0.512227 -0.530030 -0.477798 -0.552119 -0.585321 -0.509333 -0.434558 -0.512728 -0.240867 -0.545880 -0.718203 -0.568814 -0.427522 -0.356530 -0.382375 -0.569497 -0.596068 -0.358609 -0.312457 -0.343806 
-0.557331 -0.479540 -0.457871 -0.593785 -0.487379 -0.317926 -0.458368 -0.409235 -0.499232 -0.514578 -0.463671 -0.545008 -0.569663 -0.499159 -0.425282 -0.496674 -0.236162 -0.537728 -0.702912 -0.551056 -0.427003 -0.346599 -0.375297 -0.551924 -0.583012 -0.354286 -0.304929 -0.334195 
-0.546366 -0.463840 -0.447647 -0.576938 -0.475850 -0.312667 -0.447054 -0.405248 -0.485725 -0.498552 -0.449333 -0.536855 -0.553423 -0.488125 -0.415492 -0.480477 -0.231518 -0.528554 -0.686637 -0.533372 -0.424918 -0.336685 -0.367694 -0.534168 -0.569207 -0.349371 -0.297110 -0.324394 
-0.534374 -0.447979 -0.436892 -0.559756 -0.463674 -0.307136 -0.435060 -0.400257 -0.471720 -0.481990 -0.434781 -0.527671 -0.536620 -0.476263 -0.405193 -0.464131 -0.226889 -0.518377 -0.669403 -0.515724 -0.421325 -0.326760 -0.359571 -0.516224 -0.554667 -0.343858 -0.289001 -0.314403 
-0.521388 -0.431954 -0.425604 -0.542227 -0.450867 -0.301302 -0.422418 -0.394278 -0.457231 -0.464926 -0.420012 -0.517467 -0.519278 -0.463604 -0.394390 -0.447630 -0.222229 -0.507220 -0.651233 -0.498077 -0.416284 -0.316796 -0.350932 -0.498087 -0.539409 -0.337740 -0.280604 -0.304217 
-0.507443 -0.415763 -0.413783 -0.524339 -0.437446 -0.295134 -0.409158 -0.387332 -0.442268 -0.447396 -0.405023 -0.506253 -0.501418 -0.450180 -0.383087 -0.430969 -0.217495 -0.495104 -0.632153 -0.480397 -0.409850 -0.306763 -0.341782 -0.479751 -0.523446 -0.331012 -0.271920 -0.293835 
-0.492571 -0.399405 -0.401429 -0.506081 -0.423427 -0.288602 -0.395309 -0.379436 -0.426846 -0.429436 -0.389812 -0.494041 -0.483059 -0.436019 -0.371287 -0.414142 -0.212644 -0.482048 -0.612185 -0.462649 -0.402082 -0.296635 -0.332125 -0.461212 -0.506794 -0.323667 -0.262951 -0.283252 
-0.476805 -0.382878 -0.388539 -0.487444 -0.408826 -0.281675 -0.380900 -0.370609 -0.410975 -0.411079 -0.374375 -0.480841 -0.464222 -0.421153 -0.358997 -0.397143 -0.207634 -0.468072 -0.591354 -0.444800 -0.393032 -0.286385 -0.321966 -0.442466 -0.489468 -0.315702 -0.253699 -0.272468 
-0.460177 -0.366179 -0.375115 -0.468416 -0.393658 -0.274326 -0.365960 -0.360867 -0.394668 -0.392358 -0.358711 -0.466665 -0.444928 -0.405608 -0.346219 -0.379969 -0.202425 -0.453197 -0.569680 -0.426819 -0.382757 -0.275985 -0.311308 -0.423507 -0.471480 -0.307112 -0.244165 -0.261479 
-0.442717 -0.349306 -0.361157 -0.448987 -0.377938 -0.266526 -0.350514 -0.350229 -0.377937 -0.373306 -0.342817 -0.451524 -0.425195 -0.389415 -0.332959 -0.362613 -0.196977 -0.437443 -0.547188 -0.408673 -0.371308 -0.265412 -0.300155 -0.404331 -0.452846 -0.297891 -0.234350 -0.250283 
-0.424457 -0.332258 -0.346665 -0.429150 -0.361682 -0.258250 -0.334590 -0.338711 -0.360791 -0.353955 -0.326690 -0.435430 -0.405042 -0.372600 -0.319221 -0.345071 -0.191253 -0.420828 -0.523898 -0.390332 -0.358738 -0.254637 -0.288511 -0.384933 -0.433579 -0.288037 -0.224257 -0.238878 
-0.405428 -0.315033 -0.331638 -0.408895 -0.344904 -0.249471 -0.318214 -0.326330 -0.343243 -0.334337 -0.310328 -0.418394 -0.384490 -0.355190 -0.305010 -0.327338 -0.185215 -0.403371 -0.499832 -0.371766 -0.345097 -0.243638 -0.276378 -0.365308 -0.413692 -0.277545 -0.213887 -0.227261 
-0.385659 -0.297628 -0.316079 -0.388213 -0.327619 -0.240165 -0.301409 -0.313101 -0.325304 -0.314482 -0.293728 -0.400428 -0.363554 -0.337213 -0.290330 -0.309411 -0.178829 -0.385092 -0.475011 -0.352946 -0.330435 -0.232389 -0.263760 -0.345453 -0.393199 -0.266413 -0.203240 -0.215432 
-0.365179 -0.280042 -0.299988 -0.367096 -0.309842 -0.230308 -0.284201 -0.299042 -0.306983 -0.294420 -0.276889 -0.381543 -0.342255 -0.318694 -0.275186 -0.291285 -0.172058 -0.366007 -0.449456 -0.333844 -0.314801 -0.220867 -0.250659 -0.325362 -0.372112 -0.254636 -0.192320 -0.203388 
-0.344019 -0.262272 -0.283366 -0.345538 -0.291587 -0.219876 -0.266613 -0.284166 -0.288290 -0.274182 -0.259807 -0.361752 -0.320608 -0.299657 -0.259583 -0.272955 -0.164871 -0.346136 -0.423186 -0.314433 -0.298242 -0.209047 -0.237079 -0.305032 -0.350445 -0.242214 -0.181127 -0.191127 
-0.322206 -0.244318 -0.266215 -0.323530 -0.272867 -0.208849 -0.248667 -0.268490 -0.269237 -0.253794 -0.242481 -0.341066 -0.298631 -0.280129 -0.243525 -0.254419 -0.157235 -0.325496 -0.396222 -0.294686 -0.280806 -0.196907 -0.223022 -0.284457 -0.328210 -0.229143 -0.169664 -0.178647 
-0.299767 -0.226176 -0.248536 -0.301067 -0.253696 -0.197205 -0.230385 -0.252027 -0.249832 -0.233287 -0.224908 -0.319497 -0.276341 -0.260133 -0.227018 -0.235673 -0.149119 -0.304105 -0.368582 -0.274579 -0.262536 -0.184425 -0.208490 -0.263634 -0.305419 -0.215421 -0.157930 -0.165948 
-0.276732 -0.207845 -0.230331 -0.278141 -0.234088 -0.184923 -0.211788 -0.234793 -0.230085 -0.212687 -0.207086 -0.297058 -0.253753 -0.239693 -0.210066 -0.216712 -0.140493 -0.281979 -0.340285 -0.254085 -0.243478 -0.171579 -0.193485 -0.242558 -0.282084 -0.201048 -0.145930 -0.153028 
-0.253126 -0.189324 -0.211602 -0.254748 -0.214057 -0.171986 -0.192897 -0.216801 -0.210004 -0.192021 -0.189014 -0.273760 -0.230884 -0.218831 -0.192673 -0.197534 -0.131329 -0.259135 -0.311350 -0.233181 -0.223675 -0.158347 -0.178010 -0.221225 -0.258217 -0.186021 -0.133663 -0.139886 
-0.228977 -0.170609 -0.192352 -0.230881 -0.193614 -0.158373 -0.173732 -0.198064 -0.189600 -0.171314 -0.170689 -0.249616 -0.207749 -0.197570 -0.174845 -0.178136 -0.121599 -0.235590 -0.281794 -0.211845 -0.203169 -0.144708 -0.162064 -0.199631 -0.233829 -0.170341 -0.121131 -0.126520 
-0.204309 -0.151700 -0.172583 -0.206536 -0.172773 -0.144069 -0.154310 -0.178598 -0.168880 -0.150594 -0.152110 -0.224639 -0.184363 -0.175932 -0.156587 -0.158514 -0.111277 -0.211360 -0.251636 -0.190053 -0.182002 -0.130642 -0.145651 -0.177772 -0.208933 -0.154006 -0.108336 -0.112930 
-0.179150 -0.132595 -0.152298 -0.181708 -0.151546 -0.129057 -0.134650 -0.158413 -0.147853 -0.129884 -0.133274 -0.198841 -0.160740 -0.153937 -0.137903 -0.138666 -0.100338 -0.186460 -0.220892 -0.167785 -0.160212 -0.116130 -0.128771 -0.155643 -0.183538 -0.137017 -0.095280 -0.099114 
-0.153523 -0.113291 -0.131500 -0.156394 -0.129946 -0.113322 -0.114769 -0.137522 -0.126528 -0.109209 -0.114179 -0.172234 -0.136895 -0.131607 -0.118799 -0.118590 -0.088758 -0.160907 -0.189578 -0.145019 -0.137840 -0.101150 -0.111426 -0.133240 -0.157656 -0.119373 -0.081964 -0.085073 
-0.127454 -0.093787 -0.110192 -0.130589 -0.107984 -0.096848 -0.094684 -0.115939 -0.104910 -0.088591 -0.094824 -0.144832 -0.112841 -0.108961 -0.099280 -0.098283 -0.076515 -0.134715 -0.157712 -0.121737 -0.114922 -0.085685 -0.093616 -0.110560 -0.131297 -0.101076 -0.068389 -0.070805 
-0.100966 -0.074081 -0.088378 -0.104291 -0.085673 -0.079622 -0.074410 -0.093674 -0.083010 -0.068055 -0.075208 -0.116647 -0.088592 -0.086018 -0.079350 -0.077743 -0.063586 -0.107899 -0.125308 -0.097918 -0.091496 -0.069717 -0.075341 -0.087599 -0.104471 -0.082126 -0.054558 -0.056309 
-0.074083 -0.054171 -0.066060 -0.077496 -0.063023 -0.061633 -0.053963 -0.070740 -0.060832 -0.047622 -0.055328 -0.087692 -0.064161 -0.062798 -0.059014 -0.056967 -0.049952 -0.080475 -0.092382 -0.073546 -0.067598 -0.053227 -0.056603 -0.064352 -0.077189 -0.062524 -0.040472 -0.041586 
-0.046828 -0.034056 -0.043245 -0.050202 -0.040047 -0.042867 -0.033356 -0.047147 -0.038386 -0.027314 -0.035183 -0.057981 -0.039560 -0.039318 -0.038279 -0.035955 -0.035594 -0.052455 -0.058949 -0.048603 -0.043261 -0.036198 -0.037401 -0.040816 -0.049461 -0.042273 -0.026132 -0.026635 
-0.019225 -0.013733 -0.019934 -0.022408 -0.016756 -0.023315 -0.012604 -0.022905 -0.015677 -0.007151 -0.014771 -0.027525 -0.014801 -0.015597 -0.017148 -0.014704 -0.020493 -0.023855 -0.025023 -0.023072 -0.018521 -0.018613 -0.017736 -0.016987 -0.021295 -0.021374 -0.011540 -0.011456 
0.008707 0.006800 0.003867 0.005888 0.006840 -0.002967 0.008282 0.001973 0.007288 0.012845 0.005908 0.003660 0.010104 0.008350 0.004373 0.006787 -0.004633 0.005312 0.009382 0.003062 0.006592 -0.000456 0.002393 0.007139 0.007298 0.000171 0.003302 0.003950 
0.036943 0.027543 0.028153 0.034688 0.030730 0.018187 0.029289 0.027480 0.030503 0.032657 0.026858 0.035563 0.035143 0.032505 0.026278 0.028520 0.012002 0.035033 0.044251 0.029813 0.032046 0.018290 0.022987 0.031566 0.036309 0.022359 0.018393 0.019585 
0.065464 0.048499 0.052921 0.063991 0.054904 0.040155 0.050406 0.053604 0.053962 0.052263 0.048078 0.068169 0.060307 0.056852 0.048563 0.050495 0.029427 0.065295 0.079573 0.057196 0.057809 0.037639 0.044045 0.056296 0.065730 0.045186 0.033732 0.035448 
0.094249 0.069670 0.078164 0.093799 0.079351 0.062942 0.071624 0.080337 0.077659 0.071647 0.069571 0.101465 0.085584 0.081378 0.071222 0.072714 0.047654 0.096084 0.115333 0.085224 0.083854 0.057607 0.065568 0.081334 0.095552 0.068650 0.049316 0.051538 
0.123278 0.091056 0.103877 0.124110 0.104062 0.086556 0.092931 0.107669 0.101588 0.090791 0.091337 0.135437 0.110964 0.106066 0.094249 0.095176 0.066695 0.127389 0.151521 0.113909 0.110152 0.078207 0.087558 0.106684 0.125766 0.092747 0.065144 0.067856 
0.152531 0.112661 0.130056 0.154924 0.129027 0.111002 0.114319 0.135593 0.125745 0.109678 0.113378 0.170072 0.136438 0.130904 0.117640 0.117884 0.086562 0.159198 0.188124 0.143262 0.136675 0.099454 0.110016 0.132348 0.156365 0.117472 0.081215 0.084399 
0.181988 0.134486 0.156694 0.186241 0.154236 0.136283 0.135781 0.164099 0.150125 0.128291 0.135694 0.205356 0.161996 0.155877 0.141390 0.140837 0.107264 0.191498 0.225131 0.173293 0.163399 0.121361 0.132943 0.158331 0.187341 0.142821 0.097527 0.101169 
0.211632 0.156532 0.183785 0.218057 0.179680 0.162403 0.157309 0.193180 0.174722 0.146614 0.158288 0.241274 0.187630 0.180973 0.165491 0.164035 0.128809 0.224279 0.262530 0.204014 0.190297 0.143941 0.156341 0.184636 0.218685 0.168790 0.114078 0.118163 
0.241443 0.178802 0.211324 0.250372 0.205350 0.189364 0.178896 0.222829 0.199533 0.164634 0.181159 0.277813 0.213331 0.206179 0.189941 0.187478 0.151205 0.257528 0.300312 0.235431 0.217347 0.167206 0.180211 0.211265 0.250390 0.195373 0.130867 0.135382 
0.271405 0.201296 0.239303 0.283183 0.231237 0.217168 0.200537 0.253038 0.224554 0.182335 0.204310 0.314958 0.239091 0.231485 0.214731 0.211167 0.174459 0.291235 0.338466 0.267554 0.244525 0.191168 0.204556 0.238223 0.282450 0.222564 0.147891 0.152824 
0.301500 0.224017 0.267716 0.316488 0.257333 0.245815 0.222226 0.283801 0.249780 0.199704 0.227740 0.352696 0.264903 0.256878 0.239858 0.235100 0.198574 0.325390 0.376982 0.300389 0.271810 0.215839 0.229378 0.265513 0.314857 0.250359 0.165151 0.170487 
0.331712 0.246967 0.296557 0.350282 0.283630 0.275305 0.243959 0.315111 0.275208 0.216728 0.251451 0.391012 0.290759 0.282350 0.265316 0.259278 0.223555 0.359982 0.415852 0.333943 0.299182 0.241229 0.254680 0.293138 0.347605 0.278750 0.182644 0.188371 
0.362023 0.270146 0.325817 0.384562 0.310119 0.305637 0.265733 0.346961 0.300834 0.233394 0.275444 0.429890 0.316653 0.307889 0.291099 0.283700 0.249405 0.395001 0.455066 0.368221 0.326620 0.267349 0.280463 0.321100 0.380686 0.307731 0.200368 0.206475 
0.392419 0.293557 0.355491 0.419325 0.336793 0.336807 0.287545 0.379348 0.326656 0.249691 0.299719 0.469318 0.342579 0.333486 0.317200 0.308364 0.276124 0.430438 0.494616 0.403229 0.354106 0.294208 0.306731 0.349404 0.414096 0.337295 0.218321 0.224796 
0.422884 0.317201 0.385569 0.454565 0.363644 0.368813 0.309393 0.412264 0.352671 0.265607 0.324277 0.509280 0.368529 0.359133 0.343616 0.333270 0.303713 0.466283 0.534494 0.438969 0.381624 0.321816 0.333487 0.378053 0.447827 0.367436 0.236503 0.243333 
0.453404 0.341080 0.416046 0.490277 0.390665 0.401650 0.331276 0.445705 0.378876 0.281133 0.349119 0.549760 0.394499 0.384823 0.370340 0.358417 0.332171 0.502527 0.574693 0.475445 0.409156 0.350181 0.360735 0.407048 0.481875 0.398144 0.254912 0.262085 
0.483963 0.365196 0.446911 0.526456 0.417848 0.435314 0.353193 0.479666 0.405268 0.296259 0.374245 0.590746 0.420484 0.410546 0.397366 0.383802 0.361496 0.539161 0.615206 0.512659 0.436688 0.379312 0.388477 0.436394 0.516234 0.429413 0.273546 0.281049 
0.514550 0.389549 0.478158 0.563097 0.445187 0.469798 0.375144 0.514144 0.431847 0.310975 0.399656 0.632221 0.446479 0.436297 0.424688 0.409425 0.391684 0.576178 0.656026 0.550613 0.464205 0.409217 0.416717 0.466094 0.550897 0.461234 0.292403 0.300224 
0.545149 0.414143 0.509778 0.600192 0.472674 0.505095 0.397131 0.549134 0.458610 0.325273 0.425352 0.674170 0.472480 0.462070 0.452301 0.435284 0.422732 0.613569 0.697147 0.589306 0.491695 0.439903 0.445459 0.496149 0.585862 0.493599 0.311482 0.319607 
0.575748 0.438978 0.541761 0.637736 0.500305 0.541198 0.419156 0.584633 0.485555 0.339146 0.451333 0.716578 0.498482 0.487858 0.480199 0.461376 0.454632 0.651326 0.738562 0.628738 0.519145 0.471377 0.474708 0.526564 0.621121 0.526498 0.330782 0.339196 
0.606336 0.464056 0.574100 0.675720 0.528072 0.578097 0.441221 0.620638 0.512682 0.352586 0.477601 0.759430 0.524482 0.513657 0.508376 0.487700 0.487380 0.689442 0.780268 0.668909 0.546546 0.503645 0.504467 0.557340 0.656672 0.559921 0.350300 0.358989 
0.636900 0.489378 0.606785 0.714138 0.555969 0.615782 0.463329 0.657145 0.539989 0.365586 0.504155 0.802711 0.550477 0.539462 0.536826 0.514253 0.520965 0.727909 0.822258 0.709817 0.573886 0.536713 0.534741 0.588481 0.692510 0.593861 0.370035 0.378984 
0.667429 0.514947 0.639807 0.752981 0.583992 0.654243 0.485485 0.694152 0.567476 0.378142 0.530995 0.846404 0.576465 0.565270 0.565543 0.541032 0.555380 0.766722 0.864529 0.751457 0.601157 0.570586 0.565535 0.619990 0.728631 0.628305 0.389986 0.399177 
0.697911 0.540763 0.673156 0.792241 0.612133 0.693469 0.507693 0.731658 0.595143 0.390247 0.558122 0.890495 0.602443 0.591076 0.594521 0.568036 0.590614 0.805872 0.907076 0.793827 0.628352 0.605270 0.596854 0.651868 0.765031 0.663244 0.410150 0.419566 
0.728338 0.566829 0.706822 0.831909 0.640389 0.733446 0.529960 0.769660 0.622988 0.401898 0.585536 0.934968 0.628409 0.616879 0.623754 0.595261 0.626655 0.845354 0.949897 0.836923 0.655464 0.640767 0.628702 0.684119 0.801706 0.698668 0.430527 0.440149 
0.758698 0.593145 0.740795 0.871975 0.668753 0.774161 0.552290 0.808157 0.651013 0.413090 0.613237 0.979807 0.654362 0.642676 0.653237 0.622703 0.663490 0.885163 0.992987 0.880738 0.682487 0.677083 0.661085 0.716745 0.838653 0.734564 0.451115 0.460922 
0.788983 0.619714 0.775066 0.912430 0.697222 0.815600 0.574693 0.847149 0.679218 0.423821 0.641225 1.024995 0.680301 0.668465 0.682962 0.650361 0.701106 0.925291 1.036344 0.925266 0.709418 0.714220 0.694009 0.749748 0.875869 0.770922 0.471912 0.481882 
0.819184 0.646537 0.809622 0.953264 0.725791 0.857746 0.597176 0.886634 0.707603 0.434088 0.669500 1.070518 0.706224 0.694247 0.712924 0.678230 0.739486 0.965735 1.079965 0.970501 0.736253 0.752181 0.727479 0.783132 0.913352 0.807729 0.492916 0.503026 
0.849292 0.673615 0.844455 0.994466 0.754455 0.900584 0.619746 0.926612 0.736169 0.443888 0.698062 1.116358 0.732133 0.720020 0.743117 0.706307 0.778616 1.006489 1.123850 1.016435 0.762990 0.790968 0.761501 0.816898 0.951098 0.844974 0.514126 0.524351 
0.879299 0.700949 0.879552 1.036025 0.783211 0.944097 0.642415 0.967083 0.764917 0.453222 0.726910 1.162500 0.758027 0.745785 0.773534 0.734588 0.818477 1.047548 1.167996 1.063059 0.789627 0.830584 0.796082 0.851049 0.989106 0.882644 0.535541 0.545853 
0.909198 0.728543 0.914903 1.077929 0.812054 0.988266 0.665192 1.008049 0.793849 0.462088 0.756045 1.208927 0.783907 0.771543 0.804169 0.763069 0.859051 1.088909 1.212403 1.110363 0.816165 0.871029 0.831227 0.885587 1.027372 0.920726 0.557158 0.567529 
0.938983 0.756396 0.950496 1.120167 0.840981 1.033072 0.688087 1.049508 0.822966 0.470486 0.785466 1.255624 0.809774 0.797296 0.835017 0.791746 0.900318 1.130566 1.257070 1.158337 0.842605 0.912304 0.866943 0.920514 1.065896 0.959207 0.578977 0.589376 
0.968646 0.784510 0.986320 1.162725 0.869989 1.078494 0.711114 1.091464 0.852271 0.478417 0.815173 1.302572 0.835628 0.823044 0.866070 0.820614 0.942257 1.172516 1.301997 1.206969 0.868948 0.954410 0.903237 0.955833 1.104676 0.998073 0.600995 0.611388 
0.998182 0.812887 1.022362 1.205593 0.899075 1.124513 0.734284 1.133916 0.881766 0.485884 0.845166 1.349757 0.861473 0.848792 0.897322 0.849670 0.984845 1.214757 1.347184 1.256248 0.895198 0.997346 0.940116 0.991546 1.143710 1.037311 0.623211 0.633564 
1.027585 0.841528 1.058611 1.248755 0.928234 1.171106 0.757611 1.176868 0.911452 0.492886 0.875444 1.397161 0.887310 0.874542 0.928768 0.878908 1.028060 1.257284 1.392632 1.306161 0.921360 1.041111 0.977587 1.027655 1.182997 1.076905 0.645623 0.655897 
1.056850 0.870435 1.095054 1.292198 0.957466 1.218249 0.781108 1.220321 0.941334 0.499429 0.906006 1.444767 0.913142 0.900298 0.960400 0.908323 1.071875 1.300094 1.438342 1.356694 0.947438 1.085704 1.015657 1.064162 1.222536 1.116842 0.668231 0.678385 
1.085974 0.899609 1.131679 1.335909 0.986768 1.265920 0.804791 1.264277 0.971413 0.505514 0.936852 1.492558 0.938972 0.926065 0.992213 0.937911 1.116267 1.343186 1.484316 1.407833 0.973439 1.131124 1.054334 1.101069 1.262327 1.157107 0.691031 0.701023 
1.114951 0.929052 1.168473 1.379873 1.016136 1.314093 0.828675 1.308741 1.001693 0.511146 0.967982 1.540518 0.964803 0.951848 1.024199 0.967667 1.161208 1.386557 1.530556 1.459561 0.999370 1.177368 1.093626 1.138378 1.302370 1.197683 0.714023 0.723807 
1.143779 0.958764 1.205423 1.424075 1.045570 1.362743 0.852777 1.353715 1.032178 0.516330 0.999394 1.588628 0.990640 0.977652 1.056352 0.997584 1.206669 1.430205 1.577065 1.511863 1.025241 1.224434 1.133540 1.176091 1.342663 1.238557 0.737205 0.746732 
1.172454 0.988748 1.242515 1.468499 1.075068 1.411843 0.877113 1.399203 1.062871 0.521071 1.031089 1.636873 1.016486 1.003484 1.088666 1.027657 1.252621 1.474129 1.623845 1.564722 1.051060 1.272317 1.174085 1.214210 1.383207 1.279710 0.760575 0.769794 
1.200975 1.019005 1.279737 1.513130 1.104628 1.461365 0.901702 1.445209 1.093777 0.525374 1.063065 1.685235 1.042346 1.029350 1.121134 1.057881 1.299035 1.518326 1.670900 1.618119 1.076839 1.321015 1.215269 1.252736 1.424003 1.321127 0.784132 0.792988 
1.229338 1.049535 1.317075 1.557951 1.134249 1.511281 0.926562 1.491737 1.124899 0.529248 1.095321 1.733696 1.068226 1.055259 1.153749 1.088250 1.345877 1.562798 1.718234 1.672036 1.102589 1.370522 1.257101 1.291672 1.465050 1.362792 0.807874 0.816308 
1.257543 1.080342 1.354514 1.602946 1.163930 1.561562 0.951712 1.538792 1.156243 0.532699 1.127857 1.782238 1.094131 1.081217 1.186505 1.118757 1.393116 1.607541 1.765850 1.726454 1.128324 1.420835 1.299590 1.331020 1.506351 1.404687 0.831799 0.839751 
1.285588 1.111425 1.392041 1.648098 1.193670 1.612177 0.977173 1.586379 1.187814 0.535735 1.160672 1.830845 1.120067 1.107234 1.219396 1.149396 1.440717 1.652557 1.813754 1.781352 1.154056 1.471948 1.342743 1.370780 1.547905 1.446795 0.855907 0.863311 
1.313473 1.142786 1.429641 1.693388 1.223468 1.663094 1.002966 1.634505 1.219615 0.538364 1.193764 1.879497 1.146040 1.133319 1.252414 1.180160 1.488644 1.697846 1.861951 1.836708 1.179802 1.523855 1.386572 1.410954 1.589714 1.489097 0.880195 0.886982 
1.341198 1.174427 1.467300 1.738800 1.253325 1.714283 1.029112 1.683173 1.251654 0.540597 1.227133 1.928179 1.172057 1.159482 1.285552 1.211044 1.536863 1.743406 1.910446 1.892500 1.205578 1.576550 1.431084 1.451545 1.631780 1.531577 0.904661 0.910760 
1.368763 1.206348 1.505002 1.784314 1.283240 1.765708 1.055634 1.732392 1.283934 0.542442 1.260778 1.976871 1.198125 1.185733 1.318804 1.242040 1.585334 1.789240 1.959245 1.948707 1.231400 1.630026 1.476291 1.492553 1.674104 1.574214 0.929305 0.934640 
1.396170 1.238552 1.542733 1.829912 1.313214 1.817337 1.082555 1.782167 1.316463 0.543911 1.294697 2.025555 1.224251 1.212083 1.352164 1.273140 1.634019 1.835348 2.008355 2.005303 1.257287 1.684275 1.522200 1.533981 1.716688 1.616991 0.954124 0.958614 
1.423419 1.271039 1.580478 1.875574 1.343246 1.869134 1.109898 1.832505 1.349247 0.545016 1.328889 2.074214 1.250445 1.238544 1.385624 1.304339 1.682878 1.881731 2.057783 2.062264 1.283259 1.739291 1.568823 1.575829 1.759535 1.659889 0.979117 0.982678 
1.450513 1.303812 1.618221 1.921281 1.373338 1.921063 1.137690 1.883414 1.382292 0.545767 1.363353 2.122829 1.276713 1.265128 1.419177 1.335628 1.731871 1.928391 2.107535 2.119565 1.309335 1.795064 1.616170 1.618100 1.802647 1.702887 1.004283 1.006826 
1.477454 1.336870 1.655946 1.967013 1.403490 1.973088 1.165955 1.934901 1.415604 0.546177 1.398087 2.171382 1.303066 1.291848 1.452816 1.366999 1.780954 1.975329 2.157620 2.177179 1.335538 1.851585 1.664251 1.660793 1.846027 1.745966 1.029619 1.031053 
1.504245 1.370216 1.693637 2.012749 1.433703 2.025170 1.194719 1.986975 1.449191 0.546260 1.433090 2.219854 1.329511 1.318717 1.486535 1.398446 1.830084 2.022547 2.208046 2.235079 1.361890 1.908846 1.713077 1.703912 1.889677 1.789105 1.055124 1.055351 
1.530889 1.403850 1.731279 2.058468 1.463979 2.077270 1.224010 2.039643 1.483059 0.546030 1.468361 2.268227 1.356060 1.345749 1.520326 1.429960 1.879217 2.070049 2.258821 2.293238 1.388415 1.966837 1.762658 1.747456 1.933602 1.832285 1.080797 1.079715 
1.557391 1.437774 1.768854 2.104148 1.494320 2.129350 1.253855 2.092915 1.517217 0.545501 1.503899 2.316482 1.382720 1.372959 1.554183 1.461533 1.928306 2.117836 2.309954 2.351626 1.415137 2.025547 1.813006 1.791428 1.977804 1.875483 1.106635 1.104139 
1.583754 1.471990 1.806347 2.149768 1.524726 2.181367 1.284283 2.146799 1.551672 0.544689 1.539701 2.364601 1.409505 1.400362 1.588099 1.493157 1.977305 2.165913 2.361455 2.410214 1.442083 2.084965 1.864131 1.835828 2.022287 1.918679 1.132638 1.128616 
1.609983 1.506498 1.843740 2.195306 1.555201 2.233282 1.315324 2.201305 1.586432 0.543609 1.575765 2.412564 1.436423 1.427974 1.622065 1.524823 2.026165 2.214281 2.413334 2.468972 1.469279 2.145081 1.916046 1.880657 2.067055 1.961851 1.158804 1.153139 
1.636084 1.541299 1.881015 2.240738 1.585746 2.285050 1.347007 2.256443 1.621506 0.542277 1.612092 2.460352 1.463486 1.455812 1.656076 1.556522 2.074837 2.262945 2.465601 2.527867 1.496753 2.205881 1.968762 1.925917 2.112112 2.004978 1.185130 1.177703 
1.662063 1.576396 1.918157 2.286041 1.616364 2.336629 1.379363 2.312222 1.656902 0.540712 1.648677 2.507948 1.490707 1.483891 1.690123 1.588246 2.123270 2.311910 2.518267 2.586868 1.524535 2.267355 2.022290 1.971609 2.157463 2.048035 1.211616 1.202300 
1.687926 1.611788 1.955147 2.331193 1.647058 2.387975 1.412424 2.368655 1.692628 0.538930 1.685521 2.555330 1.518096 1.512230 1.724201 1.619986 2.171412 2.361178 2.571342 2.645942 1.552655 2.329488 2.076643 2.017732 2.203113 2.091002 1.238259 1.226923 
1.713679 1.647478 1.991968 2.376168 1.677831 2.439041 1.446222 2.425751 1.728694 0.536951 1.722620 2.602481 1.545667 1.540847 1.758301 1.651732 2.219211 2.410755 2.624840 2.705055 1.581144 2.392268 2.131834 2.064290 2.249065 2.133855 1.265059 1.251565 
1.739331 1.683467 2.028601 2.420942 1.708685 2.489781 1.480791 2.483521 1.765110 0.534794 1.759974 2.649380 1.573433 1.569761 1.792416 1.683475 2.266612 2.460645 2.678771 2.764173 1.610034 2.455681 2.187873 2.111282 2.295326 2.176570 1.292014 1.276220 
1.764888 1.719755 2.065029 2.465491 1.739625 2.540150 1.516164 2.541978 1.801884 0.532478 1.797580 2.696009 1.601406 1.598991 1.826539 1.715206 2.313560 2.510855 2.733149 2.823259 1.639360 2.519712 2.244775 2.158708 2.341900 2.219124 1.319121 1.300880 
1.790360 1.756344 2.101233 2.509789 1.770653 2.590097 1.552376 2.601133 1.839027 0.530023 1.835435 2.742348 1.629600 1.628557 1.860663 1.746914 2.359999 2.561389 2.787986 2.882278 1.669154 2.584347 2.302552 2.206571 2.388794 2.261492 1.346380 1.325538 
1.815754 1.793234 2.137194 2.553810 1.801775 2.639575 1.589462 2.660998 1.876549 0.527452 1.873539 2.788376 1.658031 1.658479 1.894780 1.778591 2.405870 2.612253 2.843295 2.941192 1.699453 2.649570 2.361218 2.254871 2.436014 2.303651 1.373788 1.350186 
1.841081 1.830429 2.172893 2.597528 1.832994 2.688533 1.627459 2.721588 1.914460 0.524785 1.911889 2.834075 1.686711 1.688779 1.928883 1.810224 2.451115 2.663453 2.899091 2.999964 1.730294 2.715365 2.420784 2.303608 2.483564 2.345575 1.401345 1.374816 
1.866350 1.867927 2.208311 2.640917 1.864314 2.736920 1.666404 2.782913 1.952771 0.522046 1.950482 2.879424 1.715657 1.719479 1.962964 1.841806 2.495674 2.714997 2.955388 3.058554 1.761714 2.781716 2.481266 2.352782 2.531452 2.387238 1.429048 1.399421 
1.891571 1.905731 2.243429 2.683948 1.895740 2.784684 1.706334 2.844988 1.991493 0.519257 1.989317 2.924404 1.744883 1.750600 1.997016 1.873324 2.539486 2.766890 3.012200 3.116923 1.793753 2.848607 2.542676 2.402396 2.579685 2.428617 1.456896 1.423994 
1.916755 1.943841 2.278228 2.726596 1.927278 2.831773 1.747288 2.907828 2.030637 0.516442 2.028391 2.968994 1.774405 1.782166 2.031032 1.904768 2.582488 2.819139 3.069542 3.175030 1.826449 2.916018 2.605028 2.452448 2.628268 2.469684 1.484887 1.448526 
1.941913 1.982259 2.312687 2.768832 1.958931 2.878133 1.789306 2.971444 2.070215 0.513626 2.067702 3.013174 1.804239 1.814201 2.065003 1.936128 2.624616 2.871753 3.127431 3.232834 1.859845 2.983934 2.668337 2.502940 2.677210 2.510414 1.513020 1.473008 
1.967057 2.020986 2.346786 2.810627 1.990706 2.923709 1.832426 3.035854 2.110237 0.510833 2.107248 3.056925 1.834403 1.846728 2.098923 1.967392 2.665806 2.924738 3.185882 3.290293 1.893982 3.052334 2.732617 2.553872 2.726518 2.550780 1.541292 1.497434 
1.992199 2.060023 2.380506 2.851953 2.022608 2.968445 1.876690 3.101070 2.150717 0.508089 2.147025 3.100224 1.864913 1.879771 2.132783 1.998550 2.705991 2.978103 3.244911 3.347363 1.928903 3.121201 2.797882 2.605244 2.776198 2.590755 1.569704 1.521794 
2.017353 2.099371 2.413825 2.892781 2.054643 3.012285 1.922140 3.167109 2.191667 0.505421 2.187032 3.143053 1.895786 1.913358 2.166576 2.029589 2.745105 3.031857 3.304535 3.404001 1.964653 3.190515 2.864148 2.657058 2.826259 2.630311 1.598252 1.546080 
2.042530 2.139030 2.446723 2.933080 2.086816 3.055172 1.968818 3.233986 2.233098 0.502856 2.227265 3.185390 1.927040 1.947512 2.200295 2.060498 2.783080 3.086007 3.364772 3.460162 2.001276 3.260256 2.931428 2.709312 2.876710 2.669422 1.626935 1.570284 
2.067745 2.179003 2.479179 2.972821 2.119135 3.097047 2.016767 3.301717 2.275024 0.500421 2.267723 3.227215 1.958694 1.982262 2.233931 2.091266 2.819845 3.140562 3.425640 3.515801 2.038820 3.330404 2.999739 2.762008 2.927557 2.708059 1.655752 1.594397 
2.093012 2.219290 2.511172 3.011973 2.151605 3.137850 2.066030 3.370318 2.317458 0.498146 2.308403 3.268508 1.990765 2.017634 2.267477 2.121881 2.855330 3.195533 3.487156 3.570871 2.077332 3.400938 3.069095 2.815145 2.978810 2.746193 1.684700 1.618410 
2.118345 2.259893 2.542681 3.050506 2.184233 3.177522 2.116653 3.439806 2.360413 0.496057 2.349301 3.309246 2.023274 2.053655 2.300925 2.152330 2.889463 3.250928 3.549339 3.625324 2.116860 3.471835 3.139512 2.868724 3.030478 2.783797 1.713779 1.642315 
2.143760 2.300811 2.573683 3.088387 2.217027 3.216001 2.168680 3.510198 2.403903 0.494187 2.390415 3.349409 2.056240 2.090354 2.334267 2.182601 2.922171 3.306757 3.612209 3.679114 2.157454 3.543075 3.211005 2.922744 3.082570 2.820840 1.742987 1.666101 
2.169273 2.342047 2.604157 3.125585 2.249993 3.253225 2.222159 3.581512 2.447942 0.492564 2.431743 3.388976 2.089682 2.127760 2.367496 2.212681 2.953380 3.363031 3.675784 3.732191 2.199164 3.614635 3.283592 2.977207 3.135094 2.857295 1.772321 1.689761 
2.194899 2.383601 2.634081 3.162068 2.283139 3.289131 2.277135 3.653765 2.492543 0.491220 2.473280 3.427926 2.123621 2.165902 2.400603 2.242559 2.983014 3.419760 3.740084 3.784504 2.242043 3.686492 3.357287 3.032111 3.188060 2.893130 1.801781 1.713285 
2.220655 2.425474 2.663433 3.197803 2.316473 3.323654 2.333657 3.726975 2.537721 0.490186 2.515025 3.466238 2.158077 2.204811 2.433580 2.272221 3.010997 3.476955 3.805131 3.836005 2.286144 3.758623 3.432107 3.087457 3.241478 2.928316 1.831365 1.736663 
2.246559 2.467668 2.692190 3.232757 2.350003 3.356731 2.391772 3.801161 2.583490 0.489495 2.556975 3.503890 2.193072 2.244517 2.466420 2.301654 3.037251 3.534626 3.870944 3.886640 2.331519 3.831003 3.508069 3.143245 3.295359 2.962823 1.861071 1.759886 
2.272627 2.510183 2.720329 3.266896 2.383736 3.388294 2.451531 3.876342 2.629867 0.489180 2.599125 3.540860 2.228627 2.285051 2.499115 2.330845 3.061697 3.592786 3.937545 3.936359 2.378225 3.903608 3.585189 3.199475 3.349712 2.996619 1.890898 1.782944 
2.298878 2.553020 2.747827 3.300187 2.417681 3.418278 2.512983 3.952536 2.676864 0.489274 2.641473 3.577128 2.264764 2.326445 2.531656 2.359781 3.084255 3.651446 4.004955 3.985108 2.426318 3.976413 3.663485 3.256145 3.404547 3.029674 1.920844 1.805828 
2.325331 2.596180 2.774662 3.332594 2.451847 3.446614 2.576178 4.029764 2.724499 0.489812 2.684016 3.612671 2.301505 2.368732 2.564035 2.388448 3.104843 3.710617 4.073197 4.032832 2.475854 4.049393 3.742973 3.313258 3.459876 3.061955 1.950906 1.828528 
2.352005 2.639664 2.800809 3.364084 2.486243 3.473234 2.641169 4.108046 2.772787 0.490828 2.726751 3.647467 2.338874 2.411945 2.596245 2.416832 3.123379 3.770314 4.142294 4.079478 2.526892 4.122522 3.823671 3.370811 3.515709 3.093432 1.981085 1.851033 
2.378919 2.683474 2.826245 3.394620 2.520877 3.498067 2.708008 4.187401 2.821744 0.492358 2.769674 3.681495 2.376892 2.456117 2.628277 2.444919 3.139779 3.830547 4.212267 4.124990 2.579491 4.195773 3.905597 3.428804 3.572057 3.124072 2.011377 1.873335 
2.406093 2.727610 2.850946 3.424167 2.555759 3.521044 2.776747 4.267850 2.871386 0.494438 2.812782 3.714733 2.415584 2.501283 2.660123 2.472696 3.153959 3.891330 4.283141 4.169310 2.633713 4.269119 3.988768 3.487238 3.628933 3.153842 2.041782 1.895421 
2.433548 2.772072 2.874888 3.452690 2.590898 3.542093 2.847440 4.349415 2.921729 0.497106 2.856071 3.747158 2.454974 2.547478 2.691775 2.500148 3.165831 3.952677 4.354939 4.212383 2.689617 4.342534 4.073203 3.546112 3.686347 3.182709 2.072298 1.917283 
2.461304 2.816863 2.898046 3.480150 2.626305 3.561142 2.920142 4.432116 2.972790 0.500398 2.899539 3.778748 2.495087 2.594736 2.723224 2.527260 3.175310 4.014600 4.427685 4.254150 2.747267 4.415988 4.158918 3.605425 3.744312 3.210641 2.102923 1.938910 
2.489385 2.861982 2.920397 3.506512 2.661990 3.578117 2.994908 4.515976 3.024586 0.504353 2.943180 3.809482 2.535946 2.643095 2.754462 2.554018 3.182307 4.077114 4.501405 4.294551 2.806727 4.489453 4.245934 3.665176 3.802839 3.237604 2.133655 1.960290 
2.517810 2.907431 2.941915 3.531737 2.697962 3.592943 3.071794 4.601016 3.077135 0.509010 2.986993 3.839336 2.577577 2.692590 2.785482 2.580408 3.186731 4.140233 4.576123 4.333528 2.868061 4.562901 4.334268 3.725366 3.861942 3.263563 2.164494 1.981415 
NaN NaN NaN NaN NaN NaN NaN NaN NaN NaN NaN NaN NaN NaN NaN NaN NaN NaN NaN NaN NaN NaN NaN NaN NaN NaN NaN NaN 
NaN NaN NaN NaN NaN NaN NaN NaN NaN NaN NaN NaN NaN NaN NaN NaN NaN NaN NaN NaN NaN NaN NaN NaN NaN NaN NaN NaN 
NaN NaN NaN NaN NaN NaN NaN NaN NaN NaN NaN NaN NaN NaN NaN NaN NaN NaN NaN NaN NaN NaN NaN NaN NaN NaN NaN NaN 
NaN NaN NaN NaN NaN NaN NaN NaN NaN NaN NaN NaN NaN NaN NaN NaN NaN NaN NaN NaN NaN NaN NaN NaN NaN NaN NaN NaN 
