NaN NaN NaN NaN NaN NaN NaN 
NaN NaN NaN NaN NaN NaN NaN 
NaN NaN NaN NaN NaN NaN NaN 
NaN NaN NaN NaN NaN NaN NaN 
NaN NaN NaN NaN NaN NaN NaN 
-0.414375 -1.046684 -0.414996 -0.535751 -0.756678 -0.811971 -0.502961 
-0.429565 -1.036020 -0.422465 -0.543299 -0.729845 -0.803505 -0.492059 
-0.440124 -1.030827 -0.426467 -0.569239 -0.724073 -0.814127 -0.484442 
-0.456085 -1.032960 -0.431868 -0.594281 -0.727742 -0.798923 -0.484180 
-0.483246 -1.049009 -0.448444 -0.615361 -0.740456 -0.792921 -0.493295 
-0.523466 -1.075891 -0.485744 -0.664026 -0.757389 -0.800485 -0.513556 
-0.543394 -1.104688 -0.512881 -0.719802 -0.785024 -0.828006 -0.538878 
-0.554072 -1.124241 -0.553773 -0.773485 -0.821845 -0.844413 -0.556685 
-0.569918 -1.152310 -0.590673 -0.835154 -0.839117 -0.846431 -0.574398 
-0.583145 -1.189277 -0.630147 -0.875568 -0.872400 -0.869852 -0.596598 
-0.592838 -1.223387 -0.677032 -0.926416 -0.899664 -0.889042 -0.620624 
-0.591387 -1.239208 -0.712336 -0.968989 -0.914562 -0.903858 -0.633938 
-0.598547 -1.251740 -0.727905 -0.988069 -0.917165 -0.900064 -0.640558 
-0.587425 -1.252876 -0.734664 -1.012283 -0.912386 -0.901949 -0.639260 
-0.555771 -1.231915 -0.733383 -1.026024 -0.893417 -0.883800 -0.620028 
-0.513087 -1.200067 -0.720424 -1.015459 -0.859617 -0.841865 -0.588050 
-0.511498 -1.173822 -0.717382 -0.997284 -0.836699 -0.808708 -0.567204 
-0.500468 -1.136568 -0.704057 -0.984771 -0.810150 -0.777609 -0.542998 
-0.495744 -1.105936 -0.692139 -0.950667 -0.783839 -0.759535 -0.516318 
-0.478282 -1.061213 -0.665361 -0.935056 -0.748511 -0.730877 -0.484158 
-0.456064 -1.008471 -0.635258 -0.887824 -0.713143 -0.693567 -0.456253 
-0.441025 -0.965864 -0.596970 -0.852564 -0.677504 -0.654083 -0.435119 
-0.420039 -0.930250 -0.579052 -0.815784 -0.648591 -0.613643 -0.409278 
-0.429581 -0.922339 -0.588531 -0.804846 -0.653867 -0.595760 -0.404432 
-0.466797 -0.924777 -0.618636 -0.837789 -0.698825 -0.609209 -0.439576 
-0.466546 -0.910778 -0.625703 -0.845415 -0.719995 -0.621294 -0.444100 
-0.443217 -0.888911 -0.602694 -0.842366 -0.700231 -0.609337 -0.426369 
-0.441253 -0.868580 -0.577463 -0.819987 -0.685151 -0.584125 -0.404071 
-0.420777 -0.839255 -0.553992 -0.801766 -0.666513 -0.559480 -0.390450 
-0.409612 -0.811876 -0.541563 -0.772659 -0.645790 -0.528118 -0.377517 
-0.398264 -0.790649 -0.527242 -0.751941 -0.618874 -0.508131 -0.358831 
-0.374374 -0.750125 -0.516027 -0.724267 -0.591082 -0.487798 -0.341276 
-0.387744 -0.735548 -0.510096 -0.719827 -0.586318 -0.483253 -0.349586 
-0.423512 -0.732313 -0.532737 -0.759809 -0.609527 -0.498131 -0.380881 
-0.399458 -0.707987 -0.514068 -0.732984 -0.569804 -0.477121 -0.351768 
-0.394573 -0.683938 -0.495066 -0.694162 -0.528287 -0.454330 -0.333873 
-0.385449 -0.654530 -0.492099 -0.672960 -0.504205 -0.426544 -0.325118 
-0.359521 -0.622620 -0.481394 -0.662903 -0.468615 -0.407379 -0.323288 
-0.347688 -0.588954 -0.472818 -0.643354 -0.451547 -0.390985 -0.310437 
-0.330348 -0.550708 -0.461782 -0.617384 -0.429076 -0.381201 -0.294851 
-0.312987 -0.506655 -0.440372 -0.585187 -0.395620 -0.359228 -0.279085 
-0.305112 -0.478197 -0.423300 -0.566772 -0.375657 -0.342464 -0.259699 
-0.262735 -0.429648 -0.386864 -0.515056 -0.330972 -0.319145 -0.218701 
-0.181013 -0.346629 -0.294161 -0.386355 -0.227105 -0.228080 -0.136177 
-0.124612 -0.262489 -0.216801 -0.295245 -0.152203 -0.164102 -0.086750 
-0.085923 -0.190415 -0.158364 -0.237761 -0.101188 -0.115570 -0.055236 
-0.056669 -0.126941 -0.096659 -0.172365 -0.056213 -0.076496 -0.029134 
-0.038399 -0.076793 -0.047562 -0.107671 -0.017799 -0.044790 -0.005425 
-0.011260 -0.031111 -0.006017 -0.047594 0.032314 -0.027357 0.013061 
0.006103 0.011158 0.040359 -0.001981 0.065103 0.014889 0.026203 
0.022770 0.050736 0.074620 0.052627 0.079900 0.044153 0.035312 
0.040913 0.089485 0.109195 0.107399 0.093018 0.078036 0.038669 
0.062656 0.130912 0.135604 0.161877 0.108207 0.109803 0.045944 
0.086449 0.175346 0.157914 0.204910 0.119733 0.122885 0.059784 
0.114653 0.216622 0.178278 0.255047 0.141487 0.147162 0.080742 
0.142799 0.263935 0.206429 0.316891 0.159751 0.176560 0.101885 
0.172693 0.306304 0.241165 0.378800 0.181835 0.198124 0.126174 
0.209713 0.353044 0.278739 0.428818 0.203398 0.231114 0.152671 
0.239651 0.402075 0.309207 0.474707 0.223363 0.269081 0.180392 
0.280310 0.449263 0.338590 0.534910 0.248647 0.285425 0.209372 
0.323615 0.496010 0.369697 0.579711 0.282757 0.313040 0.243998 
0.365611 0.542501 0.405269 0.631942 0.322629 0.332594 0.273441 
0.392067 0.586989 0.442032 0.671371 0.358368 0.374148 0.302437 
0.441349 0.633272 0.493642 0.724855 0.392469 0.395348 0.326713 
0.483111 0.673889 0.542128 0.799664 0.418071 0.422211 0.353752 
0.530182 0.719856 0.585915 0.861471 0.452864 0.441826 0.382897 
0.577915 0.773325 0.615174 0.921796 0.479188 0.480358 0.414979 
0.623041 0.828723 0.648691 0.990055 0.512734 0.508393 0.449871 
0.676975 0.878995 0.705854 1.052634 0.552891 0.546303 0.490278 
0.720679 0.932631 0.755694 1.110870 0.595039 0.577925 0.529348 
0.758831 0.989389 0.801798 1.173594 0.621898 0.601099 0.562149 
0.795333 1.040281 0.844574 1.255846 0.658380 0.638930 0.600196 
0.849981 1.093880 0.882702 1.319612 0.687016 0.670466 0.639308 
0.895213 1.140819 0.916376 1.379256 0.726539 0.713213 0.676850 
0.942498 1.198805 0.956578 1.428047 0.758461 0.755541 0.713362 
0.987991 1.256075 1.003669 1.488050 0.795594 0.809000 0.750985 
1.037884 1.307067 1.050231 1.552098 0.837201 0.834542 0.789991 
1.091043 1.359301 1.109013 1.625845 0.870188 0.866152 0.837739 
1.131298 1.420078 1.149075 1.691846 0.897634 0.899111 0.874796 
1.191775 1.479073 1.190415 1.738075 0.926553 0.945900 0.917734 
1.255720 1.535297 1.241750 1.806500 0.968814 1.008808 0.960114 
1.318691 1.593247 1.298564 1.865542 1.002332 1.058745 1.005584 
1.387133 1.660865 1.363150 1.929169 1.041253 1.100407 1.047451 
1.434907 1.732770 1.424167 2.016621 1.084443 1.139490 1.096625 
1.490040 1.786151 1.480164 2.087389 1.130218 1.185019 1.153652 
1.554298 1.839976 1.541866 2.152039 1.169762 1.219471 1.207069 
1.619278 1.900609 1.604665 2.223557 1.208248 1.273100 1.265167 
1.681037 1.963044 1.662768 2.282542 1.249619 1.334978 1.303150 
1.748866 2.019089 1.734359 2.363111 1.299443 1.385430 1.345540 
1.806447 2.081575 1.805561 2.466918 1.342983 1.421969 1.384576 
1.858001 2.147340 1.872973 2.553532 1.385374 1.462796 1.433627 
1.919788 2.223743 1.933166 2.627165 1.428480 1.503769 1.487840 
1.981259 2.281065 1.992311 2.701835 1.481631 1.547924 1.541061 
2.050080 2.345716 2.044829 2.784661 1.516160 1.598173 1.593430 
2.113633 2.421337 2.112610 2.856542 1.558777 1.643135 1.639102 
2.174408 2.499651 2.173014 2.956197 1.608971 1.705595 1.686975 
2.248091 2.566166 2.236868 3.038233 1.655836 1.754635 1.724075 
2.310947 2.629998 2.288595 3.128238 1.698372 1.800558 1.773177 
2.377045 2.694676 2.341565 3.214197 1.746764 1.854975 1.824553 
2.442522 2.759437 2.409970 3.285479 1.796288 1.920235 1.878843 
2.515079 2.831650 2.469129 3.363497 1.845147 1.964207 1.926348 
2.586362 2.897087 2.539896 3.430067 1.886783 2.019690 1.968898 
2.653289 2.974431 2.607829 3.525598 1.935559 2.075396 2.023765 
2.728995 3.052556 2.683831 3.588433 1.987930 2.133253 2.077233 
2.800183 3.124413 2.752453 3.671623 2.030605 2.179631 2.128088 
2.873137 3.190673 2.818202 3.734004 2.071376 2.224085 2.180635 
2.919173 3.263174 2.893453 3.809479 2.122900 2.279822 2.243969 
2.988882 3.332843 2.969535 3.890062 2.197874 2.340296 2.307623 
3.054199 3.413149 3.041220 3.966932 2.241232 2.389227 2.365399 
3.129859 3.483134 3.107378 4.038593 2.297766 2.447253 2.416999 
3.198746 3.544839 3.179809 4.114347 2.359351 2.511112 2.469368 
3.262344 3.613789 3.238717 4.204995 2.415230 2.581658 2.523095 
3.328158 3.680169 3.303444 4.277137 2.466200 2.630846 2.568013 
3.395010 3.739619 3.370497 4.362604 2.514889 2.691059 2.614089 
3.457670 3.811542 3.430839 4.434929 2.580957 2.762385 2.661700 
3.519060 3.883796 3.499325 4.518129 2.638363 2.814741 2.714947 
3.596185 3.958723 3.558451 4.589776 2.686916 2.876606 2.770238 
3.662246 4.027258 3.628851 4.664474 2.716293 2.931141 2.814886 
3.733173 4.089074 3.698527 4.731459 2.772677 2.997473 2.865702 
3.778469 4.157500 3.768008 4.816682 2.819071 3.062916 2.914808 
3.833279 4.223090 3.837324 4.881998 2.860423 3.128353 2.972106 
3.895015 4.285321 3.916274 4.966300 2.916576 3.179566 3.028318 
3.951786 4.357534 3.988197 5.037650 2.964323 3.256602 3.078531 
4.010487 4.426203 4.060016 5.100717 3.022045 3.327189 3.124621 
4.062111 4.491047 4.131796 5.185005 3.059578 3.396036 3.179030 
4.111160 4.552532 4.203364 5.260818 3.105890 3.475945 3.236106 
4.163107 4.617760 4.268843 5.337812 3.147235 3.541991 3.281954 
4.223815 4.693718 4.340447 5.418839 3.195124 3.595467 3.339173 
4.272421 4.766005 4.414712 5.514964 3.241156 3.647822 3.387120 
4.324463 4.839321 4.484420 5.600824 3.274149 3.701245 3.444081 
4.374674 4.912070 4.557942 5.691068 3.319519 3.757778 3.494566 
4.427917 4.988789 4.628559 5.773917 3.360539 3.816794 3.543560 
4.482290 5.060012 4.720843 5.869384 3.409188 3.880707 3.600355 
4.528371 5.137995 4.790664 5.979934 3.457355 3.944983 3.658359 
4.595893 5.206067 4.863399 6.080227 3.508614 4.002333 3.709204 
4.662909 5.278453 4.941532 6.169907 3.558635 4.044684 3.754784 
4.709714 5.350232 5.017465 6.269089 3.618455 4.109509 3.806299 
4.751079 5.422883 5.080153 6.374755 3.667047 4.179259 3.862075 
4.800951 5.496423 5.149463 6.452871 3.715225 4.242276 3.922963 
4.869182 5.563547 5.225660 6.550232 3.779636 4.308989 3.972661 
4.932270 5.641918 5.293693 6.655663 3.824607 4.372296 4.024644 
NaN NaN NaN NaN NaN NaN NaN 
NaN NaN NaN NaN NaN NaN NaN 
NaN NaN NaN NaN NaN NaN NaN 
NaN NaN NaN NaN NaN NaN NaN 
