NaN NaN NaN NaN NaN NaN NaN NaN NaN NaN NaN NaN NaN NaN NaN NaN NaN NaN NaN NaN NaN 
NaN NaN NaN NaN NaN NaN NaN NaN NaN NaN NaN NaN NaN NaN NaN NaN NaN NaN NaN NaN NaN 
NaN NaN NaN NaN NaN NaN NaN NaN NaN NaN NaN NaN NaN NaN NaN NaN NaN NaN NaN NaN NaN 
NaN NaN NaN NaN NaN NaN NaN NaN NaN NaN NaN NaN NaN NaN NaN NaN NaN NaN NaN NaN NaN 
NaN NaN NaN NaN NaN NaN NaN NaN NaN NaN NaN NaN NaN NaN NaN NaN NaN NaN NaN NaN NaN 
NaN NaN NaN NaN NaN NaN NaN NaN NaN NaN NaN NaN NaN NaN NaN NaN NaN NaN NaN NaN NaN 
0.314662 -0.058570 -1.428909 -1.358951 -1.310079 -2.210059 0.249400 -1.392384 -0.594269 -0.234053 -1.945627 0.797506 -0.196983 -0.436891 -2.192193 -1.963235 -1.449546 -1.142229 -0.823189 0.420704 -2.437779 
0.243856 -0.085718 -1.448673 -1.386580 -1.277221 -2.162826 0.133236 -1.299824 -0.612068 -0.336334 -1.888634 0.718709 -0.252772 -0.495634 -2.102662 -1.896654 -1.440881 -1.132164 -0.781874 0.295594 -2.422346 
0.176638 -0.111456 -1.465322 -1.410624 -1.245937 -2.116427 0.023227 -1.213158 -0.628916 -0.431234 -1.832879 0.643847 -0.305120 -0.550152 -2.016343 -1.832158 -1.431010 -1.121936 -0.742268 0.178510 -2.404567 
0.112944 -0.135798 -1.478934 -1.431178 -1.216125 -2.070801 -0.080734 -1.132136 -0.644783 -0.518973 -1.778322 0.572819 -0.354092 -0.600545 -1.933135 -1.769672 -1.419957 -1.111511 -0.704321 0.069212 -2.384510 
0.052712 -0.158760 -1.489588 -1.448334 -1.187680 -2.025887 -0.178751 -1.056515 -0.659644 -0.599769 -1.724923 0.505527 -0.399756 -0.646915 -1.852937 -1.709122 -1.407745 -1.100859 -0.667985 -0.032537 -2.362244 
-0.004119 -0.180354 -1.497361 -1.462185 -1.160502 -1.981627 -0.270928 -0.986053 -0.673472 -0.673835 -1.672643 0.441872 -0.442178 -0.689362 -1.775651 -1.650436 -1.394397 -1.089946 -0.633213 -0.126969 -2.337835 
-0.057610 -0.200595 -1.502328 -1.472821 -1.134492 -1.937963 -0.357370 -0.920514 -0.686242 -0.741383 -1.621443 0.381758 -0.481422 -0.727984 -1.701177 -1.593542 -1.379938 -1.078743 -0.599957 -0.214315 -2.311348 
-0.107822 -0.219497 -1.504565 -1.480331 -1.109551 -1.894837 -0.438178 -0.859665 -0.697929 -0.802622 -1.571285 0.325090 -0.517553 -0.762878 -1.629420 -1.538370 -1.364389 -1.067219 -0.568171 -0.294801 -2.282850 
-0.154816 -0.237073 -1.504146 -1.484805 -1.085585 -1.852196 -0.513456 -0.803275 -0.708509 -0.857757 -1.522131 0.271772 -0.550636 -0.794141 -1.560285 -1.484849 -1.347774 -1.055346 -0.537807 -0.368651 -2.252403 
-0.198651 -0.253340 -1.501143 -1.486327 -1.062499 -1.809983 -0.583305 -0.751120 -0.717960 -0.906988 -1.473944 0.221714 -0.580734 -0.821868 -1.493678 -1.432912 -1.330114 -1.043093 -0.508820 -0.436083 -2.220071 
-0.239388 -0.268310 -1.495629 -1.484986 -1.040201 -1.768145 -0.647824 -0.702978 -0.726259 -0.950517 -1.426688 0.174824 -0.607909 -0.846153 -1.429506 -1.382490 -1.311431 -1.030434 -0.481163 -0.497316 -2.185914 
-0.277084 -0.281998 -1.487674 -1.480865 -1.018601 -1.726631 -0.707115 -0.658630 -0.733384 -0.988538 -1.380326 0.131012 -0.632225 -0.867090 -1.367679 -1.333516 -1.291747 -1.017341 -0.454792 -0.552561 -2.149993 
-0.311800 -0.294419 -1.477348 -1.474047 -0.997610 -1.685389 -0.761275 -0.617862 -0.739315 -1.021244 -1.334824 0.090190 -0.653742 -0.884770 -1.308105 -1.285927 -1.271083 -1.003786 -0.429662 -0.602028 -2.112369 
-0.343593 -0.305586 -1.464721 -1.464616 -0.977141 -1.644368 -0.810404 -0.580465 -0.744032 -1.048825 -1.290147 0.052270 -0.672523 -0.899284 -1.250697 -1.239655 -1.249460 -0.989745 -0.405728 -0.645925 -2.073098 
-0.372521 -0.315515 -1.449861 -1.452651 -0.957109 -1.603521 -0.854599 -0.546231 -0.747515 -1.071468 -1.246260 0.017167 -0.688627 -0.910721 -1.195368 -1.194639 -1.226899 -0.975191 -0.382946 -0.684454 -2.032239 
-0.398641 -0.324221 -1.432835 -1.438233 -0.937431 -1.562799 -0.893956 -0.514958 -0.749747 -1.089356 -1.203130 -0.015202 -0.702115 -0.919170 -1.142032 -1.150815 -1.203419 -0.960100 -0.361273 -0.717814 -1.989848 
-0.422011 -0.331716 -1.413709 -1.421440 -0.918025 -1.522156 -0.928573 -0.486446 -0.750710 -1.102670 -1.160724 -0.044922 -0.713046 -0.924719 -1.090603 -1.108121 -1.179042 -0.944447 -0.340665 -0.746203 -1.945981 
-0.442687 -0.338018 -1.392547 -1.402349 -0.898812 -1.481545 -0.958543 -0.460501 -0.750386 -1.111588 -1.119009 -0.072074 -0.721478 -0.927453 -1.041000 -1.066498 -1.153787 -0.928210 -0.321078 -0.769812 -1.900691 
-0.460725 -0.343139 -1.369414 -1.381037 -0.879713 -1.440923 -0.983963 -0.436931 -0.748760 -1.116284 -1.077954 -0.096737 -0.727471 -0.927458 -0.993140 -1.025885 -1.127674 -0.911365 -0.302472 -0.788833 -1.854032 
-0.476182 -0.347095 -1.344374 -1.357579 -0.860652 -1.400246 -1.004925 -0.415548 -0.745816 -1.116929 -1.037526 -0.118991 -0.731081 -0.924818 -0.946942 -0.986224 -1.100720 -0.893890 -0.284803 -0.803451 -1.806055 
-0.489112 -0.349901 -1.317488 -1.332048 -0.841555 -1.359472 -1.021523 -0.396168 -0.741540 -1.113691 -0.997696 -0.138913 -0.732365 -0.919615 -0.902328 -0.947457 -1.072946 -0.875764 -0.268031 -0.813849 -1.756812 
-0.499570 -0.351572 -1.288817 -1.304516 -0.822350 -1.318560 -1.033849 -0.378612 -0.735918 -1.106736 -0.958433 -0.156580 -0.731380 -0.911932 -0.859219 -0.909527 -1.044370 -0.856967 -0.252113 -0.820207 -1.706354 
-0.507612 -0.352122 -1.258422 -1.275056 -0.802965 -1.277470 -1.041994 -0.362703 -0.728937 -1.096227 -0.919706 -0.172065 -0.728182 -0.901849 -0.817538 -0.872379 -1.015010 -0.837478 -0.237009 -0.822701 -1.654728 
-0.513290 -0.351566 -1.226361 -1.243737 -0.783331 -1.236163 -1.046050 -0.348269 -0.720584 -1.082321 -0.881488 -0.185442 -0.722826 -0.889445 -0.777212 -0.835959 -0.984884 -0.817277 -0.222679 -0.821504 -1.601983 
-0.516659 -0.349920 -1.192694 -1.210628 -0.763381 -1.194601 -1.046107 -0.335141 -0.710849 -1.065175 -0.843750 -0.196783 -0.715367 -0.874799 -0.738165 -0.800212 -0.954010 -0.796346 -0.209083 -0.816786 -1.548165 
-0.517772 -0.347199 -1.157477 -1.175797 -0.743049 -1.152747 -1.042254 -0.323155 -0.699721 -1.044942 -0.806463 -0.206159 -0.705858 -0.857988 -0.700325 -0.765086 -0.922404 -0.774667 -0.196180 -0.808713 -1.493321 
-0.516682 -0.343418 -1.120766 -1.139310 -0.722271 -1.110567 -1.034579 -0.312148 -0.687189 -1.021772 -0.769600 -0.213638 -0.694354 -0.839089 -0.663621 -0.730529 -0.890085 -0.752222 -0.183932 -0.797448 -1.437495 
-0.513441 -0.338591 -1.082616 -1.101233 -0.700986 -1.068026 -1.023171 -0.301964 -0.673245 -0.995811 -0.733135 -0.219289 -0.680906 -0.818175 -0.627983 -0.696491 -0.857068 -0.728995 -0.172300 -0.783150 -1.380731 
-0.508101 -0.332735 -1.043083 -1.061629 -0.679134 -1.025090 -1.008116 -0.292450 -0.657880 -0.967204 -0.697040 -0.223179 -0.665568 -0.795321 -0.593342 -0.662923 -0.823371 -0.704969 -0.161246 -0.765976 -1.323072 
-0.500715 -0.325865 -1.002218 -1.020562 -0.656655 -0.981727 -0.989501 -0.283456 -0.641087 -0.936091 -0.661291 -0.225371 -0.648391 -0.770601 -0.559631 -0.629774 -0.789008 -0.680129 -0.150731 -0.746078 -1.264558 
-0.491332 -0.317995 -0.960075 -0.978092 -0.633493 -0.937907 -0.967412 -0.274835 -0.622858 -0.902609 -0.625862 -0.225931 -0.629426 -0.744084 -0.526785 -0.596999 -0.753997 -0.654461 -0.140719 -0.723607 -1.205231 
-0.480004 -0.309141 -0.916705 -0.934281 -0.609593 -0.893600 -0.941932 -0.266447 -0.603188 -0.866893 -0.590728 -0.224920 -0.608724 -0.715843 -0.494737 -0.564550 -0.718352 -0.627949 -0.131171 -0.698708 -1.145131 
-0.466781 -0.299320 -0.872157 -0.889187 -0.584902 -0.848775 -0.913148 -0.258152 -0.582071 -0.829075 -0.555866 -0.222399 -0.586334 -0.685946 -0.463426 -0.532381 -0.682089 -0.600581 -0.122052 -0.671523 -1.084295 
-0.451713 -0.288545 -0.826482 -0.842869 -0.559369 -0.803407 -0.881141 -0.249816 -0.559504 -0.789283 -0.521253 -0.218427 -0.562306 -0.654461 -0.432789 -0.500448 -0.645223 -0.572345 -0.113324 -0.642194 -1.022760 
-0.434849 -0.276834 -0.779727 -0.795384 -0.532944 -0.757469 -0.845994 -0.241308 -0.535481 -0.747642 -0.486864 -0.213064 -0.536689 -0.621456 -0.402766 -0.468708 -0.607767 -0.543226 -0.104952 -0.610854 -0.960565 
-0.416240 -0.264201 -0.731940 -0.746786 -0.505579 -0.710934 -0.807789 -0.232502 -0.510001 -0.704274 -0.452678 -0.206366 -0.509530 -0.586997 -0.373297 -0.437117 -0.569738 -0.513216 -0.096900 -0.577639 -0.897742 
-0.395932 -0.250661 -0.683167 -0.697130 -0.477229 -0.663779 -0.766608 -0.223274 -0.483061 -0.659299 -0.418673 -0.198388 -0.480878 -0.551148 -0.344324 -0.405635 -0.531147 -0.482302 -0.089134 -0.542676 -0.834328 
-0.373975 -0.236232 -0.633454 -0.646470 -0.447848 -0.615980 -0.722530 -0.213505 -0.454659 -0.612832 -0.384828 -0.189185 -0.450780 -0.513973 -0.315791 -0.374220 -0.492010 -0.450474 -0.081618 -0.506092 -0.770354 
-0.350416 -0.220928 -0.582845 -0.594858 -0.417395 -0.567516 -0.675636 -0.203080 -0.424795 -0.564988 -0.351123 -0.178809 -0.419281 -0.475535 -0.287642 -0.342832 -0.452340 -0.417723 -0.074319 -0.468010 -0.705853 
-0.325303 -0.204766 -0.531383 -0.542343 -0.385828 -0.518366 -0.626003 -0.191887 -0.393469 -0.515874 -0.317536 -0.167311 -0.386427 -0.435895 -0.259824 -0.311435 -0.412149 -0.384041 -0.067201 -0.428548 -0.640857 
-0.298682 -0.187761 -0.479111 -0.488976 -0.353109 -0.468509 -0.573711 -0.179818 -0.360683 -0.465600 -0.284049 -0.154743 -0.352264 -0.395114 -0.232283 -0.279988 -0.371450 -0.349418 -0.060233 -0.387824 -0.575394 
-0.270601 -0.169929 -0.426070 -0.434806 -0.319201 -0.417927 -0.518836 -0.166768 -0.326436 -0.414267 -0.250643 -0.141151 -0.316837 -0.353251 -0.204969 -0.248457 -0.330257 -0.313849 -0.053380 -0.345950 -0.509495 
-0.241105 -0.151286 -0.372300 -0.379878 -0.284067 -0.366602 -0.461455 -0.152639 -0.290733 -0.361978 -0.217299 -0.126584 -0.280189 -0.310364 -0.177830 -0.216805 -0.288580 -0.277325 -0.046611 -0.303035 -0.443187 
-0.210241 -0.131849 -0.317842 -0.324239 -0.247676 -0.314518 -0.401645 -0.137332 -0.253576 -0.308829 -0.184000 -0.111088 -0.242363 -0.266509 -0.150820 -0.184998 -0.246432 -0.239841 -0.039892 -0.259185 -0.376496 
-0.178052 -0.111633 -0.262733 -0.267934 -0.209994 -0.261660 -0.339479 -0.120755 -0.214970 -0.254916 -0.150728 -0.094706 -0.203403 -0.221744 -0.123889 -0.153002 -0.203825 -0.201391 -0.033192 -0.214502 -0.309449 
-0.144585 -0.090654 -0.207011 -0.211005 -0.170991 -0.208013 -0.275033 -0.102820 -0.174918 -0.200329 -0.117467 -0.077483 -0.163352 -0.176122 -0.096993 -0.120785 -0.160769 -0.161970 -0.026480 -0.169087 -0.242070 
-0.109884 -0.068929 -0.150712 -0.153497 -0.130640 -0.153564 -0.208380 -0.083441 -0.133427 -0.145158 -0.084200 -0.059459 -0.122249 -0.129698 -0.070087 -0.088315 -0.117276 -0.121575 -0.019724 -0.123035 -0.174384 
-0.073993 -0.046473 -0.093872 -0.095448 -0.088914 -0.098301 -0.139592 -0.062536 -0.090503 -0.089488 -0.050912 -0.040676 -0.080137 -0.082523 -0.043126 -0.055561 -0.073356 -0.080202 -0.012894 -0.076438 -0.106412 
-0.036955 -0.023304 -0.036526 -0.036900 -0.045788 -0.042213 -0.068743 -0.040029 -0.046153 -0.033400 -0.017588 -0.021172 -0.037057 -0.034649 -0.016070 -0.022494 -0.029020 -0.037848 -0.005959 -0.029386 -0.038176 
0.001186 0.000563 0.021294 0.022109 -0.001238 0.014709 0.004097 -0.015846 -0.000384 0.023025 0.015786 -0.000985 0.006953 0.013873 0.011123 0.010915 0.015723 0.005489 0.001110 0.018035 0.030303 
0.040388 0.025111 0.079554 0.081542 0.044755 0.072474 0.078857 0.010084 0.046794 0.079712 0.049224 0.019848 0.051853 0.062995 0.038492 0.044694 0.060862 0.049811 0.008342 0.065742 0.099006 
0.080607 0.050324 0.138223 0.141363 0.092212 0.131090 0.155467 0.037826 0.095372 0.136587 0.082740 0.041294 0.097603 0.112669 0.066075 0.078869 0.106388 0.095118 0.015767 0.113657 0.167914 
0.121803 0.076185 0.197271 0.201535 0.141150 0.190563 0.233859 0.067443 0.145341 0.193581 0.116347 0.063317 0.144167 0.162848 0.093908 0.113465 0.152293 0.141410 0.023413 0.161704 0.237010 
0.163934 0.102678 0.256667 0.262027 0.191585 0.250899 0.313963 0.098994 0.196688 0.250626 0.150055 0.085887 0.191506 0.213485 0.122028 0.148507 0.198566 0.188687 0.031308 0.209809 0.306278 
0.206958 0.129785 0.316384 0.322805 0.243532 0.312101 0.395712 0.132533 0.249403 0.307659 0.183878 0.108972 0.239583 0.264537 0.150468 0.184020 0.245201 0.236948 0.039481 0.257905 0.375702 
0.250835 0.157492 0.376394 0.383837 0.297002 0.374172 0.479040 0.168111 0.303473 0.364618 0.217826 0.132543 0.288362 0.315960 0.179261 0.220025 0.292188 0.286191 0.047958 0.305924 0.445269 
0.295524 0.185780 0.436670 0.445094 0.352006 0.437115 0.563880 0.205776 0.358884 0.421447 0.251909 0.156571 0.337808 0.367712 0.208439 0.256543 0.339519 0.336413 0.056767 0.353805 0.514964 
0.340986 0.214633 0.497186 0.506547 0.408553 0.500931 0.650167 0.245570 0.415624 0.478090 0.286138 0.181031 0.387885 0.419751 0.238031 0.293597 0.387188 0.387611 0.065934 0.401489 0.584777 
0.387181 0.244034 0.557918 0.568167 0.466650 0.565618 0.737836 0.287534 0.473676 0.534495 0.320521 0.205896 0.438559 0.472037 0.268067 0.331205 0.435186 0.439781 0.075485 0.448919 0.654695 
0.434071 0.273966 0.618842 0.629929 0.526303 0.631176 0.826823 0.331703 0.533025 0.590615 0.355068 0.231143 0.489795 0.524532 0.298573 0.369386 0.483507 0.492919 0.085446 0.496043 0.724709 
0.481616 0.304413 0.679936 0.691806 0.587513 0.697602 0.917066 0.378109 0.593655 0.646403 0.389786 0.256749 0.541561 0.577197 0.329576 0.408157 0.532144 0.547020 0.095842 0.542813 0.794810 
0.529778 0.335357 0.741178 0.753776 0.650284 0.764893 1.008501 0.426780 0.655549 0.701818 0.424684 0.282694 0.593822 0.629995 0.361100 0.447535 0.581090 0.602077 0.106698 0.589182 0.864991 
0.578520 0.366782 0.802547 0.815815 0.714615 0.833043 1.101068 0.477741 0.718689 0.756820 0.459768 0.308956 0.646549 0.682892 0.393170 0.487536 0.630340 0.658085 0.118039 0.635108 0.935243 
0.627804 0.398670 0.864024 0.877901 0.780505 0.902046 1.194706 0.531012 0.783057 0.811372 0.495045 0.335518 0.699707 0.735852 0.425807 0.528175 0.679888 0.715035 0.129889 0.680552 1.005562 
0.677593 0.431005 0.925589 0.940014 0.847949 0.971897 1.289354 0.586611 0.848632 0.865442 0.530520 0.362362 0.753268 0.788843 0.459032 0.569464 0.729728 0.772921 0.142271 0.725478 1.075943 
0.727851 0.463768 0.987225 1.002134 0.916942 1.042586 1.384952 0.644550 0.915395 0.918999 0.566200 0.389474 0.807199 0.841832 0.492864 0.611416 0.779855 0.831733 0.155210 0.769854 1.146381 
0.778542 0.496944 1.048916 1.064244 0.987478 1.114104 1.481444 0.704838 0.983324 0.972017 0.602089 0.416838 0.861472 0.894787 0.527322 0.654044 0.830264 0.891462 0.168727 0.813651 1.216875 
0.829630 0.530514 1.110645 1.126327 1.059546 1.186441 1.578769 0.767480 1.052399 1.024471 0.638191 0.444441 0.916057 0.947680 0.562422 0.697357 0.880951 0.952099 0.182845 0.856843 1.287423 
0.881080 0.564461 1.172399 1.188366 1.133137 1.259585 1.676872 0.832480 1.122595 1.076340 0.674510 0.472272 0.970925 1.000480 0.598180 0.741365 0.931911 1.013634 0.197586 0.899409 1.358024 
0.932856 0.598768 1.234162 1.250348 1.208238 1.333524 1.775697 0.899833 1.193891 1.127608 0.711049 0.500321 1.026048 1.053161 0.634611 0.786077 0.983141 1.076053 0.212972 0.941328 1.428680 
0.984925 0.633417 1.295922 1.312260 1.284835 1.408244 1.875186 0.969535 1.266262 1.178257 0.747810 0.528579 1.081399 1.105696 0.671726 0.831501 1.034636 1.139347 0.229024 0.982586 1.499390 
1.037252 0.668392 1.357668 1.374088 1.362911 1.483731 1.975287 1.041575 1.339683 1.228278 0.784796 0.557038 1.136951 1.158059 0.709538 0.877643 1.086393 1.203503 0.245763 1.023169 1.570159 
1.089805 0.703674 1.419389 1.435824 1.442448 1.559967 2.075943 1.115941 1.414129 1.277662 0.822008 0.585692 1.192678 1.210226 0.748056 0.924508 1.138410 1.268507 0.263210 1.063071 1.640990 
1.142549 0.739246 1.481074 1.497456 1.523428 1.636937 2.177103 1.192613 1.489573 1.326403 0.859446 0.614537 1.248553 1.262173 0.787289 0.972101 1.190684 1.334345 0.281384 1.102283 1.711887 
1.195451 0.775090 1.542715 1.558977 1.605828 1.714621 2.278714 1.271573 1.565988 1.374498 0.897112 0.643568 1.304552 1.313880 0.827246 1.020426 1.243212 1.401003 0.300305 1.140806 1.782856 
1.248481 0.811188 1.604304 1.620379 1.689626 1.793002 2.380723 1.352794 1.643346 1.421948 0.935004 0.672784 1.360651 1.365324 0.867931 1.069485 1.295991 1.468466 0.319992 1.178638 1.853905 
1.301605 0.847524 1.665835 1.681656 1.774796 1.872057 2.483079 1.436247 1.721619 1.468756 0.973122 0.702185 1.416824 1.416485 0.909351 1.119280 1.349021 1.536718 0.340465 1.215786 1.925040 
1.354793 0.884078 1.727301 1.742805 1.861313 1.951765 2.585733 1.521901 1.800777 1.514931 1.011465 0.731771 1.473050 1.467346 0.951508 1.169812 1.402299 1.605742 0.361741 1.252257 1.996272 
1.408012 0.920834 1.788697 1.803820 1.949146 2.032105 2.688635 1.609718 1.880789 1.560480 1.050030 0.761544 1.529304 1.517888 0.994405 1.221080 1.455825 1.675522 0.383838 1.288062 2.067610 
1.461233 0.957773 1.850020 1.864700 2.038267 2.113051 2.791735 1.699660 1.961625 1.605418 1.088815 0.791507 1.585566 1.568096 1.038043 1.273082 1.509597 1.746039 0.406774 1.323215 2.139065 
1.514425 0.994877 1.911266 1.925444 2.128643 2.194580 2.894985 1.791681 2.043253 1.649759 1.127817 0.821666 1.641812 1.617952 1.082420 1.325817 1.563615 1.817275 0.430567 1.357735 2.210650 
1.567559 1.032128 1.972434 1.986052 2.220240 2.276665 2.998339 1.885734 2.125640 1.693524 1.167032 0.852027 1.698024 1.667445 1.127536 1.379280 1.617878 1.889211 0.455232 1.391643 2.282377 
1.620605 1.069509 2.033523 2.046524 2.313023 2.359278 3.101750 1.981768 2.208753 1.736734 1.206456 0.882597 1.754179 1.716559 1.173388 1.433468 1.672387 1.961827 0.480787 1.424963 2.354260 
1.673534 1.107001 2.094533 2.106865 2.406955 2.442392 3.205171 2.079727 2.292558 1.779414 1.246084 0.913385 1.810258 1.765284 1.219970 1.488374 1.727142 2.035102 0.507247 1.457723 2.426316 
1.726317 1.144586 2.155464 2.167076 2.501995 2.525977 3.308558 2.179552 2.377020 1.821592 1.285910 0.944402 1.866242 1.813609 1.267277 1.543993 1.782143 2.109015 0.534628 1.489954 2.498560 
1.778926 1.182246 2.216320 2.227164 2.598104 2.610003 3.411867 2.281180 2.462104 1.863301 1.325930 0.975659 1.922112 1.861523 1.315302 1.600318 1.837391 2.183545 0.562945 1.521691 2.571009 
1.831335 1.219962 2.277102 2.287134 2.695239 2.694438 3.515053 2.384545 2.547772 1.904573 1.366135 1.007169 1.977851 1.909018 1.364037 1.657339 1.892888 2.258669 0.592212 1.552973 2.643683 
1.883514 1.257716 2.337814 2.346994 2.793354 2.779250 3.618073 2.489576 2.633989 1.945447 1.406520 1.038947 2.033440 1.956087 1.413472 1.715047 1.948634 2.334363 0.622445 1.583840 2.716601 
1.935438 1.295491 2.398463 2.406752 2.892405 2.864403 3.720887 2.596199 2.720715 1.985963 1.447077 1.071008 2.088864 2.002724 1.463595 1.773432 2.004632 2.410605 0.653656 1.614336 2.789782 
1.987079 1.333266 2.459053 2.466418 2.992343 2.949864 3.823452 2.704335 2.807912 2.026165 1.487797 1.103370 2.144105 2.048923 1.514395 1.832482 2.060885 2.487369 0.685860 1.644511 2.863249 
2.038413 1.371025 2.519592 2.526003 3.093117 3.035596 3.925727 2.813903 2.895540 2.066099 1.528671 1.136052 2.199147 2.094679 1.565857 1.892185 2.117393 2.564630 0.719069 1.674415 2.937025 
2.089413 1.408749 2.580088 2.585519 3.194678 3.121562 4.027673 2.924817 2.983560 2.105814 1.569691 1.169072 2.253977 2.139991 1.617967 1.952528 2.174161 2.642363 0.753296 1.704102 3.011133 
2.140054 1.446418 2.640549 2.644980 3.296971 3.207724 4.129252 3.036987 3.071930 2.145365 1.610846 1.202453 2.308579 2.184856 1.670709 2.013496 2.231190 2.720540 0.788554 1.733632 3.085598 
2.190311 1.484014 2.700985 2.704400 3.399941 3.294042 4.230423 3.150321 3.160609 2.184806 1.652126 1.236217 2.362940 2.229273 1.724063 2.075073 2.288485 2.799136 0.824854 1.763065 3.160446 
2.240160 1.521519 2.761408 2.763795 3.503531 3.380476 4.331150 3.264721 3.249553 2.224197 1.693520 1.270389 2.417045 2.273244 1.778012 2.137244 2.346048 2.878122 0.862208 1.792467 3.235703 
2.289577 1.558914 2.821829 2.823182 3.607683 3.466984 4.431396 3.380086 3.338720 2.263599 1.735016 1.304993 2.470884 2.316769 1.832536 2.199990 2.403885 2.957469 0.900627 1.821904 3.311397 
2.338538 1.596180 2.882261 2.882579 3.712336 3.553522 4.531125 3.496313 3.428065 2.303078 1.776602 1.340056 2.524442 2.359851 1.887611 2.263294 2.461999 3.037148 0.940121 1.851450 3.387559 
2.387020 1.633298 2.942718 2.942006 3.817429 3.640048 4.630301 3.613291 3.517543 2.342702 1.818266 1.375606 2.577709 2.402494 1.943216 2.327136 2.520394 3.117130 0.980701 1.881177 3.464216 
2.435001 1.670250 3.003214 3.001484 3.922896 3.726515 4.728890 3.730909 3.607109 2.382541 1.859994 1.411674 2.630674 2.444702 1.999326 2.391495 2.579076 3.197384 1.022376 1.911166 3.541401 
2.482458 1.707016 3.063766 3.061034 4.028673 3.812879 4.826858 3.849051 3.696716 2.422671 1.901772 1.448290 2.683326 2.486483 2.055916 2.456350 2.638049 3.277879 1.065156 1.941496 3.619146 
2.529370 1.743577 3.124391 3.120679 4.134691 3.899091 4.924172 3.967597 3.786316 2.463168 1.943585 1.485486 2.735656 2.527842 2.112957 2.521678 2.697319 3.358584 1.109051 1.972253 3.697484 
2.575714 1.779915 3.185106 3.180443 4.240882 3.985103 5.020799 4.086424 3.875863 2.504113 1.985420 1.523295 2.787654 2.568789 2.170423 2.587457 2.756893 3.439464 1.154067 2.003525 3.776449 
2.621470 1.816011 3.245930 3.240353 4.347175 4.070865 5.116708 4.205403 3.965307 2.545590 2.027260 1.561753 2.839312 2.609333 2.228283 2.653662 2.816775 3.520489 1.200215 2.035404 3.856077 
2.666618 1.851844 3.306882 3.300435 4.453496 4.156328 5.211868 4.324404 4.054599 2.587685 2.069089 1.600897 2.890621 2.649483 2.286506 2.720267 2.876972 3.601623 1.247501 2.067984 3.936403 
2.711136 1.887397 3.367985 3.360716 4.559771 4.241438 5.306249 4.443292 4.143688 2.630487 2.110891 1.640763 2.941576 2.689253 2.345061 2.787245 2.937492 3.682832 1.295933 2.101364 4.017466 
2.755006 1.922649 3.429258 3.421226 4.665924 4.326144 5.399821 4.561928 4.232523 2.674089 2.152648 1.681392 2.992167 2.728654 2.403912 2.854570 2.998340 3.764081 1.345518 2.135645 4.099303 
2.798208 1.957581 3.490725 3.481995 4.771876 4.410391 5.492556 4.680169 4.321052 2.718588 2.194342 1.722823 3.042390 2.767701 2.463026 2.922213 3.059524 3.845335 1.396263 2.170933 4.181954 
2.840723 1.992175 3.552410 3.543056 4.877548 4.494123 5.584426 4.797869 4.409223 2.764081 2.235955 1.765098 3.092239 2.806408 2.522367 2.990144 3.121052 3.926556 1.448173 2.207334 4.265460 
2.882533 2.026411 3.614338 3.604439 4.982857 4.577286 5.675403 4.914877 4.496983 2.810672 2.277469 1.808261 3.141708 2.844792 2.581895 3.058333 3.182932 4.007708 1.501255 2.244962 4.349862 
2.923619 2.060268 3.676534 3.666180 5.087721 4.659821 5.765462 5.031040 4.584276 2.858464 2.318863 1.852356 3.190794 2.882871 2.641573 3.126749 3.245171 4.088753 1.555513 2.283930 4.435203 
2.963963 2.093729 3.739024 3.728314 5.192053 4.741670 5.854577 5.146199 4.671048 2.907565 2.360117 1.897430 3.239492 2.920661 2.701361 3.195359 3.307779 4.169652 1.610953 2.324358 4.521527 
3.003549 2.126772 3.801837 3.790877 5.295768 4.822772 5.942723 5.260194 4.757244 2.958088 2.401211 1.943528 3.287799 2.958184 2.761216 3.264130 3.370763 4.250366 1.667579 2.366367 4.608879 
3.042360 2.159380 3.865001 3.853906 5.398775 4.903069 6.029876 5.372859 4.842807 3.010146 2.442125 1.990701 3.335712 2.995459 2.821095 3.333027 3.434134 4.330856 1.725396 2.410081 4.697303 
3.080379 2.191531 3.928546 3.917441 5.500986 4.982497 6.116012 5.484024 4.927679 3.063857 2.482835 2.038999 3.383229 3.032509 2.880956 3.402014 3.497900 4.411081 1.784406 2.455630 4.786848 
3.117590 2.223206 3.992503 3.981522 5.602306 5.060994 6.201109 5.593516 5.011803 3.119340 2.523319 2.088472 3.430349 3.069356 2.940750 3.471056 3.562072 4.491000 1.844614 2.503145 4.877561 
3.153977 2.254386 4.056902 4.046189 5.702643 5.138495 6.285145 5.701160 5.095120 3.176719 2.563555 2.139174 3.477071 3.106025 3.000433 3.540115 3.626659 4.570571 1.906022 2.552760 4.969491 
3.189526 2.285050 4.121777 4.111485 5.801899 5.214936 6.368099 5.806773 5.177569 3.236121 2.603520 2.191158 3.523394 3.142540 3.059955 3.609152 3.691671 4.649751 1.968633 2.604615 5.062688 
3.224222 2.315179 4.187161 4.177454 5.899978 5.290249 6.449951 5.910173 5.259092 3.297675 2.643188 2.244481 3.569319 3.178928 3.119268 3.678128 3.757119 4.728498 2.032448 2.658852 5.157204 
3.258050 2.344753 4.253090 4.244140 5.996780 5.364369 6.530680 6.011170 5.339626 3.361513 2.682536 2.299199 3.614846 3.215216 3.178319 3.747003 3.823015 4.806767 2.097470 2.715614 5.253090 
3.290997 2.373752 4.319597 4.311591 6.092204 5.437225 6.610268 6.109572 5.419110 3.427772 2.721539 2.355371 3.659978 3.251433 3.237058 3.815735 3.889368 4.884515 2.163700 2.775051 5.350399 
3.323048 2.402155 4.386720 4.379852 6.186147 5.508748 6.688697 6.205185 5.497481 3.496591 2.760170 2.413056 3.704715 3.287609 3.295430 3.884281 3.956192 4.961696 2.231138 2.837314 5.449186 
3.354191 2.429944 4.454497 4.448972 6.278503 5.578868 6.765949 6.297807 5.574675 3.568110 2.798403 2.472316 3.749061 3.323774 3.353380 3.952598 4.023497 5.038264 2.299785 2.902559 5.549506 
3.384414 2.457097 4.522966 4.519002 6.369167 5.647513 6.842009 6.387237 5.650629 3.642475 2.836212 2.533212 3.793019 3.359960 3.410852 4.020642 4.091296 5.114173 2.369642 2.970943 5.651416 
3.413703 2.483594 4.592167 4.589992 6.458030 5.714609 6.916859 6.473266 5.725277 3.719834 2.873570 2.595809 3.836592 3.396200 3.467789 4.088367 4.159601 5.189375 2.440707 3.042630 5.754973 
3.442048 2.509416 4.662139 4.661994 6.544982 5.780082 6.990485 6.555684 5.798554 3.800338 2.910447 2.660171 3.879786 3.432528 3.524132 4.155727 4.228424 5.263824 2.512980 3.117784 5.860235 
3.469436 2.534541 4.732925 4.735062 6.629911 5.843857 7.062873 6.634277 5.870392 3.884141 2.946816 2.726366 3.922605 3.468981 3.579821 4.222674 4.297780 5.337470 2.586460 3.196573 5.967261 
3.495858 2.558950 4.804567 4.809250 6.712703 5.905858 7.134008 6.708824 5.940726 3.971399 2.982647 2.794461 3.965054 3.505593 3.634793 4.289160 4.367681 5.410264 2.661144 3.279169 6.076114 
3.521301 2.582623 4.877108 4.884613 6.793243 5.966007 7.203878 6.779105 6.009486 4.062275 3.017911 2.864525 4.007140 3.542403 3.688987 4.355135 4.438141 5.482157 2.737032 3.365748 6.186853 
3.545756 2.605538 4.950593 4.961210 6.871414 6.024226 7.272472 6.844893 6.076604 4.156930 3.052577 2.936630 4.048869 3.579449 3.742338 4.420549 4.509174 5.553098 2.814121 3.456488 6.299542 
3.569214 2.627675 5.025068 5.039097 6.947097 6.080434 7.339776 6.905958 6.142010 4.255531 3.086615 3.010847 4.090249 3.616772 3.794780 4.485351 4.580794 5.623036 2.892408 3.551571 6.414244 
3.591665 2.649014 5.100578 5.118334 7.020170 6.134551 7.405782 6.962067 6.205634 4.358248 3.119993 3.087249 4.131288 3.654411 3.846247 4.549487 4.653015 5.691920 2.971889 3.651182 6.531025 
3.613100 2.669535 5.177171 5.198983 7.090513 6.186495 7.470478 7.012981 6.267404 4.465253 3.152680 3.165911 4.171994 3.692409 3.896670 4.612905 4.725854 5.759696 3.052562 3.755511 6.649950 
3.633510 2.689215 5.254896 5.281104 7.157999 6.236183 7.533856 7.058459 6.327249 4.576721 3.184642 3.246910 4.212377 3.730810 3.945980 4.675550 4.799323 5.826312 3.134421 3.864748 6.771086 
3.652888 2.708036 5.333802 5.364761 7.222503 6.283530 7.595908 7.098257 6.385096 4.692832 3.215848 3.330323 4.252446 3.769657 3.994107 4.737366 4.873440 5.891714 3.217463 3.979089 6.894500 
3.671226 2.725975 5.413939 5.450017 7.283898 6.328451 7.656625 7.132126 6.440871 4.813767 3.246262 3.416229 4.292211 3.808996 4.040977 4.798298 4.948220 5.955847 3.301683 4.098733 7.020263 
3.688517 2.743013 5.495358 5.536939 7.342053 6.370860 7.716001 7.159812 6.494501 4.939710 3.275851 3.504707 4.331684 3.848874 4.086518 4.858286 5.023679 6.018656 3.387075 4.223882 7.148443 
3.704754 2.759128 5.578113 5.625593 7.396838 6.410669 7.774030 7.181060 6.545909 5.070851 3.304580 3.595841 4.370875 3.889338 4.130655 4.917274 5.099834 6.080087 3.473634 4.354741 7.279113 
3.719930 2.774300 5.662256 5.716047 7.448118 6.447789 7.830707 7.195608 6.595021 5.207379 3.332414 3.689712 4.409797 3.930437 4.173311 4.975202 5.176700 6.140081 3.561353 4.491519 7.412343 
3.734040 2.788507 5.747841 5.808370 7.495760 6.482130 7.886026 7.203193 6.641759 5.349489 3.359317 3.786405 4.448463 3.972220 4.214409 5.032009 5.254295 6.198582 3.650227 4.634428 7.548209 
3.747079 2.801728 5.834925 5.902632 7.539626 6.513603 7.939984 7.203547 6.686047 5.497378 3.385253 3.886005 4.486885 4.014740 4.253871 5.087633 5.332637 6.255533 3.740249 4.783683 7.686782 
NaN NaN NaN NaN NaN NaN NaN NaN NaN NaN NaN NaN NaN NaN NaN NaN NaN NaN NaN NaN NaN 
NaN NaN NaN NaN NaN NaN NaN NaN NaN NaN NaN NaN NaN NaN NaN NaN NaN NaN NaN NaN NaN 
NaN NaN NaN NaN NaN NaN NaN NaN NaN NaN NaN NaN NaN NaN NaN NaN NaN NaN NaN NaN NaN 
NaN NaN NaN NaN NaN NaN NaN NaN NaN NaN NaN NaN NaN NaN NaN NaN NaN NaN NaN NaN NaN 
