-0.310197 -0.419202 -0.638713 -0.567193 -0.829309 -0.719944 -0.721249 -0.417566 -0.846492 -0.813485 -0.477645 -0.391621 -0.412204 -0.344686 -0.608034 -0.650164 -0.371437 -0.366529 -0.566047 -0.394361 -0.564450 
-0.328605 -0.419841 -0.650785 -0.583891 -0.817261 -0.719454 -0.746792 -0.454642 -0.846919 -0.804990 -0.493488 -0.403020 -0.420481 -0.361442 -0.605576 -0.657329 -0.384906 -0.376677 -0.567644 -0.420950 -0.595284 
-0.346028 -0.420191 -0.661769 -0.599292 -0.805290 -0.718383 -0.770471 -0.489339 -0.846564 -0.796421 -0.508021 -0.413543 -0.428152 -0.377097 -0.603032 -0.663643 -0.397489 -0.386042 -0.568665 -0.445810 -0.624208 
-0.362471 -0.420249 -0.671681 -0.613416 -0.793382 -0.716740 -0.792315 -0.521707 -0.845443 -0.787767 -0.521271 -0.423204 -0.435216 -0.391665 -0.600389 -0.669118 -0.409193 -0.394635 -0.569121 -0.468970 -0.651248 
-0.377937 -0.420014 -0.680534 -0.626284 -0.781529 -0.714533 -0.812350 -0.551791 -0.843570 -0.779017 -0.533263 -0.432015 -0.441675 -0.405163 -0.597630 -0.673760 -0.420028 -0.402466 -0.569021 -0.490461 -0.676426 
-0.392431 -0.419485 -0.688341 -0.637915 -0.769718 -0.711770 -0.830605 -0.579639 -0.840957 -0.770160 -0.544023 -0.439987 -0.447527 -0.417604 -0.594741 -0.677580 -0.430001 -0.409545 -0.568374 -0.510313 -0.699768 
-0.405956 -0.418661 -0.695115 -0.648327 -0.757939 -0.708460 -0.847106 -0.605296 -0.837619 -0.761184 -0.553578 -0.447133 -0.452774 -0.429004 -0.591706 -0.680585 -0.439120 -0.415884 -0.567189 -0.528557 -0.721296 
-0.418518 -0.417540 -0.700872 -0.657540 -0.746181 -0.704612 -0.861881 -0.628809 -0.833568 -0.752079 -0.561951 -0.453464 -0.457416 -0.439378 -0.588511 -0.682785 -0.447394 -0.421491 -0.565475 -0.545222 -0.741034 
-0.430119 -0.416120 -0.705622 -0.665572 -0.734432 -0.700233 -0.874955 -0.650222 -0.828818 -0.742834 -0.569167 -0.458992 -0.461452 -0.448741 -0.585141 -0.684189 -0.454830 -0.426378 -0.563241 -0.560337 -0.759005 
-0.440764 -0.414402 -0.709379 -0.672441 -0.722683 -0.695331 -0.886356 -0.669580 -0.823380 -0.733440 -0.575252 -0.463728 -0.464883 -0.457108 -0.581582 -0.684804 -0.461436 -0.430555 -0.560496 -0.573931 -0.775232 
-0.450459 -0.412383 -0.712157 -0.678166 -0.710921 -0.689913 -0.896109 -0.686926 -0.817267 -0.723885 -0.580229 -0.467684 -0.467711 -0.464492 -0.577819 -0.684639 -0.467220 -0.434030 -0.557247 -0.586034 -0.789739 
-0.459207 -0.410062 -0.713967 -0.682765 -0.699136 -0.683986 -0.904239 -0.702305 -0.810492 -0.714159 -0.584122 -0.470872 -0.469936 -0.470908 -0.573839 -0.683703 -0.472190 -0.436815 -0.553504 -0.596674 -0.802547 
-0.467014 -0.407439 -0.714822 -0.686254 -0.687317 -0.677559 -0.910773 -0.715759 -0.803065 -0.704253 -0.586956 -0.473301 -0.471557 -0.476372 -0.569627 -0.682005 -0.476354 -0.438918 -0.549274 -0.605878 -0.813679 
-0.473883 -0.404512 -0.714733 -0.688652 -0.675453 -0.670637 -0.915734 -0.727331 -0.794999 -0.694157 -0.588752 -0.474984 -0.472578 -0.480896 -0.565171 -0.679551 -0.479720 -0.440348 -0.544565 -0.613675 -0.823158 
-0.479821 -0.401279 -0.713714 -0.689975 -0.663533 -0.663227 -0.919148 -0.737061 -0.786305 -0.683861 -0.589535 -0.475931 -0.472997 -0.484496 -0.560455 -0.676351 -0.482295 -0.441116 -0.539385 -0.620092 -0.831005 
-0.484832 -0.397741 -0.711776 -0.690240 -0.651548 -0.655336 -0.921040 -0.744992 -0.776993 -0.673357 -0.589326 -0.476152 -0.472817 -0.487184 -0.555467 -0.672413 -0.484087 -0.441229 -0.533742 -0.625156 -0.837243 
-0.488922 -0.393896 -0.708930 -0.689464 -0.639484 -0.646971 -0.921433 -0.751164 -0.767074 -0.662634 -0.588150 -0.475659 -0.472038 -0.488976 -0.550193 -0.667745 -0.485104 -0.440698 -0.527643 -0.628895 -0.841892 
-0.492095 -0.389743 -0.705189 -0.687663 -0.627334 -0.638136 -0.920351 -0.755616 -0.756560 -0.651684 -0.586026 -0.474462 -0.470661 -0.489885 -0.544621 -0.662354 -0.485353 -0.439530 -0.521095 -0.631334 -0.844975 
-0.494357 -0.385281 -0.700562 -0.684853 -0.615084 -0.628839 -0.917817 -0.758390 -0.745459 -0.640497 -0.582978 -0.472570 -0.468689 -0.489924 -0.538737 -0.656249 -0.484842 -0.437735 -0.514106 -0.632501 -0.846513 
-0.495714 -0.380509 -0.695062 -0.681050 -0.602725 -0.619084 -0.913856 -0.759523 -0.733783 -0.629066 -0.579028 -0.469994 -0.466122 -0.489108 -0.532529 -0.649437 -0.483578 -0.435321 -0.506682 -0.632421 -0.846526 
-0.496171 -0.375426 -0.688699 -0.676268 -0.590245 -0.608878 -0.908490 -0.759054 -0.721540 -0.617381 -0.574195 -0.466745 -0.462961 -0.487449 -0.525983 -0.641926 -0.481569 -0.432297 -0.498830 -0.631119 -0.845036 
-0.495734 -0.370032 -0.681485 -0.670525 -0.577635 -0.598225 -0.901741 -0.757021 -0.708741 -0.605435 -0.568502 -0.462831 -0.459209 -0.484961 -0.519089 -0.633725 -0.478823 -0.428670 -0.490556 -0.628622 -0.842063 
-0.494409 -0.364325 -0.673429 -0.663833 -0.564884 -0.587131 -0.893632 -0.753461 -0.695394 -0.593218 -0.561968 -0.458263 -0.454867 -0.481657 -0.511832 -0.624840 -0.475345 -0.424450 -0.481868 -0.624954 -0.837628 
-0.492202 -0.358305 -0.664542 -0.656209 -0.551981 -0.575600 -0.884185 -0.748412 -0.681508 -0.580723 -0.554615 -0.453051 -0.449937 -0.477551 -0.504202 -0.615279 -0.471145 -0.419643 -0.472772 -0.620141 -0.831752 
-0.489118 -0.351971 -0.654835 -0.647667 -0.538914 -0.563637 -0.873422 -0.741908 -0.667092 -0.567943 -0.546463 -0.447203 -0.444420 -0.472656 -0.496185 -0.605050 -0.466229 -0.414257 -0.463273 -0.614206 -0.824453 
-0.485164 -0.345323 -0.644317 -0.638220 -0.525675 -0.551246 -0.861364 -0.733987 -0.652154 -0.554869 -0.537530 -0.440729 -0.438319 -0.466983 -0.487771 -0.594160 -0.460605 -0.408301 -0.453378 -0.607173 -0.815752 
-0.480347 -0.338359 -0.632998 -0.627883 -0.512252 -0.538432 -0.848032 -0.724683 -0.636703 -0.541494 -0.527837 -0.433638 -0.431636 -0.460547 -0.478948 -0.582616 -0.454279 -0.401782 -0.443092 -0.599067 -0.805669 
-0.474672 -0.331079 -0.620888 -0.616670 -0.498634 -0.525199 -0.833447 -0.714031 -0.620746 -0.527811 -0.517403 -0.425939 -0.424372 -0.453360 -0.469704 -0.570425 -0.447259 -0.394708 -0.432421 -0.589912 -0.794224 
-0.468146 -0.323482 -0.607996 -0.604593 -0.484812 -0.511551 -0.817631 -0.702064 -0.604292 -0.513812 -0.506247 -0.417642 -0.416530 -0.445435 -0.460028 -0.557596 -0.439551 -0.387084 -0.421370 -0.579729 -0.781435 
-0.460776 -0.315568 -0.594332 -0.591666 -0.470774 -0.497490 -0.800602 -0.688817 -0.587346 -0.499490 -0.494387 -0.408754 -0.408113 -0.436784 -0.449909 -0.544135 -0.431164 -0.378920 -0.409945 -0.568543 -0.767321 
-0.452568 -0.307336 -0.579904 -0.577903 -0.456511 -0.483022 -0.782381 -0.674323 -0.569917 -0.484839 -0.481842 -0.399285 -0.399122 -0.427419 -0.439335 -0.530048 -0.422104 -0.370221 -0.398151 -0.556376 -0.751902 
-0.443530 -0.298786 -0.564723 -0.563315 -0.442011 -0.468148 -0.762988 -0.658612 -0.552012 -0.469852 -0.468629 -0.389242 -0.389559 -0.417353 -0.428297 -0.515344 -0.412378 -0.360994 -0.385993 -0.543250 -0.735197 
-0.433668 -0.289916 -0.548796 -0.547915 -0.427264 -0.452872 -0.742442 -0.641719 -0.533636 -0.454523 -0.454767 -0.378635 -0.379429 -0.406598 -0.416783 -0.500028 -0.401993 -0.351247 -0.373476 -0.529188 -0.717223 
-0.422988 -0.280727 -0.532132 -0.531715 -0.412261 -0.437196 -0.720762 -0.623673 -0.514796 -0.438844 -0.440273 -0.367472 -0.368733 -0.395166 -0.404783 -0.484109 -0.390955 -0.340985 -0.360603 -0.514210 -0.697999 
-0.411500 -0.271219 -0.514740 -0.514727 -0.396990 -0.421124 -0.697967 -0.604506 -0.495499 -0.422811 -0.425163 -0.355760 -0.357474 -0.383069 -0.392287 -0.467591 -0.379273 -0.330216 -0.347381 -0.498339 -0.677544 
-0.399209 -0.261390 -0.496627 -0.496962 -0.381441 -0.404657 -0.674075 -0.584247 -0.475749 -0.406416 -0.409456 -0.343508 -0.345655 -0.370318 -0.379284 -0.450483 -0.366952 -0.318945 -0.333812 -0.481595 -0.655875 
-0.386123 -0.251240 -0.477803 -0.478433 -0.365604 -0.387799 -0.649105 -0.562927 -0.455554 -0.389655 -0.393166 -0.330722 -0.333278 -0.356927 -0.365765 -0.432791 -0.353999 -0.307178 -0.319902 -0.464000 -0.633009 
-0.372249 -0.240770 -0.458274 -0.459149 -0.349469 -0.370550 -0.623074 -0.540575 -0.434916 -0.372522 -0.376311 -0.317412 -0.320347 -0.342905 -0.351719 -0.414521 -0.340421 -0.294922 -0.305654 -0.445573 -0.608965 
-0.357596 -0.229977 -0.438049 -0.439123 -0.333024 -0.352912 -0.596000 -0.517218 -0.413843 -0.355010 -0.358907 -0.303585 -0.306866 -0.328265 -0.337137 -0.395681 -0.326224 -0.282182 -0.291071 -0.426335 -0.583760 
-0.342170 -0.218864 -0.417134 -0.418364 -0.316261 -0.334888 -0.567900 -0.492886 -0.392339 -0.337115 -0.340969 -0.289247 -0.292836 -0.313018 -0.322010 -0.376275 -0.311416 -0.268964 -0.276158 -0.406306 -0.557411 
-0.325980 -0.207428 -0.395538 -0.396882 -0.299169 -0.316478 -0.538792 -0.467605 -0.370407 -0.318833 -0.322512 -0.274406 -0.278262 -0.297176 -0.306327 -0.356311 -0.296003 -0.255274 -0.260919 -0.385506 -0.529934 
-0.309034 -0.195670 -0.373267 -0.374689 -0.281737 -0.297684 -0.508692 -0.441402 -0.348053 -0.300156 -0.303552 -0.259069 -0.263146 -0.280749 -0.290081 -0.335795 -0.279991 -0.241117 -0.245355 -0.363953 -0.501347 
-0.291339 -0.183590 -0.350329 -0.351793 -0.263956 -0.278506 -0.477615 -0.414304 -0.325281 -0.281082 -0.284104 -0.243244 -0.247493 -0.263750 -0.273262 -0.314733 -0.263388 -0.226498 -0.229472 -0.341667 -0.471667 
-0.272904 -0.171187 -0.326730 -0.328204 -0.245814 -0.258946 -0.445580 -0.386336 -0.302093 -0.261606 -0.264181 -0.226936 -0.231305 -0.246187 -0.255861 -0.293131 -0.246198 -0.211423 -0.213270 -0.318666 -0.440909 
-0.253737 -0.158462 -0.302477 -0.303932 -0.227303 -0.239004 -0.412600 -0.357525 -0.278494 -0.241722 -0.243798 -0.210153 -0.214587 -0.228074 -0.237870 -0.270995 -0.228429 -0.195896 -0.196754 -0.294969 -0.409089 
-0.233846 -0.145413 -0.277576 -0.278985 -0.208412 -0.218680 -0.378692 -0.327893 -0.254487 -0.221427 -0.222969 -0.192902 -0.197342 -0.209419 -0.219279 -0.248332 -0.210088 -0.179922 -0.179926 -0.270593 -0.376224 
-0.213239 -0.132042 -0.252034 -0.253373 -0.189130 -0.197975 -0.343871 -0.297467 -0.230074 -0.200716 -0.201707 -0.175188 -0.179574 -0.190235 -0.200081 -0.225147 -0.191179 -0.163507 -0.162788 -0.245557 -0.342330 
-0.191927 -0.118348 -0.225856 -0.227103 -0.169448 -0.176887 -0.308152 -0.266268 -0.205259 -0.179587 -0.180026 -0.157018 -0.161287 -0.170531 -0.180268 -0.201446 -0.171711 -0.146654 -0.145344 -0.219877 -0.307421 
-0.169916 -0.104331 -0.199049 -0.200184 -0.149356 -0.155418 -0.271549 -0.234321 -0.180043 -0.158034 -0.157939 -0.138397 -0.142485 -0.150318 -0.159831 -0.177234 -0.151688 -0.129367 -0.127594 -0.193572 -0.271514 
-0.147216 -0.089991 -0.171618 -0.172624 -0.128843 -0.133567 -0.234077 -0.201647 -0.154429 -0.136054 -0.135458 -0.119333 -0.123172 -0.129606 -0.138763 -0.152518 -0.131118 -0.111653 -0.109541 -0.166657 -0.234624 
-0.123836 -0.075328 -0.143569 -0.144431 -0.107900 -0.111332 -0.195750 -0.168269 -0.128420 -0.113645 -0.112595 -0.099831 -0.103352 -0.108406 -0.117055 -0.127303 -0.110006 -0.093513 -0.091186 -0.139150 -0.196765 
-0.099785 -0.060342 -0.114908 -0.115612 -0.086517 -0.088714 -0.156581 -0.134208 -0.102015 -0.090802 -0.089364 -0.079897 -0.083030 -0.086727 -0.094701 -0.101595 -0.088358 -0.074953 -0.072532 -0.111066 -0.157952 
-0.075072 -0.045034 -0.085638 -0.086175 -0.064683 -0.065710 -0.116583 -0.099485 -0.075218 -0.067523 -0.065776 -0.059535 -0.062210 -0.064581 -0.071693 -0.075398 -0.066181 -0.055976 -0.053580 -0.082422 -0.118200 
-0.049705 -0.029403 -0.055766 -0.056126 -0.042389 -0.042321 -0.075771 -0.064120 -0.048028 -0.043804 -0.041841 -0.038753 -0.040895 -0.041975 -0.048024 -0.048719 -0.043480 -0.036586 -0.034331 -0.053232 -0.077523 
-0.023696 -0.013450 -0.025296 -0.025472 -0.019624 -0.018543 -0.034156 -0.028133 -0.020448 -0.019644 -0.017572 -0.017554 -0.019092 -0.018921 -0.023687 -0.021563 -0.020262 -0.016787 -0.014787 -0.023513 -0.035936 
0.002948 0.002826 0.005767 0.005781 0.003620 0.005624 0.008248 0.008457 0.007524 0.004961 0.007020 0.004056 0.003196 0.004572 0.001326 0.006064 0.003468 0.003419 0.005052 0.006721 0.006547 
0.030216 0.019423 0.037419 0.037626 0.027355 0.030183 0.051430 0.045631 0.035885 0.030013 0.031926 0.026071 0.025963 0.028495 0.027020 0.034159 0.027704 0.024027 0.025185 0.037455 0.049914 
0.058099 0.036343 0.069655 0.070057 0.051589 0.055135 0.095378 0.083372 0.064637 0.055514 0.057134 0.048488 0.049206 0.052838 0.053402 0.062715 0.052439 0.045035 0.045611 0.068674 0.094149 
0.086587 0.053583 0.102471 0.103070 0.076333 0.080483 0.140079 0.121661 0.093779 0.081467 0.082635 0.071301 0.072919 0.077592 0.080479 0.091728 0.077669 0.066439 0.066330 0.100366 0.139241 
0.115670 0.071145 0.135864 0.136657 0.101597 0.106230 0.185524 0.160482 0.123311 0.107872 0.108419 0.094505 0.097096 0.102747 0.108257 0.121193 0.103387 0.088238 0.087340 0.132515 0.185174 
0.145338 0.089028 0.169830 0.170815 0.127390 0.132377 0.231700 0.199818 0.153235 0.134732 0.134476 0.118096 0.121734 0.128294 0.136742 0.151104 0.129588 0.110427 0.108643 0.165108 0.231937 
0.175581 0.107230 0.204364 0.205538 0.153722 0.158929 0.278597 0.239653 0.183552 0.162049 0.160798 0.142070 0.146826 0.154224 0.165940 0.181457 0.156266 0.133004 0.130238 0.198133 0.279517 
0.206389 0.125753 0.239465 0.240822 0.180603 0.185888 0.326204 0.279972 0.214262 0.189823 0.187375 0.166423 0.172368 0.180529 0.195856 0.212247 0.183415 0.155968 0.152126 0.231576 0.327901 
0.237751 0.144595 0.275127 0.276663 0.208042 0.213257 0.374512 0.320761 0.245367 0.218055 0.214199 0.191150 0.198354 0.207200 0.226496 0.243469 0.211030 0.179315 0.174306 0.265425 0.377077 
0.269658 0.163756 0.311350 0.313055 0.236050 0.241041 0.423510 0.362004 0.276869 0.246748 0.241262 0.216248 0.224779 0.234227 0.257865 0.275119 0.239105 0.203044 0.196779 0.299668 0.427032 
0.302097 0.183236 0.348128 0.349996 0.264636 0.269242 0.473190 0.403689 0.308770 0.275902 0.268556 0.241712 0.251637 0.261603 0.289970 0.307193 0.267635 0.227153 0.219545 0.334293 0.477754 
0.335059 0.203034 0.385461 0.387482 0.293809 0.297865 0.523541 0.445802 0.341072 0.305516 0.296072 0.267539 0.278922 0.289319 0.322813 0.339685 0.296615 0.251639 0.242606 0.369288 0.529231 
0.368534 0.223149 0.423346 0.425510 0.323579 0.326914 0.574555 0.488330 0.373778 0.335593 0.323804 0.293727 0.306629 0.317366 0.356402 0.372592 0.326038 0.276501 0.265963 0.404641 0.581453 
0.402509 0.243581 0.461779 0.464076 0.353956 0.356393 0.626224 0.531262 0.406890 0.366132 0.351745 0.320270 0.334753 0.345736 0.390740 0.405908 0.355900 0.301737 0.289617 0.440342 0.634407 
0.436975 0.264329 0.500759 0.503177 0.384950 0.386307 0.678538 0.574586 0.440411 0.397133 0.379888 0.347166 0.363286 0.374422 0.425831 0.439631 0.386196 0.327346 0.313568 0.476381 0.688082 
0.471919 0.285392 0.540285 0.542812 0.416569 0.416661 0.731490 0.618291 0.474346 0.428597 0.408225 0.374412 0.392223 0.403414 0.461681 0.473755 0.416919 0.353327 0.337819 0.512746 0.742467 
0.507331 0.306770 0.580354 0.582977 0.448824 0.447460 0.785072 0.662367 0.508696 0.460522 0.436752 0.402005 0.421559 0.432706 0.498294 0.508276 0.448065 0.379678 0.362371 0.549428 0.797551 
0.543200 0.328462 0.620964 0.623671 0.481724 0.478708 0.839277 0.706804 0.543467 0.492910 0.465462 0.429942 0.451286 0.462288 0.535673 0.543191 0.479629 0.406399 0.387226 0.586416 0.853324 
0.579514 0.350468 0.662115 0.664892 0.515279 0.510411 0.894098 0.751592 0.578661 0.525759 0.494350 0.458221 0.481399 0.492155 0.573823 0.578495 0.511605 0.433488 0.412385 0.623702 0.909775 
0.616261 0.372786 0.703805 0.706639 0.549497 0.542576 0.949527 0.796723 0.614285 0.559068 0.523410 0.486838 0.511891 0.522297 0.612746 0.614185 0.543989 0.460946 0.437852 0.661276 0.966894 
0.653430 0.395415 0.746033 0.748910 0.584389 0.575207 1.005558 0.842189 0.650341 0.592838 0.552637 0.515792 0.542756 0.552708 0.652448 0.650257 0.576775 0.488770 0.463628 0.699130 1.024671 
0.691008 0.418356 0.788798 0.791704 0.619964 0.608310 1.062185 0.887982 0.686835 0.627066 0.582027 0.545080 0.573987 0.583380 0.692931 0.686707 0.609958 0.516961 0.489716 0.737254 1.083096 
0.728986 0.441606 0.832099 0.835020 0.656231 0.641892 1.119402 0.934095 0.723773 0.661751 0.611575 0.574700 0.605578 0.614305 0.734198 0.723530 0.643534 0.545518 0.516118 0.775641 1.142158 
0.767349 0.465166 0.875937 0.878859 0.693199 0.675960 1.177203 0.980521 0.761158 0.696893 0.641278 0.604650 0.637522 0.645478 0.776253 0.760725 0.677497 0.574442 0.542838 0.814283 1.201850 
0.806086 0.489033 0.920310 0.923219 0.730879 0.710519 1.235583 1.027255 0.798998 0.732489 0.671130 0.634928 0.669812 0.676889 0.819098 0.798287 0.711843 0.603732 0.569878 0.853171 1.262161 
0.845185 0.513208 0.965219 0.968101 0.769279 0.745577 1.294537 1.074291 0.837298 0.768538 0.701129 0.665533 0.702441 0.708534 0.862737 0.836212 0.746566 0.633389 0.597241 0.892299 1.323082 
0.884634 0.537688 1.010663 1.013506 0.808409 0.781141 1.354060 1.121623 0.876064 0.805038 0.731271 0.696463 0.735403 0.740404 0.907171 0.874498 0.781663 0.663412 0.624930 0.931659 1.384605 
0.924420 0.562474 1.056642 1.059433 0.848277 0.817218 1.414148 1.169249 0.915303 0.841987 0.761554 0.727715 0.768689 0.772493 0.952404 0.913140 0.817128 0.693802 0.652950 0.971246 1.446721 
0.964531 0.587564 1.103158 1.105883 0.888894 0.853815 1.474796 1.217164 0.955020 0.879383 0.791975 0.759291 0.802294 0.804795 0.998437 0.952137 0.852956 0.724559 0.681303 1.011052 1.509420 
1.004953 0.612956 1.150211 1.152858 0.930268 0.890940 1.536001 1.265364 0.995224 0.917223 0.822531 0.791186 0.836209 0.837302 1.045273 0.991483 0.889144 0.755685 0.709994 1.051071 1.572696 
1.045675 0.638651 1.197801 1.200359 0.972409 0.928601 1.597758 1.313848 1.035922 0.955504 0.853221 0.823402 0.870428 0.870009 1.092913 1.031178 0.925686 0.787180 0.739027 1.091298 1.636540 
1.086683 0.664645 1.245929 1.248387 1.015326 0.966806 1.660066 1.362612 1.077120 0.994225 0.884042 0.855937 0.904943 0.902909 1.141359 1.071216 0.962577 0.819045 0.768405 1.131726 1.700944 
1.127965 0.690940 1.294597 1.296945 1.059028 1.005563 1.722920 1.411656 1.118826 1.033382 0.914994 0.888790 0.939746 0.935997 1.190614 1.111596 0.999814 0.851281 0.798133 1.172352 1.765899 
1.169507 0.717532 1.343806 1.346034 1.103524 1.044881 1.786318 1.460979 1.161050 1.072972 0.946074 0.921961 0.974830 0.969265 1.240678 1.152314 1.037391 0.883890 0.828215 1.213170 1.831400 
1.211296 0.744422 1.393556 1.395658 1.148823 1.084767 1.850258 1.510579 1.203797 1.112991 0.977283 0.955449 1.010188 1.002708 1.291552 1.193368 1.075305 0.916872 0.858656 1.254174 1.897438 
1.253319 0.771606 1.443851 1.445817 1.194935 1.125233 1.914737 1.560457 1.247078 1.153437 1.008620 0.989254 1.045810 1.036320 1.343238 1.234755 1.113551 0.950230 0.889461 1.295362 1.964006 
1.295562 0.799086 1.494691 1.496516 1.241868 1.166285 1.979755 1.610614 1.290901 1.194305 1.040083 1.023375 1.081691 1.070095 1.395737 1.276473 1.152124 0.983965 0.920634 1.336730 2.031097 
1.338012 0.826858 1.546079 1.547757 1.289632 1.207934 2.045308 1.661050 1.335275 1.235592 1.071674 1.057813 1.117820 1.104028 1.449050 1.318518 1.191021 1.018078 0.952181 1.378272 2.098705 
1.380655 0.854922 1.598017 1.599545 1.338235 1.250189 2.111397 1.711768 1.380210 1.277295 1.103393 1.092567 1.154191 1.138113 1.503176 1.360887 1.230236 1.052573 0.984108 1.419987 2.166823 
1.423478 0.883276 1.650507 1.651881 1.387688 1.293059 2.178021 1.762770 1.425714 1.319408 1.135240 1.127639 1.190796 1.172345 1.558117 1.403580 1.269767 1.087450 1.016418 1.461871 2.235445 
1.466467 0.911918 1.703552 1.704772 1.437997 1.336555 2.245177 1.814058 1.471798 1.361928 1.167216 1.163027 1.227625 1.206719 1.613873 1.446593 1.309608 1.122712 1.049119 1.503921 2.304565 
1.509607 0.940848 1.757154 1.758220 1.489174 1.380687 2.312868 1.865636 1.518471 1.404850 1.199322 1.198733 1.264671 1.241228 1.670443 1.489923 1.349755 1.158362 1.082216 1.546134 2.374176 
1.552885 0.970064 1.811317 1.812230 1.541226 1.425465 2.381091 1.917508 1.565744 1.448169 1.231561 1.234758 1.301926 1.275868 1.727829 1.533570 1.390206 1.194402 1.115714 1.588510 2.444273 
1.596286 0.999564 1.866043 1.866807 1.594162 1.470899 2.449849 1.969678 1.613628 1.491881 1.263932 1.271101 1.339380 1.310635 1.786029 1.577529 1.430954 1.230834 1.149621 1.631046 2.514850 
1.639797 1.029346 1.921336 1.921955 1.647992 1.517001 2.519141 2.022152 1.662133 1.535981 1.296440 1.307765 1.377025 1.345523 1.845044 1.621801 1.471997 1.267663 1.183941 1.673740 2.585902 
1.683402 1.059410 1.977199 1.977681 1.702725 1.563781 2.588968 2.074934 1.711271 1.580464 1.329086 1.344749 1.414853 1.380527 1.904873 1.666381 1.513331 1.304889 1.218683 1.716591 2.657424 
1.727088 1.089753 2.033636 2.033989 1.758368 1.611250 2.659331 2.128032 1.761052 1.625323 1.361872 1.382056 1.452854 1.415643 1.965514 1.711269 1.554951 1.342517 1.253851 1.759598 2.729411 
1.770839 1.120374 2.090650 2.090885 1.814932 1.659419 2.730232 2.181451 1.811489 1.670555 1.394802 1.419686 1.491021 1.450866 2.026968 1.756462 1.596854 1.380550 1.289454 1.802761 2.801857 
1.814641 1.151271 2.148247 2.148376 1.872424 1.708301 2.801673 2.235200 1.862593 1.716153 1.427879 1.457641 1.529343 1.486192 2.089233 1.801959 1.639035 1.418991 1.325497 1.846080 2.874760 
1.858480 1.182442 2.206428 2.206466 1.930854 1.757906 2.873656 2.289284 1.914377 1.762111 1.461107 1.495922 1.567812 1.521616 2.152308 1.847758 1.681492 1.457844 1.361988 1.889553 2.948113 
1.902339 1.213885 2.265201 2.265164 1.990230 1.808248 2.946183 2.343714 1.966852 1.808424 1.494489 1.534532 1.606418 1.557135 2.216192 1.893857 1.724220 1.497112 1.398935 1.933183 3.021913 
1.946205 1.245600 2.324567 2.324476 2.050561 1.859337 3.019257 2.398498 2.020032 1.855084 1.528029 1.573471 1.645153 1.592743 2.280883 1.940255 1.767216 1.536800 1.436344 1.976969 3.096157 
1.990061 1.277583 2.384533 2.384408 2.111856 1.911187 3.092881 2.453646 2.073929 1.902087 1.561733 1.612743 1.684007 1.628438 2.346380 1.986950 1.810477 1.576910 1.474223 2.020912 3.170839 
2.033893 1.309834 2.445103 2.444968 2.174124 1.963809 3.167058 2.509166 2.128557 1.949425 1.595604 1.652349 1.722971 1.664215 2.412680 2.033940 1.853997 1.617448 1.512581 2.065013 3.245957 
2.077686 1.342350 2.506283 2.506164 2.237373 2.017217 3.241792 2.565070 2.183929 1.997092 1.629648 1.692292 1.762035 1.700070 2.479782 2.081225 1.897775 1.658417 1.551424 2.109274 3.321507 
2.121423 1.375129 2.568077 2.568004 2.301612 2.071424 3.317086 2.621370 2.240058 2.045081 1.663870 1.732573 1.801189 1.735999 2.547683 2.128802 1.941806 1.699822 1.590762 2.153698 3.397486 
2.165089 1.408170 2.630491 2.630495 2.366849 2.126443 3.392945 2.678075 2.296960 2.093384 1.698276 1.773196 1.840425 1.772000 2.616381 2.176672 1.986087 1.741667 1.630602 2.198285 3.473891 
2.208669 1.441470 2.693530 2.693645 2.433094 2.182286 3.469374 2.735200 2.354646 2.141995 1.732871 1.814164 1.879731 1.808068 2.685874 2.224832 2.030614 1.783957 1.670952 2.243039 3.550719 
2.252146 1.475027 2.757201 2.757464 2.500354 2.238969 3.546376 2.792756 2.413134 2.190907 1.767663 1.855478 1.919099 1.844201 2.756159 2.273281 2.075385 1.826697 1.711822 2.287962 3.627968 
2.295505 1.508840 2.821509 2.821960 2.568638 2.296503 3.623958 2.850756 2.472436 2.240111 1.802656 1.897142 1.958518 1.880394 2.827233 2.322018 2.120396 1.869891 1.753220 2.333057 3.705635 
2.338730 1.542907 2.886461 2.887143 2.637956 2.354905 3.702124 2.909215 2.532568 2.289600 1.837859 1.939159 1.997978 1.916646 2.899093 2.371043 2.165643 1.913546 1.795154 2.378328 3.783718 
2.381804 1.577224 2.952062 2.953021 2.708314 2.414187 3.780881 2.968148 2.593546 2.339366 1.873279 1.981533 2.037469 1.952952 2.971736 2.420355 2.211123 1.957665 1.837635 2.423778 3.862214 
2.424712 1.611791 3.018319 3.019604 2.779723 2.474364 3.860233 3.027567 2.655384 2.389402 1.908922 2.024266 2.076981 1.989310 3.045159 2.469952 2.256834 2.002255 1.880671 2.469411 3.941123 
2.467436 1.646605 3.085240 3.086903 2.852190 2.535451 3.940188 3.087491 2.718099 2.439698 1.944796 2.067363 2.116504 2.025717 3.119358 2.519834 2.302771 2.047320 1.924272 2.515233 4.020442 
2.509960 1.681663 3.152830 3.154927 2.925723 2.597462 4.020752 3.147933 2.781707 2.490248 1.980910 2.110826 2.156026 2.062170 3.194329 2.570000 2.348933 2.092867 1.968447 2.561246 4.100170 
2.552269 1.716964 3.221097 3.223686 3.000332 2.660413 4.101932 3.208912 2.846223 2.541041 2.017271 2.154660 2.195539 2.098668 3.270069 2.620450 2.395315 2.138902 2.013205 2.607456 4.180306 
2.594344 1.752505 3.290048 3.293192 3.076025 2.724319 4.183735 3.270443 2.911665 2.592069 2.053889 2.198869 2.235030 2.135206 3.346574 2.671183 2.441915 2.185429 2.058558 2.653869 4.260849 
2.636170 1.788285 3.359690 3.363455 3.152809 2.789195 4.266168 3.332545 2.978049 2.643324 2.090772 2.243456 2.274490 2.171783 3.423839 2.722199 2.488730 2.232456 2.104515 2.700490 4.341798 
2.677729 1.824300 3.430031 3.434487 3.230694 2.855056 4.349240 3.395237 3.045393 2.694796 2.127929 2.288427 2.313907 2.208397 3.501860 2.773497 2.535756 2.279989 2.151085 2.747324 4.423152 
2.719004 1.860548 3.501079 3.506298 3.309687 2.921920 4.432958 3.458536 3.113713 2.746476 2.165370 2.333784 2.353271 2.245046 3.580633 2.825077 2.582992 2.328033 2.198281 2.794378 4.504910 
2.759979 1.897027 3.572842 3.578901 3.389798 2.989801 4.517330 3.522462 3.183027 2.798355 2.203104 2.379534 2.392571 2.281727 3.660153 2.876939 2.630433 2.376596 2.246111 2.841658 4.587073 
2.800635 1.933735 3.645328 3.652308 3.471034 3.058715 4.602366 3.587035 3.253353 2.850422 2.241143 2.425679 2.431796 2.318438 3.740416 2.929083 2.678078 2.425683 2.294588 2.889171 4.669641 
2.840956 1.970670 3.718545 3.726530 3.553403 3.128681 4.688074 3.652275 3.324710 2.902670 2.279495 2.472226 2.470934 2.355178 3.821416 2.981508 2.725924 2.475303 2.343721 2.936924 4.752613 
2.880925 2.007827 3.792501 3.801581 3.636914 3.199713 4.774464 3.718203 3.397115 2.955086 2.318171 2.519179 2.509975 2.391944 3.903148 3.034214 2.773967 2.525461 2.393521 2.984925 4.835991 
2.920522 2.045207 3.867205 3.877472 3.721576 3.271829 4.861544 3.784842 3.470587 3.007662 2.357184 2.566543 2.548907 2.428736 3.985606 3.087202 2.822206 2.576165 2.444001 3.033180 4.919773 
2.959731 2.082804 3.942667 3.954218 3.807395 3.345046 4.949326 3.852213 3.545146 3.060387 2.396543 2.614323 2.587718 2.465552 4.068787 3.140471 2.870637 2.627422 2.495172 3.081699 5.003962 
2.998535 2.120618 4.018895 4.031830 3.894381 3.419382 5.037818 3.920338 3.620809 3.113251 2.436260 2.662525 2.626398 2.502390 4.152683 3.194023 2.919258 2.679240 2.547044 3.130488 5.088558 
3.036914 2.158645 4.095898 4.110323 3.982542 3.494853 5.127032 3.989241 3.697598 3.166242 2.476348 2.711154 2.664934 2.539249 4.237289 3.247856 2.968066 2.731625 2.599630 3.179558 5.173563 
3.074852 2.196884 4.173685 4.189711 4.071886 3.571477 5.216979 4.058945 3.775530 3.219351 2.516818 2.760215 2.703316 2.576128 4.322599 3.301972 3.017060 2.784586 2.652941 3.228916 5.258977 
3.112329 2.235330 4.252267 4.270007 4.162420 3.649273 5.307668 4.129475 3.854627 3.272566 2.557683 2.809714 2.741530 2.613026 4.408607 3.356370 3.066235 2.838130 2.706990 3.278572 5.344802 
3.149329 2.273982 4.331653 4.351225 4.254153 3.728257 5.399112 4.200856 3.934908 3.325877 2.598955 2.859658 2.779566 2.649941 4.495307 3.411052 3.115591 2.892265 2.761789 3.328535 5.431040 
3.185831 2.312837 4.411853 4.433381 4.347093 3.808450 5.491322 4.273113 4.016394 3.379271 2.640648 2.910052 2.817411 2.686874 4.582692 3.466017 3.165125 2.946999 2.817351 3.378816 5.517692 
3.221819 2.351892 4.492876 4.516489 4.441249 3.889869 5.584310 4.346271 4.099106 3.432738 2.682774 2.960903 2.855054 2.723823 4.670755 3.521267 3.214834 3.002341 2.873686 3.429424 5.604762 
3.257273 2.391144 4.574734 4.600564 4.536627 3.972532 5.678089 4.420359 4.183064 3.486265 2.725348 3.012215 2.892482 2.760787 4.759491 3.576802 3.264716 3.058299 2.930810 3.480369 5.692250 
3.292174 2.430591 4.657436 4.685622 4.633236 4.056460 5.772671 4.495401 4.268290 3.539841 2.768383 3.063997 2.929683 2.797766 4.848891 3.632623 3.314768 3.114880 2.988734 3.531663 5.780161 
3.326504 2.470229 4.740994 4.771677 4.731085 4.141670 5.868068 4.571427 4.354805 3.593455 2.811894 3.116255 2.966645 2.834760 4.938949 3.688731 3.364990 3.172095 3.047471 3.583316 5.868495 
3.360245 2.510056 4.825418 4.858746 4.830181 4.228182 5.964294 4.648464 4.442631 3.647093 2.855894 3.168995 3.003355 2.871768 5.029657 3.745126 3.415378 3.229951 3.107034 3.635340 5.957257 
3.393376 2.550070 4.910719 4.946845 4.930531 4.316016 6.061363 4.726540 4.531791 3.700744 2.900400 3.222224 3.039801 2.908791 5.121009 3.801810 3.465930 3.288458 3.167438 3.687746 6.046449 
3.425879 2.590266 4.996908 5.035991 5.032144 4.405191 6.159287 4.805686 4.622305 3.754395 2.945425 3.275948 3.075970 2.945827 5.212996 3.858783 3.516645 3.347625 3.228695 3.740547 6.136074 
3.457735 2.630642 5.083997 5.126199 5.135029 4.495728 6.258082 4.885931 4.714198 3.808033 2.990986 3.330177 3.111850 2.982877 5.305610 3.916048 3.567521 3.407460 3.290819 3.793754 6.226137 
3.488924 2.671195 5.171997 5.217487 5.239191 4.587646 6.357760 4.967304 4.807490 3.861646 3.037097 3.384915 3.147427 3.019942 5.398845 3.973604 3.618554 3.467973 3.353825 3.847381 6.316640 
3.519427 2.711922 5.260920 5.309872 5.344641 4.680966 6.458338 5.049838 4.902207 3.915221 3.083776 3.440172 3.182690 3.057021 5.492691 4.031453 3.669744 3.529174 3.417725 3.901439 6.407588 
3.549224 2.752819 5.350778 5.403371 5.451384 4.775708 6.559830 5.133564 4.998371 3.968744 3.131037 3.495953 3.217625 3.094114 5.587141 4.089597 3.721089 3.591073 3.482535 3.955942 6.498985 
3.578295 2.793885 5.441582 5.498003 5.559430 4.871894 6.662250 5.218513 5.096005 4.022202 3.178899 3.552268 3.252219 3.131223 5.682185 4.148037 3.772586 3.653678 3.548268 4.010904 6.590834 
3.606622 2.835116 5.533346 5.593783 5.668785 4.969543 6.765615 5.304718 5.195133 4.075581 3.227377 3.609123 3.286459 3.168347 5.777816 4.206774 3.824235 3.717000 3.614940 4.066339 6.683141 
