NaN NaN NaN NaN NaN NaN NaN 
NaN NaN NaN NaN NaN NaN NaN 
NaN NaN NaN NaN NaN NaN NaN 
NaN NaN NaN NaN NaN NaN NaN 
NaN NaN NaN NaN NaN NaN NaN 
-1.270402 -1.015074 -0.620851 -1.276196 -1.158866 -1.121853 -0.841122 
-1.226600 -1.024438 -0.627784 -1.286132 -1.122152 -1.138786 -0.856752 
-1.212503 -1.108457 -0.646600 -1.252079 -1.086231 -1.131222 -0.860562 
-1.157256 -1.088234 -0.661081 -1.263496 -1.012324 -1.151949 -0.874166 
-1.088768 -1.121190 -0.694981 -1.185841 -0.977323 -1.132580 -0.889335 
-1.127827 -1.123051 -0.720964 -1.119769 -0.923396 -1.254078 -0.894204 
-1.080916 -1.134016 -0.719885 -1.191699 -0.932958 -1.156422 -0.894234 
-1.098833 -1.203683 -0.765630 -1.266140 -0.967910 -1.233717 -0.897237 
-1.113419 -1.251620 -0.813725 -1.333895 -0.953466 -1.248047 -0.922365 
-1.092782 -1.315068 -0.805738 -1.354022 -0.989221 -1.287037 -0.944025 
-1.039942 -1.337915 -0.855166 -1.410377 -1.004111 -1.289749 -0.963804 
-1.096430 -1.423278 -0.893971 -1.477793 -1.064571 -1.237841 -0.988238 
-1.057201 -1.393841 -0.919016 -1.555913 -1.039153 -1.253019 -0.991734 
-1.066664 -1.447814 -0.961505 -1.629736 -1.079378 -1.216349 -0.971974 
-1.098678 -1.441122 -0.970773 -1.707353 -1.156130 -1.184073 -0.939896 
-1.031726 -1.481106 -0.981378 -1.736426 -1.200119 -1.160189 -0.907651 
-1.006609 -1.486152 -1.014124 -1.706341 -1.205425 -1.178820 -0.904643 
-0.943852 -1.456514 -1.017725 -1.692496 -1.183434 -1.160240 -0.889373 
-0.893455 -1.385502 -1.016504 -1.680421 -1.150898 -1.122500 -0.821066 
-0.827600 -1.299890 -0.989410 -1.668726 -1.097674 -1.113079 -0.799505 
-0.827679 -1.245585 -0.975952 -1.670599 -1.046148 -1.102869 -0.775582 
-0.770284 -1.205893 -0.914437 -1.626394 -0.980630 -1.016573 -0.720793 
-0.755080 -1.213013 -0.891752 -1.559297 -0.932717 -0.962978 -0.681518 
-0.728698 -1.145065 -0.843130 -1.435801 -0.907017 -0.932240 -0.666870 
-0.715426 -1.165394 -0.863858 -1.354637 -0.867178 -0.946947 -0.695598 
-0.662783 -1.130611 -0.889698 -1.431944 -0.874434 -0.903891 -0.713981 
-0.593850 -1.084813 -0.865411 -1.402266 -0.855136 -0.896196 -0.677008 
-0.530530 -1.067557 -0.812205 -1.424338 -0.806737 -0.871548 -0.632350 
-0.461614 -1.076663 -0.746150 -1.396970 -0.775257 -0.885843 -0.645420 
-0.436861 -1.098822 -0.760981 -1.327857 -0.752895 -0.911657 -0.597378 
-0.389359 -1.065035 -0.716221 -1.227290 -0.715262 -0.879717 -0.574978 
-0.367666 -1.026065 -0.699783 -1.121624 -0.696134 -0.913889 -0.547616 
-0.349895 -0.964382 -0.635958 -1.084702 -0.689433 -0.817824 -0.525428 
-0.401783 -0.965892 -0.632467 -1.151732 -0.699078 -0.814005 -0.543627 
-0.433009 -0.912941 -0.602309 -1.192923 -0.731409 -0.829443 -0.498178 
-0.395880 -0.878225 -0.520142 -1.106100 -0.667027 -0.803326 -0.468785 
-0.361307 -0.905931 -0.493826 -1.071518 -0.627893 -0.705265 -0.446684 
-0.383947 -0.844221 -0.498683 -0.964085 -0.596891 -0.652237 -0.440499 
-0.486114 -0.778563 -0.484924 -0.812559 -0.599507 -0.554806 -0.397016 
-0.455776 -0.725859 -0.428916 -0.753612 -0.513817 -0.456778 -0.367768 
-0.401409 -0.671933 -0.435214 -0.712898 -0.461818 -0.389317 -0.347015 
-0.371187 -0.609712 -0.427567 -0.717333 -0.460271 -0.404804 -0.328732 
-0.328045 -0.521137 -0.400802 -0.697841 -0.419234 -0.392899 -0.288182 
-0.199961 -0.399553 -0.337090 -0.615422 -0.320423 -0.355650 -0.203638 
-0.072904 -0.298589 -0.246100 -0.460476 -0.215764 -0.219492 -0.159297 
-0.050771 -0.215114 -0.182627 -0.347096 -0.191995 -0.152981 -0.080769 
-0.016996 -0.090015 -0.130909 -0.277978 -0.135465 -0.133457 -0.045545 
0.002621 -0.056305 -0.050965 -0.195544 -0.085912 -0.095263 -0.036684 
0.084757 -0.027790 0.007266 -0.199330 -0.064174 -0.020681 -0.002609 
0.076824 0.009292 0.048147 -0.124705 -0.049454 0.028303 0.006695 
0.080960 0.048955 0.084907 -0.031925 -0.018726 0.044977 0.053094 
0.056328 0.129798 0.130530 0.089324 0.026210 0.148889 0.050878 
0.110687 0.184494 0.104447 0.209981 0.104298 0.137289 0.055433 
0.103792 0.187180 0.145206 0.338455 0.119183 0.253864 0.068224 
0.144822 0.211723 0.194191 0.416893 0.188510 0.257284 0.101572 
0.113284 0.299404 0.225471 0.471177 0.281260 0.274706 0.125803 
0.081396 0.342681 0.267187 0.581270 0.346960 0.250780 0.159600 
0.114166 0.417464 0.318813 0.674546 0.390120 0.256050 0.234665 
0.186617 0.499181 0.325923 0.773058 0.485780 0.253519 0.287475 
0.285019 0.559975 0.359185 0.825845 0.480915 0.258882 0.349031 
0.332958 0.603054 0.422299 0.846428 0.511911 0.282505 0.397109 
0.414259 0.632904 0.447764 0.908823 0.590491 0.309400 0.484238 
0.439513 0.672475 0.519758 0.949032 0.571358 0.352697 0.534837 
0.470726 0.736640 0.565252 1.016253 0.599723 0.347868 0.575638 
0.564048 0.846801 0.594103 1.005010 0.615284 0.406120 0.615830 
0.637902 0.877457 0.597151 1.117945 0.645368 0.492674 0.652137 
0.697539 0.922461 0.612965 1.222423 0.638904 0.562181 0.702386 
0.807815 0.948953 0.626804 1.308125 0.716448 0.656120 0.750213 
0.862391 1.000238 0.698250 1.368155 0.742663 0.704281 0.768241 
0.884978 1.079253 0.734680 1.424495 0.775701 0.747196 0.783125 
0.932208 1.168454 0.777773 1.592651 0.799659 0.859281 0.810154 
1.034155 1.215137 0.828870 1.604114 0.777208 0.896643 0.840958 
1.132370 1.236702 0.853724 1.669119 0.864627 0.966183 0.870866 
1.282228 1.280572 0.879443 1.745499 0.951931 0.981743 0.955092 
1.262067 1.304010 0.892396 1.910395 0.974528 1.052484 1.016648 
1.361307 1.321710 0.950941 1.893686 1.026350 1.051365 1.080219 
1.498799 1.362570 1.003315 1.958873 1.085019 1.085451 1.124909 
1.524104 1.475862 1.081288 1.968857 1.092009 1.109981 1.170082 
1.597575 1.541548 1.111481 2.013271 1.109899 1.181955 1.255612 
1.647336 1.607313 1.156539 2.134510 1.174389 1.270723 1.359830 
1.727309 1.618303 1.207251 2.150108 1.235962 1.309507 1.428051 
1.742234 1.681914 1.233196 2.275022 1.331786 1.346798 1.478127 
1.772097 1.794728 1.268019 2.380437 1.361040 1.425089 1.556689 
1.819280 1.925180 1.308488 2.423337 1.422085 1.480451 1.580592 
1.906176 2.008686 1.361927 2.552136 1.485492 1.466482 1.622447 
2.040784 2.127679 1.419992 2.668438 1.523078 1.569696 1.681337 
2.089715 2.241027 1.488030 2.709452 1.581557 1.688888 1.740998 
2.173299 2.305353 1.479472 2.772237 1.630817 1.707403 1.781469 
2.254770 2.395391 1.510302 2.920065 1.740334 1.697338 1.810902 
2.376788 2.454687 1.541500 2.995503 1.864419 1.743809 1.842393 
2.472002 2.584689 1.586546 3.130255 1.897468 1.763744 1.909827 
2.636268 2.683416 1.648549 3.215228 1.904164 1.777271 1.996544 
2.831031 2.780104 1.718795 3.315586 1.967776 1.809786 2.057575 
2.911316 2.818896 1.761470 3.372072 1.972753 1.865389 2.130950 
3.005716 2.877192 1.831807 3.420924 2.044718 1.968279 2.233682 
3.085652 2.922849 1.871624 3.569340 2.087824 2.039657 2.270497 
3.227279 2.925674 1.922457 3.708129 2.114489 2.026461 2.341321 
3.360194 3.016664 1.982751 3.817249 2.161549 2.124353 2.412510 
3.501198 3.079215 2.035187 3.920709 2.181838 2.207735 2.525323 
3.510944 3.176332 2.081694 4.015177 2.183654 2.218462 2.615441 
3.628800 3.233313 2.108417 4.044938 2.235444 2.301527 2.653187 
3.677051 3.293151 2.170339 4.138109 2.339855 2.404760 2.696522 
3.705093 3.331620 2.228002 4.171079 2.378225 2.416105 2.764275 
3.821706 3.340029 2.291072 4.299499 2.472706 2.531206 2.832184 
3.932241 3.440841 2.354321 4.370520 2.519352 2.549063 2.856403 
3.978623 3.523284 2.406283 4.510220 2.592456 2.554991 2.935692 
4.019342 3.689470 2.430412 4.590524 2.656065 2.644037 3.026665 
4.111954 3.754119 2.505297 4.714086 2.746670 2.711960 3.127897 
4.186426 3.822804 2.557622 4.711513 2.786160 2.823774 3.179595 
4.415484 3.872398 2.622960 4.725140 2.861160 2.889566 3.204407 
4.461599 3.958587 2.703510 4.815653 2.981752 2.979948 3.307462 
4.537429 4.037835 2.774176 4.925022 3.039354 3.046957 3.373486 
4.689667 4.161511 2.844399 5.021207 3.094988 3.203581 3.455045 
4.738283 4.270729 2.942809 5.179613 3.132435 3.218508 3.523764 
4.833624 4.348285 2.990349 5.186810 3.212608 3.355060 3.600876 
5.010685 4.417359 3.070350 5.227324 3.271372 3.424957 3.669445 
5.124576 4.440515 3.166675 5.352317 3.350587 3.472732 3.686221 
5.250715 4.523989 3.247344 5.491601 3.377976 3.588110 3.757136 
5.374988 4.608053 3.338609 5.656258 3.439452 3.631281 3.799102 
5.397802 4.673613 3.392699 5.798106 3.467490 3.814762 3.875895 
5.492743 4.745769 3.454875 5.875422 3.523505 3.858137 3.920307 
5.679162 4.855268 3.521125 5.958844 3.618338 3.964254 3.997653 
5.687028 4.923906 3.603900 6.094422 3.692786 3.948879 4.068984 
5.830100 5.066468 3.638364 6.115133 3.735274 4.010656 4.140230 
5.934651 5.116427 3.693941 6.317371 3.788173 4.025537 4.205433 
5.956121 5.253708 3.767392 6.435817 3.792378 4.105503 4.289059 
6.006238 5.360869 3.846499 6.512496 3.829160 4.205913 4.373575 
6.003453 5.426954 3.907518 6.545213 3.904517 4.220594 4.458570 
6.029454 5.531132 3.982345 6.602322 3.999930 4.252573 4.536639 
6.119339 5.665156 4.073713 6.688392 4.048415 4.253311 4.612536 
6.229002 5.734355 4.191161 6.812002 4.056057 4.252640 4.696367 
6.198349 5.835140 4.277168 6.934664 4.124974 4.313736 4.756048 
6.267227 5.915637 4.320044 7.056928 4.142153 4.384796 4.814506 
6.275254 5.971560 4.396386 7.190093 4.210165 4.506328 4.857072 
6.413476 6.098783 4.493136 7.262066 4.289133 4.625444 4.955779 
6.467336 6.174598 4.560929 7.341516 4.390682 4.674528 5.023291 
6.631273 6.273972 4.605176 7.460107 4.473556 4.675302 5.073537 
6.806249 6.340001 4.676293 7.621792 4.503456 4.784475 5.115705 
6.834856 6.458766 4.740897 7.763178 4.522879 4.909407 5.184510 
6.963309 6.531291 4.803694 7.939311 4.591455 4.995069 5.246544 
7.023737 6.664130 4.837792 8.102406 4.606027 5.123314 5.309628 
NaN NaN NaN NaN NaN NaN NaN 
NaN NaN NaN NaN NaN NaN NaN 
NaN NaN NaN NaN NaN NaN NaN 
NaN NaN NaN NaN NaN NaN NaN 
