NaN NaN NaN NaN NaN NaN NaN NaN NaN NaN NaN NaN NaN NaN NaN NaN NaN NaN NaN NaN NaN NaN NaN NaN NaN NaN NaN NaN 
NaN NaN NaN NaN NaN NaN NaN NaN NaN NaN NaN NaN NaN NaN NaN NaN NaN NaN NaN NaN NaN NaN NaN NaN NaN NaN NaN NaN 
NaN NaN NaN NaN NaN NaN NaN NaN NaN NaN NaN NaN NaN NaN NaN NaN NaN NaN NaN NaN NaN NaN NaN NaN NaN NaN NaN NaN 
NaN NaN NaN NaN NaN NaN NaN NaN NaN NaN NaN NaN NaN NaN NaN NaN NaN NaN NaN NaN NaN NaN NaN NaN NaN NaN NaN NaN 
NaN NaN NaN NaN NaN NaN NaN NaN NaN NaN NaN NaN NaN NaN NaN NaN NaN NaN NaN NaN NaN NaN NaN NaN NaN NaN NaN NaN 
NaN NaN NaN NaN NaN NaN NaN NaN NaN NaN NaN NaN NaN NaN NaN NaN NaN NaN NaN NaN NaN NaN NaN NaN NaN NaN NaN NaN 
-2.412591 -4.852069 -1.857669 -3.038279 -0.668806 -0.967872 -2.471992 -0.079711 -2.455962 -3.069371 -0.003371 -0.950847 -1.090401 -0.490145 -2.604218 -1.434687 -0.488812 -1.301007 -1.485684 -1.216977 -1.491029 -1.057263 0.194814 -2.681979 -0.879558 -0.523250 0.556254 -0.894859 
-2.307694 -4.775063 -1.902645 -3.035403 -0.724014 -0.903641 -2.544876 -0.129613 -2.321040 -3.111707 -0.046692 -1.107743 -1.152189 -0.570755 -2.529745 -1.427246 -0.549587 -1.311800 -1.537543 -1.185042 -1.526422 -1.056466 0.082894 -2.520061 -0.904339 -0.679456 0.686155 -0.809895 
-2.206731 -4.695672 -1.943158 -3.028926 -0.774789 -0.843254 -2.608672 -0.177462 -2.193172 -3.145284 -0.087689 -1.252519 -1.208624 -0.644937 -2.456665 -1.419304 -0.606430 -1.321191 -1.583946 -1.154623 -1.556485 -1.055142 -0.022653 -2.366610 -0.927686 -0.823613 0.804167 -0.731101 
-2.109580 -4.614010 -1.979273 -3.018931 -0.821249 -0.786563 -2.663678 -0.223244 -2.072086 -3.170434 -0.126402 -1.385533 -1.259842 -0.712892 -2.384939 -1.410821 -0.659410 -1.329162 -1.625044 -1.125622 -1.581418 -1.053264 -0.121963 -2.221325 -0.949566 -0.956109 0.910746 -0.658214 
-2.016123 -4.530187 -2.011058 -3.005497 -0.863512 -0.733418 -2.710186 -0.266947 -1.957512 -3.187482 -0.162871 -1.507134 -1.305979 -0.774816 -2.314529 -1.401757 -0.708596 -1.335695 -1.660984 -1.097942 -1.601423 -1.050805 -0.215169 -2.083909 -0.969947 -1.077322 1.006339 -0.590975 
-1.926242 -4.444311 -2.038578 -2.988703 -0.901693 -0.683675 -2.748485 -0.308558 -1.849189 -3.196751 -0.197136 -1.617671 -1.347170 -0.830906 -2.245396 -1.392071 -0.754059 -1.340774 -1.691912 -1.071488 -1.616694 -1.047740 -0.302406 -1.954068 -0.988798 -1.187626 1.091391 -0.529128 
-1.839822 -4.356488 -2.061898 -2.968626 -0.935906 -0.637189 -2.778859 -0.348065 -1.746857 -3.198557 -0.229234 -1.717486 -1.383547 -0.881353 -2.177502 -1.381728 -0.795865 -1.344385 -1.717972 -1.046167 -1.627425 -1.044043 -0.383805 -1.831514 -1.006089 -1.287392 1.166335 -0.472423 
-1.756748 -4.266823 -2.081085 -2.945345 -0.966262 -0.593819 -2.801589 -0.385457 -1.650259 -3.193212 -0.259205 -1.806917 -1.415239 -0.926345 -2.110812 -1.370691 -0.834084 -1.346510 -1.739305 -1.021888 -1.633804 -1.039691 -0.459497 -1.715961 -1.021792 -1.376981 1.231602 -0.420612 
-1.676906 -4.175419 -2.096203 -2.918936 -0.992872 -0.553425 -2.816951 -0.420725 -1.559146 -3.181022 -0.287085 -1.886296 -1.442376 -0.966071 -2.045287 -1.358924 -0.868781 -1.347137 -1.756052 -0.998561 -1.636018 -1.034658 -0.529610 -1.607128 -1.035876 -1.456752 1.287614 -0.373453 
-1.600186 -4.082377 -2.107318 -2.889473 -1.015844 -0.515868 -2.825216 -0.453859 -1.473270 -3.162292 -0.312910 -1.955951 -1.465083 -1.000712 -1.980892 -1.346395 -0.900023 -1.346251 -1.768351 -0.976099 -1.634248 -1.028920 -0.594271 -1.504738 -1.048317 -1.527058 1.334787 -0.330707 
-1.526477 -3.987795 -2.114493 -2.857031 -1.035285 -0.481015 -2.826653 -0.484850 -1.392387 -3.137317 -0.336718 -2.016207 -1.483487 -1.030450 -1.917591 -1.333070 -0.927875 -1.343838 -1.776338 -0.954416 -1.628673 -1.022454 -0.653608 -1.408519 -1.059086 -1.588246 1.373531 -0.292141 
-1.455669 -3.891771 -2.117794 -2.821684 -1.051300 -0.448731 -2.821525 -0.513690 -1.316260 -3.106391 -0.358543 -2.067381 -1.497710 -1.055463 -1.855350 -1.318918 -0.952403 -1.339888 -1.780148 -0.933427 -1.619470 -1.015237 -0.707744 -1.318201 -1.068159 -1.640658 1.404248 -0.257524 
-1.387657 -3.794398 -2.117283 -2.783505 -1.063992 -0.418883 -2.810092 -0.540371 -1.244653 -3.069802 -0.378419 -2.109788 -1.507874 -1.075926 -1.794132 -1.303911 -0.973670 -1.334387 -1.779913 -0.913051 -1.606809 -1.007246 -0.756801 -1.233519 -1.075511 -1.684629 1.427335 -0.226631 
-1.322334 -3.695772 -2.113025 -2.742565 -1.073463 -0.391344 -2.792608 -0.564887 -1.177335 -3.027833 -0.396382 -2.143738 -1.514098 -1.092010 -1.733904 -1.288018 -0.991740 -1.327324 -1.775765 -0.893207 -1.590860 -0.998459 -0.800903 -1.154212 -1.081119 -1.720491 1.443181 -0.199240 
-1.259596 -3.595981 -2.105082 -2.698935 -1.079813 -0.365984 -2.769325 -0.587232 -1.114082 -2.980762 -0.412464 -2.169534 -1.516501 -1.103886 -1.674633 -1.271213 -1.006676 -1.318690 -1.767832 -0.873815 -1.571787 -0.988854 -0.840168 -1.080024 -1.084960 -1.748570 1.452171 -0.175133 
-1.199340 -3.495117 -2.093519 -2.652686 -1.083140 -0.342680 -2.740490 -0.607400 -1.054669 -2.928863 -0.426698 -2.187477 -1.515198 -1.111720 -1.616285 -1.253470 -1.018540 -1.308473 -1.756241 -0.854800 -1.549752 -0.978408 -0.874716 -1.010701 -1.087013 -1.769185 1.454680 -0.154097 
-1.141465 -3.393265 -2.078398 -2.603886 -1.083540 -0.321306 -2.706346 -0.625387 -0.998879 -2.872406 -0.439116 -2.197862 -1.510304 -1.115675 -1.558828 -1.234764 -1.027394 -1.296666 -1.741118 -0.836086 -1.524914 -0.967102 -0.904663 -0.945995 -1.087257 -1.782650 1.451078 -0.135924 
-1.085870 -3.290513 -2.059781 -2.552604 -1.081108 -0.301742 -2.667130 -0.641188 -0.946498 -2.811653 -0.449749 -2.200980 -1.501931 -1.115913 -1.502229 -1.215070 -1.033297 -1.283258 -1.722586 -0.817599 -1.497428 -0.954914 -0.930126 -0.885661 -1.085671 -1.789276 1.441729 -0.120408 
-1.032457 -3.186942 -2.037731 -2.498907 -1.075938 -0.283868 -2.623077 -0.654802 -0.897315 -2.746864 -0.458629 -2.197115 -1.490191 -1.112592 -1.446456 -1.194368 -1.036310 -1.268243 -1.700766 -0.799267 -1.467444 -0.941825 -0.951218 -0.829459 -1.082238 -1.789366 1.426990 -0.107349 
-0.981130 -3.082635 -2.012309 -2.442861 -1.068120 -0.267567 -2.574418 -0.666224 -0.851126 -2.678293 -0.465785 -2.186550 -1.475191 -1.105866 -1.391478 -1.172636 -1.036493 -1.251613 -1.675778 -0.781022 -1.435110 -0.927813 -0.968052 -0.777151 -1.076938 -1.783217 1.407211 -0.096550 
-0.931792 -2.977672 -1.983577 -2.384532 -1.057743 -0.252723 -2.521379 -0.675454 -0.807728 -2.606191 -0.471247 -2.169560 -1.457040 -1.095889 -1.337265 -1.149853 -1.033904 -1.233362 -1.647739 -0.762794 -1.400572 -0.912861 -0.980739 -0.728505 -1.069757 -1.771123 1.382736 -0.087820 
-0.884349 -2.872129 -1.951597 -2.323985 -1.044897 -0.239222 -2.464181 -0.682489 -0.766924 -2.530803 -0.475043 -2.146417 -1.435843 -1.082809 -1.283786 -1.126003 -1.028601 -1.213483 -1.616767 -0.744518 -1.363971 -0.896949 -0.989390 -0.683292 -1.060676 -1.753372 1.353902 -0.080969 
-0.838709 -2.766084 -1.916429 -2.261283 -1.029666 -0.226954 -2.403041 -0.687330 -0.728521 -2.452367 -0.477203 -2.117389 -1.411703 -1.066774 -1.231012 -1.101067 -1.020641 -1.191971 -1.582974 -0.726128 -1.325443 -0.880057 -0.994112 -0.641287 -1.049681 -1.730246 1.321040 -0.075815 
-0.794781 -2.659610 -1.878135 -2.196489 -1.012136 -0.215810 -2.338174 -0.689977 -0.692328 -2.371120 -0.477753 -2.082736 -1.384722 -1.047928 -1.178913 -1.075030 -1.010082 -1.168822 -1.546472 -0.707563 -1.285124 -0.862169 -0.995013 -0.602271 -1.036759 -1.702020 1.284474 -0.072178 
-0.752475 -2.552778 -1.836774 -2.129666 -0.992389 -0.205681 -2.269789 -0.690430 -0.658162 -2.287292 -0.476719 -2.042718 -1.355001 -1.026411 -1.127460 -1.047876 -0.996978 -1.144031 -1.507373 -0.688761 -1.243144 -0.843267 -0.992197 -0.566026 -1.021895 -1.668966 1.244521 -0.069882 
-0.711703 -2.445660 -1.792407 -2.060874 -0.970506 -0.196462 -2.198091 -0.688692 -0.625840 -2.201109 -0.474129 -1.997585 -1.322638 -1.002362 -1.076625 -1.019593 -0.981386 -1.117595 -1.465785 -0.669663 -1.199630 -0.823332 -0.985770 -0.532340 -1.005077 -1.631350 1.201493 -0.068756 
-0.672377 -2.338323 -1.745095 -1.990174 -0.946566 -0.188051 -2.123280 -0.684765 -0.595186 -2.112791 -0.470009 -1.947587 -1.287729 -0.975916 -1.026381 -0.990168 -0.963359 -1.089512 -1.421814 -0.650211 -1.154707 -0.802349 -0.975832 -0.501005 -0.986295 -1.589433 1.155692 -0.068633 
-0.634413 -2.230834 -1.694895 -1.917624 -0.920647 -0.180345 -2.045554 -0.678651 -0.566028 -2.022556 -0.464381 -1.892967 -1.250369 -0.947207 -0.976699 -0.959591 -0.942952 -1.059780 -1.375565 -0.630351 -1.108495 -0.780300 -0.962486 -0.471816 -0.965537 -1.543468 1.107419 -0.069350 
-0.597727 -2.123256 -1.641869 -1.843284 -0.892825 -0.173247 -1.965105 -0.670354 -0.538196 -1.930613 -0.457272 -1.833964 -1.210651 -0.916362 -0.927554 -0.927852 -0.920217 -1.028396 -1.327140 -0.610027 -1.061111 -0.757169 -0.945831 -0.444572 -0.942795 -1.493706 1.056962 -0.070749 
-0.562235 -2.015653 -1.586074 -1.767211 -0.863173 -0.166657 -1.882121 -0.659879 -0.511526 -1.837170 -0.448705 -1.770810 -1.168666 -0.883511 -0.878918 -0.894942 -0.895208 -0.995361 -1.276642 -0.589188 -1.012669 -0.732941 -0.925964 -0.419078 -0.918059 -1.440390 1.004608 -0.072674 
-0.527858 -1.908085 -1.527570 -1.689461 -0.831764 -0.160483 -1.796787 -0.647231 -0.485857 -1.742429 -0.438701 -1.703736 -1.124505 -0.848776 -0.830767 -0.860855 -0.867976 -0.960674 -1.224168 -0.567784 -0.963279 -0.707601 -0.902983 -0.395140 -0.891321 -1.383760 0.950634 -0.074977 
-0.494516 -1.800610 -1.466414 -1.610090 -0.798669 -0.154629 -1.709282 -0.632415 -0.461034 -1.646587 -0.427285 -1.632966 -1.078253 -0.812279 -0.783074 -0.825584 -0.838572 -0.924335 -1.169817 -0.545767 -0.913047 -0.681133 -0.876983 -0.372571 -0.862577 -1.324048 0.895312 -0.077510 
-0.462131 -1.693286 -1.402666 -1.529153 -0.763956 -0.149005 -1.619784 -0.615438 -0.436904 -1.549835 -0.414477 -1.558720 -1.029998 -0.774139 -0.735814 -0.789126 -0.807047 -0.886347 -1.113683 -0.523088 -0.862078 -0.653523 -0.848058 -0.351186 -0.831818 -1.261481 0.838907 -0.080132 
-0.430625 -1.586167 -1.336383 -1.446704 -0.727693 -0.143522 -1.528462 -0.596308 -0.413320 -1.452361 -0.400299 -1.481212 -0.979824 -0.734471 -0.688965 -0.751477 -0.773450 -0.846711 -1.055860 -0.499704 -0.810471 -0.624757 -0.816298 -0.330805 -0.799042 -1.196283 0.781676 -0.082705 
-0.399925 -1.479306 -1.267622 -1.362797 -0.689946 -0.138093 -1.435486 -0.575031 -0.390136 -1.354348 -0.384770 -1.400654 -0.927812 -0.693387 -0.642500 -0.712634 -0.737830 -0.805429 -0.996441 -0.475572 -0.758322 -0.594822 -0.781797 -0.311252 -0.764243 -1.128670 0.723872 -0.085096 
-0.369955 -1.372753 -1.196442 -1.277482 -0.650778 -0.132633 -1.341018 -0.551618 -0.367214 -1.255974 -0.367910 -1.317249 -0.874043 -0.650998 -0.596398 -0.672598 -0.700236 -0.762505 -0.935514 -0.450649 -0.705725 -0.563704 -0.744642 -0.292355 -0.727419 -1.058853 0.665741 -0.087176 
-0.340645 -1.266559 -1.122898 -1.190812 -0.610251 -0.127059 -1.245217 -0.526076 -0.344418 -1.157411 -0.349739 -1.231201 -0.818597 -0.607412 -0.550635 -0.631369 -0.660715 -0.717943 -0.873168 -0.424897 -0.652770 -0.531391 -0.704921 -0.273945 -0.688568 -0.987039 0.607520 -0.088819 
-0.311924 -1.160770 -1.047047 -1.102836 -0.568425 -0.121289 -1.148238 -0.498416 -0.321616 -1.058828 -0.330275 -1.142704 -0.761550 -0.562731 -0.505189 -0.588948 -0.619315 -0.671746 -0.809489 -0.398277 -0.599542 -0.497870 -0.662721 -0.255858 -0.647689 -0.913428 0.549441 -0.089905 
-0.283721 -1.055431 -0.968947 -1.013605 -0.525360 -0.115245 -1.050232 -0.468648 -0.298682 -0.960388 -0.309535 -1.051950 -0.702976 -0.517058 -0.460038 -0.545338 -0.576081 -0.623920 -0.744561 -0.370753 -0.546125 -0.463128 -0.618127 -0.237935 -0.604782 -0.838215 0.491731 -0.090316 
-0.255970 -0.950585 -0.888653 -0.923167 -0.481111 -0.108850 -0.951347 -0.436784 -0.275491 -0.862251 -0.287537 -0.959126 -0.642951 -0.470492 -0.415160 -0.500545 -0.531060 -0.574472 -0.678467 -0.342292 -0.492597 -0.427156 -0.571222 -0.220019 -0.559847 -0.761590 0.434608 -0.089941 
-0.228604 -0.846275 -0.806220 -0.831569 -0.435735 -0.102029 -0.851723 -0.402837 -0.251924 -0.764569 -0.264296 -0.864414 -0.581545 -0.423128 -0.370535 -0.454574 -0.484296 -0.523407 -0.611286 -0.312860 -0.439035 -0.389940 -0.522088 -0.201958 -0.512886 -0.683737 0.378284 -0.088672 
-0.201558 -0.742539 -0.721705 -0.738859 -0.389284 -0.094709 -0.751500 -0.366817 -0.227867 -0.667492 -0.239829 -0.767991 -0.518828 -0.375059 -0.326142 -0.407430 -0.435833 -0.470732 -0.543098 -0.282427 -0.385510 -0.351472 -0.470806 -0.183604 -0.463902 -0.604835 0.322966 -0.086403 
-0.174768 -0.639416 -0.635163 -0.645082 -0.341811 -0.086818 -0.650812 -0.328740 -0.203209 -0.571165 -0.214151 -0.670030 -0.454869 -0.326375 -0.281961 -0.359124 -0.385715 -0.416456 -0.473980 -0.250965 -0.332094 -0.311740 -0.417454 -0.164813 -0.412899 -0.525058 0.268852 -0.083035 
-0.148174 -0.536940 -0.546648 -0.550283 -0.293365 -0.078289 -0.549788 -0.288619 -0.177843 -0.475726 -0.187276 -0.570699 -0.389733 -0.277164 -0.237973 -0.309664 -0.333986 -0.360586 -0.404006 -0.218445 -0.278850 -0.270734 -0.362111 -0.145446 -0.359880 -0.444573 0.216135 -0.078473 
-0.121713 -0.435145 -0.456216 -0.454507 -0.243995 -0.069055 -0.448554 -0.246469 -0.151667 -0.381310 -0.159218 -0.470160 -0.323485 -0.227510 -0.194158 -0.259060 -0.280686 -0.303132 -0.333250 -0.184842 -0.225841 -0.228446 -0.304851 -0.125366 -0.304853 -0.363543 0.165002 -0.072626 
-0.095327 -0.334064 -0.363921 -0.357796 -0.193747 -0.059050 -0.347232 -0.202305 -0.124581 -0.288049 -0.129990 -0.368572 -0.256189 -0.177494 -0.150499 -0.207326 -0.225857 -0.244104 -0.261783 -0.150133 -0.173125 -0.184865 -0.245751 -0.104442 -0.247822 -0.282126 0.115631 -0.065405 
-0.068959 -0.233726 -0.269816 -0.260194 -0.142667 -0.048211 -0.245940 -0.156144 -0.096492 -0.196065 -0.099605 -0.266090 -0.187904 -0.127197 -0.106977 -0.154473 -0.169542 -0.183511 -0.189674 -0.114297 -0.120759 -0.139984 -0.184883 -0.082545 -0.188795 -0.200472 0.068195 -0.056727 
-0.042552 -0.134159 -0.173956 -0.161741 -0.090796 -0.036479 -0.144790 -0.108003 -0.067309 -0.105481 -0.068074 -0.162862 -0.118691 -0.076692 -0.063575 -0.100517 -0.111778 -0.121366 -0.116990 -0.077312 -0.068794 -0.093794 -0.122319 -0.059552 -0.127781 -0.118728 0.022862 -0.046515 
-0.016052 -0.035389 -0.076394 -0.062478 -0.038178 -0.023794 -0.043891 -0.057898 -0.036946 -0.016411 -0.035409 -0.059032 -0.048606 -0.026055 -0.020276 -0.045473 -0.052606 -0.057679 -0.043797 -0.039162 -0.017279 -0.046288 -0.058128 -0.035343 -0.064788 -0.037035 -0.020209 -0.034692 
0.010594 0.062559 0.022817 0.037556 0.015149 -0.010099 0.056651 -0.005849 -0.005322 0.071034 -0.001620 0.045261 0.022295 0.024645 0.022937 0.010642 0.007935 0.007537 0.029840 0.000172 0.033742 0.002543 0.007619 -0.009803 0.000172 0.044471 -0.060866 -0.021189 
0.037439 0.159664 0.123623 0.138321 0.069147 0.004659 0.156736 0.048125 0.027642 0.156747 0.033283 0.149880 0.093957 0.075341 0.066080 0.067809 0.069807 0.074270 0.103860 0.040703 0.084227 0.052705 0.074857 0.017181 0.067090 0.125661 -0.098960 -0.005940 
0.064533 0.255904 0.225972 0.239779 0.123779 0.020535 0.256268 0.104006 0.062019 0.240628 0.069291 0.254697 0.166329 0.125967 0.109168 0.126009 0.132974 0.142504 0.178204 0.082444 0.134138 0.104204 0.143518 0.045715 0.135952 0.206410 -0.134353 0.011118 
0.091924 0.351263 0.329812 0.341894 0.179011 0.037577 0.355153 0.161772 0.097879 0.322581 0.106396 0.359585 0.239360 0.176462 0.152216 0.185221 0.197397 0.212227 0.252812 0.125407 0.183439 0.157048 0.213539 0.075904 0.206747 0.286599 -0.166911 0.030043 
0.119659 0.445722 0.435091 0.444630 0.234810 0.055836 0.453305 0.221402 0.135288 0.402512 0.144588 0.464424 0.313003 0.226767 0.195239 0.245423 0.263043 0.283423 0.327629 0.169600 0.232100 0.211241 0.284857 0.107847 0.279460 0.366114 -0.196506 0.050889 
0.147786 0.539268 0.541756 0.547951 0.291145 0.075358 0.550639 0.282875 0.174306 0.480337 0.183862 0.569098 0.387209 0.276826 0.238251 0.306591 0.329874 0.356076 0.402600 0.215032 0.280092 0.266788 0.357410 0.141640 0.354076 0.444847 -0.223019 0.073704 
0.176347 0.631888 0.649757 0.651824 0.347986 0.096187 0.647074 0.346169 0.214991 0.555972 0.224210 0.673495 0.461935 0.326585 0.281265 0.368701 0.397856 0.430171 0.477672 0.261708 0.327392 0.323696 0.431139 0.177374 0.430579 0.522695 -0.246336 0.098534 
0.205387 0.723570 0.759042 0.756213 0.405306 0.118365 0.742537 0.411259 0.257396 0.629341 0.265626 0.777510 0.537136 0.375994 0.324295 0.431728 0.466956 0.505690 0.552795 0.309632 0.373978 0.381968 0.505985 0.215137 0.508953 0.599562 -0.266349 0.125421 
0.234946 0.814307 0.869560 0.861088 0.463078 0.141934 0.836954 0.478123 0.301570 0.700371 0.308106 0.881040 0.612772 0.425005 0.367353 0.495643 0.537141 0.582616 0.627920 0.358806 0.419833 0.441608 0.581890 0.255013 0.589181 0.675353 -0.282957 0.154401 
0.265065 0.904091 0.981261 0.966417 0.521280 0.166932 0.930260 0.546735 0.347558 0.768994 0.351644 0.983987 0.688803 0.473572 0.410451 0.560418 0.608377 0.660930 0.702999 0.409232 0.464942 0.502620 0.658799 0.297080 0.671243 0.749984 -0.296068 0.185507 
0.295782 0.992918 1.094095 1.072168 0.579887 0.193395 1.022390 0.617071 0.395400 0.835147 0.396237 1.086261 0.765191 0.521656 0.453601 0.626024 0.680632 0.740614 0.777988 0.460907 0.509294 0.565007 0.736659 0.341413 0.755120 0.823374 -0.305592 0.218767 
0.327134 1.080784 1.208010 1.178313 0.638880 0.221357 1.113286 0.689105 0.445133 0.898773 0.441881 1.187772 0.841899 0.569215 0.496814 0.692429 0.753877 0.821649 0.852844 0.513828 0.552883 0.628773 0.815416 0.388086 0.840792 0.895445 -0.311450 0.254206 
0.359158 1.167687 1.322959 1.284821 0.698239 0.250852 1.202893 0.762809 0.496790 0.959818 0.488573 1.288438 0.918894 0.616213 0.540101 0.759602 0.828079 0.904013 0.927524 0.567991 0.595705 0.693919 0.895020 0.437164 0.928238 0.966129 -0.313566 0.291844 
0.391887 1.253630 1.438890 1.391665 0.757947 0.281909 1.291160 0.838158 0.550398 1.018234 0.536312 1.388180 0.996144 0.662618 0.583471 0.827509 0.903211 0.987687 1.001990 0.623388 0.637759 0.760447 0.975420 0.488711 1.017434 1.035360 -0.311873 0.331697 
0.425355 1.338614 1.555755 1.498818 0.817988 0.314557 1.378042 0.915121 0.605983 1.073976 0.585097 1.486926 1.073616 0.708398 0.626934 0.896115 0.979241 1.072648 1.076203 0.680012 0.679047 0.828360 1.056568 0.542787 1.108358 1.103079 -0.306310 0.373776 
0.459592 1.422643 1.673506 1.606253 0.878348 0.348822 1.463495 0.993672 0.663563 1.127007 0.634925 1.584606 1.151282 0.753525 0.670500 0.965384 1.056142 1.158875 1.150128 0.737853 0.719577 0.897658 1.138418 0.599446 1.200986 1.169232 -0.296823 0.418090 
0.494628 1.505725 1.792092 1.713946 0.939016 0.384729 1.547483 1.073780 0.723155 1.177291 0.685798 1.681155 1.229116 0.797975 0.714176 1.035278 1.133886 1.246344 1.223731 0.796897 0.759359 0.968342 1.220924 0.658740 1.295292 1.233770 -0.283362 0.464640 
0.530491 1.587868 1.911467 1.821871 0.999980 0.422299 1.629971 1.155416 0.784771 1.224799 0.737715 1.776516 1.307091 0.841724 0.757972 1.105760 1.212446 1.335033 1.296980 0.857132 0.798405 1.040413 1.304042 0.720715 1.391250 1.296651 -0.265886 0.513428 
0.567210 1.669082 2.031583 1.930005 1.061232 0.461554 1.710929 1.238548 0.848418 1.269508 0.790679 1.870632 1.385184 0.884755 0.801895 1.176789 1.291796 1.424916 1.369844 0.918541 0.836732 1.113870 1.387731 0.785416 1.488834 1.357836 -0.244362 0.564447 
0.604808 1.749380 2.152390 2.038325 1.122765 0.502511 1.790332 1.323145 0.914100 1.311396 0.844691 1.963454 1.463374 0.927049 0.845952 1.248324 1.371910 1.515971 1.442295 0.981108 0.874361 1.188712 1.471948 0.852881 1.588015 1.417294 -0.218759 0.617688 
0.643310 1.828774 2.273843 2.146810 1.184573 0.545187 1.868158 1.409175 0.981817 1.350450 0.899753 2.054936 1.541639 0.968594 0.890150 1.320323 1.452763 1.608170 1.514306 1.044814 0.911315 1.264940 1.556655 0.923146 1.688765 1.474997 -0.189057 0.673137 
0.682739 1.907282 2.395894 2.255439 1.246654 0.589595 1.944391 1.496605 1.051563 1.386659 0.955869 2.145039 1.619962 1.009379 0.934494 1.392741 1.534331 1.701488 1.585853 1.109636 0.947621 1.342551 1.641814 0.996240 1.791054 1.530924 -0.155239 0.730778 
0.723116 1.984922 2.518496 2.364191 1.309004 0.635748 2.019017 1.585402 1.123330 1.420017 1.013042 2.233725 1.698326 1.049394 0.978991 1.465535 1.616590 1.795898 1.656913 1.175554 0.983310 1.421545 1.727388 1.072192 1.894850 1.585060 -0.117298 0.790588 
0.764460 2.061713 2.641602 2.473048 1.371625 0.683657 2.092028 1.675531 1.197104 1.450524 1.071278 2.320965 1.776717 1.088636 1.023647 1.538658 1.699517 1.891373 1.727465 1.242542 1.018414 1.501918 1.813342 1.151024 2.000124 1.637393 -0.075232 0.852541 
0.806789 2.137677 2.765167 2.581991 1.434517 0.733328 2.163419 1.766958 1.272870 1.478184 1.130581 2.406731 1.855121 1.127102 1.068464 1.612062 1.783089 1.987885 1.797490 1.310573 1.052973 1.583668 1.899642 1.232756 2.106841 1.687919 -0.029044 0.916608 
0.850121 2.212838 2.889144 2.691002 1.497683 0.784769 2.233190 1.859645 1.350605 1.503006 1.190956 2.491002 1.933527 1.164792 1.113449 1.685699 1.867287 2.085405 1.866971 1.379621 1.087026 1.666793 1.986256 1.317401 2.214968 1.736637 0.021254 0.982752 
0.894470 2.287221 3.013487 2.800066 1.561130 0.837984 2.301344 1.953559 1.430284 1.525004 1.252411 2.573761 2.011925 1.201709 1.158604 1.759518 1.952087 2.183904 1.935892 1.449655 1.120617 1.751289 2.073155 1.404972 2.324471 1.783555 0.075645 1.050937 
0.939850 2.360854 3.138152 2.909167 1.624862 0.892974 2.367890 2.048660 1.511877 1.544197 1.314953 2.654996 2.090309 1.237860 1.203933 1.833469 2.037471 2.283352 2.004240 1.520643 1.153794 1.837151 2.160307 1.495474 2.435314 1.828682 0.134104 1.121118 
0.986274 2.433767 3.263093 3.018290 1.688890 0.949739 2.432838 2.144912 1.595352 1.560607 1.378589 2.734699 2.168673 1.273253 1.249438 1.907499 2.123419 2.383717 2.072003 1.592553 1.186609 1.924377 2.247687 1.588911 2.547462 1.872036 0.196601 1.193250 
1.033752 2.505990 3.388265 3.127422 1.753223 1.008278 2.496207 2.242276 1.680670 1.574263 1.443327 2.812866 2.247011 1.307900 1.295122 1.981553 2.209912 2.484970 2.139171 1.665349 1.219115 2.012961 2.335266 1.685281 2.660876 1.913638 0.263098 1.267280 
1.082293 2.577557 3.513624 3.236549 1.817872 1.068586 2.558015 2.340713 1.767789 1.585198 1.509178 2.889501 2.325322 1.341816 1.340987 2.055578 2.296932 2.587077 2.205737 1.738994 1.251371 2.102898 2.423022 1.784580 2.775519 1.953516 0.333551 1.343154 
1.131907 2.648504 3.639125 3.345660 1.882852 1.130658 2.618288 2.440183 1.856664 1.593449 1.576150 2.964610 2.403606 1.375018 1.387034 2.129516 2.384461 2.690007 2.271695 1.813449 1.283437 2.194182 2.510930 1.886797 2.891351 1.991703 0.407911 1.420811 
1.182598 2.718867 3.764725 3.454743 1.948178 1.194485 2.677055 2.540645 1.947245 1.599059 1.644253 3.038204 2.481863 1.407526 1.433263 2.203311 2.472484 2.793726 2.337039 1.888674 1.315379 2.286809 2.598968 1.991920 3.008333 2.028237 0.486119 1.500188 
1.234373 2.788685 3.890380 3.563788 2.013867 1.260057 2.734348 2.642059 2.039476 1.602076 1.713500 3.110298 2.560097 1.439364 1.479675 2.276902 2.560982 2.898200 2.401768 1.964627 1.347265 2.380771 2.687116 2.099931 3.126422 2.063163 0.568113 1.581216 
1.287234 2.858000 4.016047 3.672787 2.079938 1.327362 2.790205 2.744383 2.133300 1.602551 1.783901 3.180914 2.638312 1.470556 1.526271 2.350230 2.649943 3.003394 2.465882 2.041263 1.379166 2.476062 2.775355 2.210809 3.245578 2.096528 0.653822 1.663825 
1.341184 2.926854 4.141682 3.781730 2.146410 1.396387 2.844667 2.847573 2.228654 1.600540 1.855469 3.250078 2.716515 1.501133 1.573048 2.423234 2.739349 3.109274 2.529381 2.118537 1.411157 2.572675 2.863668 2.324529 3.365758 2.128388 0.743169 1.747936 
1.396224 2.995291 4.267243 3.890609 2.213307 1.467114 2.897780 2.951587 2.325472 1.596107 1.928217 3.317818 2.794715 1.531125 1.620006 2.495851 2.829189 3.215803 2.592270 2.196401 1.443317 2.670602 2.952039 2.441060 3.486917 2.158803 0.836072 1.833470 
1.452352 3.063359 4.392687 3.999420 2.280652 1.539526 2.949592 3.056380 2.423683 1.589317 2.002158 3.384171 2.872921 1.560567 1.667143 2.568017 2.919448 3.322945 2.654552 2.274806 1.475728 2.769835 3.040453 2.560370 3.609011 2.187839 0.932440 1.920342 
1.509567 3.131107 4.517972 4.108154 2.348471 1.613602 3.000159 3.161908 2.523211 1.580242 2.077307 3.449176 2.951145 1.589495 1.714458 2.639666 3.010113 3.430663 2.716236 2.353701 1.508475 2.870366 3.128896 2.682420 3.731994 2.215565 1.032176 2.008462 
1.567864 3.198584 4.643056 4.216809 2.416791 1.689320 3.049538 3.268126 2.623979 1.568957 2.153679 3.512877 3.029401 1.617951 1.761947 2.710732 3.101173 3.538919 2.777330 2.433032 1.541647 2.972187 3.217358 2.807171 3.855820 2.242060 1.135179 2.097738 
1.627239 3.265843 4.767898 4.325380 2.485641 1.766657 3.097791 3.374988 2.725902 1.555543 2.231289 3.575323 3.107705 1.645977 1.809607 2.781148 3.192617 3.647674 2.837844 2.512745 1.575336 3.075287 3.305829 2.934574 3.980441 2.267403 1.241337 2.188072 
1.687684 3.332939 4.892456 4.433863 2.555052 1.845585 3.144985 3.482445 2.828894 1.540087 2.310153 3.636567 3.186074 1.673618 1.857435 2.850844 3.284434 3.756890 2.897791 2.592783 1.609637 3.179658 3.394299 3.064582 4.105808 2.291683 1.350535 2.279362 
1.749192 3.399927 5.016689 4.542257 2.625057 1.926076 3.191190 3.590453 2.932863 1.522678 2.390289 3.696669 3.264526 1.700924 1.905426 2.919750 3.376614 3.866526 2.957187 2.673089 1.644650 3.285289 3.482761 3.197141 4.231872 2.314993 1.462651 2.371503 
1.811753 3.466866 5.140556 4.650560 2.695690 2.008100 3.236481 3.698961 3.037713 1.503411 2.471714 3.755692 3.343083 1.727945 1.953577 2.987795 3.469149 3.976542 3.016045 2.753601 1.680478 3.392169 3.571210 3.332192 4.358583 2.337429 1.577555 2.464385 
1.875355 3.533816 5.264017 4.758772 2.766986 2.091625 3.280937 3.807921 3.143345 1.482386 2.554447 3.813702 3.421767 1.754735 2.001881 3.054905 3.562028 4.086897 3.074386 2.834259 1.717225 3.500289 3.659641 3.469675 4.485889 2.359097 1.695111 2.557893 
1.939988 3.600839 5.387032 4.866894 2.838983 2.176615 3.324642 3.917284 3.249656 1.459709 2.638505 3.870774 3.500603 1.781353 2.050334 3.121007 3.655245 4.197549 3.132229 2.914998 1.755002 3.609637 3.748052 3.609523 4.613738 2.380104 1.815176 2.651909 
2.005635 3.667999 5.509561 4.974926 2.911722 2.263036 3.367681 4.027000 3.356537 1.435489 2.723909 3.926984 3.579616 1.807856 2.098929 3.186025 3.748793 4.308456 3.189596 2.995754 1.793922 3.720201 3.836441 3.751666 4.742077 2.400565 1.937602 2.746311 
2.072283 3.735362 5.631564 5.082872 2.985242 2.350848 3.410148 4.137016 3.463875 1.409840 2.810678 3.982414 3.658835 1.834309 2.147659 3.249883 3.842665 4.419574 3.246511 3.076458 1.834099 3.831968 3.924809 3.896031 4.870852 2.420600 2.062233 2.840971 
2.139914 3.802995 5.753002 5.190734 3.059587 2.440011 3.452137 4.247283 3.571556 1.382881 2.898834 4.037152 3.738290 1.860777 2.196518 3.312502 3.936855 4.530861 3.302998 3.157042 1.875655 3.944927 4.013156 4.042541 5.000007 2.440334 2.188907 2.935758 
2.208509 3.870968 5.873836 5.298517 3.134801 2.530482 3.493748 4.357747 3.679459 1.354737 2.988399 4.091287 3.818011 1.887328 2.245498 3.373804 4.031359 4.642271 3.359087 3.237435 1.918712 4.059065 4.101486 4.191112 5.129487 2.459897 2.317455 3.030539 
2.278050 3.939353 5.994027 5.406224 3.210930 2.622217 3.535086 4.468356 3.787459 1.325535 3.079393 4.144918 3.898032 1.914032 2.294591 3.433708 4.126171 4.753760 3.414805 3.317565 1.963396 4.174368 4.189804 4.341659 5.259236 2.479427 2.447701 3.125172 
2.348514 4.008222 6.113537 5.513864 3.288023 2.715170 3.576258 4.579055 3.895427 1.295410 3.171840 4.198144 3.978388 1.940965 2.343788 3.492132 4.221289 4.865282 3.470185 3.397357 2.009838 4.290822 4.278115 4.494093 5.389193 2.499063 2.579465 3.219515 
2.419879 4.077653 6.232328 5.621441 3.366129 2.809291 3.617376 4.689791 4.003232 1.264499 3.265764 4.251071 4.059116 1.968203 2.393081 3.548993 4.316710 4.976791 3.525258 3.476736 2.058172 4.408414 4.366427 4.648318 5.519303 2.518954 2.712557 3.313419 
2.492121 4.147721 6.350361 5.728964 3.445300 2.904530 3.658558 4.800508 4.110736 1.232946 3.361188 4.303809 4.140254 1.995826 2.442459 3.604208 4.412430 5.088239 3.580061 3.555623 2.108532 4.527128 4.454748 4.804238 5.649503 2.539251 2.846783 3.406734 
2.565214 4.218506 6.467600 5.836441 3.525589 3.000835 3.699925 4.911151 4.217799 1.200899 3.458137 4.356475 4.221844 2.023915 2.491913 3.657690 4.508448 5.199579 3.634630 3.633938 2.161061 4.646950 4.543090 4.961750 5.779734 2.560113 2.981941 3.499301 
2.639131 4.290089 6.584006 5.943882 3.607050 3.098151 3.741600 5.021662 4.324274 1.168510 3.556636 4.409186 4.303926 2.052557 2.541433 3.709352 4.604764 5.310762 3.689003 3.711601 2.215902 4.767865 4.631464 5.120749 5.909935 2.581702 3.117822 3.590962 
2.713844 4.362554 6.699544 6.051297 3.689740 3.196421 3.783712 5.131985 4.430014 1.135936 3.656712 4.462068 4.386545 2.081840 2.591007 3.759108 4.701377 5.421741 3.743221 3.788528 2.273201 4.889855 4.719883 5.281123 6.040042 2.604187 3.254213 3.681552 
2.789322 4.435985 6.814176 6.158697 3.773717 3.295587 3.826397 5.242062 4.534864 1.103341 3.758392 4.515250 4.469746 2.111854 2.640624 3.806867 4.798288 5.532464 3.797326 3.864634 2.333109 5.012906 4.808362 5.442759 6.169992 2.627742 3.390891 3.770901 
2.865533 4.510469 6.927865 6.266094 3.859042 3.395588 3.869789 5.351835 4.638668 1.070891 3.861702 4.568865 4.553578 2.142694 2.690271 3.852538 4.895498 5.642883 3.851363 3.939832 2.395781 5.137001 4.896918 5.605538 6.299721 2.652547 3.527629 3.858837 
2.942446 4.586095 7.040577 6.373502 3.945777 3.496361 3.914032 5.461243 4.741264 1.038757 3.966671 4.623054 4.638089 2.174455 2.739937 3.896031 4.993008 5.752945 3.905377 4.014034 2.461373 5.262122 4.985568 5.769339 6.429164 2.678787 3.664192 3.945183 
3.020025 4.662953 7.152274 6.480934 4.033984 3.597841 3.959271 5.570228 4.842485 1.007117 4.073327 4.677957 4.723330 2.207238 2.789608 3.937251 5.090821 5.862600 3.959417 4.087150 2.530047 5.388252 5.074330 5.934036 6.558253 2.706652 3.800340 4.029757 
3.098235 4.741137 7.262922 6.588405 4.123728 3.699962 4.005655 5.678727 4.942163 0.976151 4.181699 4.733725 4.809354 2.241145 2.839272 3.976105 5.188940 5.971795 4.013532 4.159086 2.601966 5.515373 5.163227 6.099497 6.686923 2.736338 3.935825 4.112374 
3.177038 4.820741 7.372485 6.695931 4.215078 3.802654 4.053340 5.786681 5.040123 0.946047 4.291818 4.790509 4.896216 2.276280 2.888913 4.012496 5.287370 6.080477 4.067774 4.229750 2.677299 5.643467 5.252280 6.265588 6.815104 2.768045 4.070393 4.192844 
3.256396 4.901861 7.480928 6.803528 4.308101 3.905848 4.102483 5.894027 5.136187 0.916995 4.403714 4.848467 4.983972 2.312752 2.938518 4.046328 5.386114 6.188593 4.122196 4.299046 2.756216 5.772514 5.341512 6.432172 6.942728 2.801982 4.203782 4.270973 
3.336267 4.984595 7.588217 6.911214 4.402867 4.009470 4.153246 6.000702 5.230173 0.889190 4.517419 4.907762 5.072680 2.350672 2.988072 4.077503 5.485179 6.296089 4.176854 4.366876 2.838892 5.902497 5.430948 6.599106 7.069724 2.838359 4.335727 4.346562 
3.416611 5.069045 7.694316 7.019008 4.499449 4.113445 4.205797 6.106643 5.321895 0.862833 4.632964 4.968559 5.162400 2.390153 3.037559 4.105921 5.584569 6.402909 4.231806 4.433141 2.925505 6.033395 5.520616 6.766244 7.196022 2.877395 4.465952 4.419411 
3.497385 5.155311 7.799193 7.126927 4.597921 4.217696 4.260307 6.211785 5.411162 0.838131 4.750381 5.031031 5.253195 2.431312 3.086963 4.131482 5.684292 6.508999 4.287109 4.497740 3.016236 6.165189 5.610543 6.933434 7.321550 2.919311 4.594177 4.489311 
3.578543 5.243499 7.902814 7.234994 4.698357 4.322145 4.316949 6.316065 5.497780 0.815291 4.869705 5.095354 5.345126 2.474267 3.136268 4.154082 5.784355 6.614302 4.342826 4.560570 3.111271 6.297857 5.700758 7.100523 7.446235 2.964338 4.720116 4.556052 
3.660040 5.333714 8.005144 7.343227 4.800836 4.426710 4.375904 6.419415 5.581549 0.794531 4.990969 5.161709 5.438260 2.519142 3.185457 4.173620 5.884766 6.718762 4.399018 4.621527 3.210797 6.431379 5.791292 7.267352 7.570003 3.012708 4.843475 4.619420 
3.741828 5.426064 8.106150 7.451651 4.905436 4.531308 4.437354 6.521771 5.662267 0.776069 5.114207 5.230282 5.532664 2.566060 3.234513 4.189991 5.985533 6.822320 4.455752 4.680504 3.315006 6.565735 5.882178 7.433759 7.692780 3.064660 4.963954 4.679195 
3.823858 5.520659 8.205801 7.560287 5.012238 4.635855 4.501488 6.623065 5.739728 0.760130 5.239455 5.301263 5.628406 2.615150 3.283418 4.203088 6.086666 6.924919 4.513092 4.737393 3.424093 6.700901 5.973450 7.599577 7.814490 3.120440 5.081245 4.735153 
3.906079 5.617611 8.304062 7.669159 5.121323 4.740264 4.568497 6.723229 5.813719 0.746943 5.366748 5.374848 5.725557 2.666543 3.332153 4.212805 6.188175 7.026500 4.571108 4.792084 3.538257 6.836857 6.065142 7.764634 7.935056 3.180297 5.195037 4.787068 
3.988440 5.717034 8.400902 7.778291 5.232777 4.844445 4.638577 6.822195 5.884026 0.736742 5.496124 5.451236 5.824189 2.720371 3.380700 4.219033 6.290071 7.127004 4.629870 4.844466 3.657700 6.973580 6.157292 7.928758 8.054400 3.244488 5.305008 4.834708 
4.070887 5.819043 8.496288 7.887710 5.346685 4.948307 4.711927 6.919895 5.950429 0.729766 5.627618 5.530633 5.924377 2.776771 3.429039 4.221663 6.392366 7.226371 4.689450 4.894425 3.782627 7.111046 6.249938 8.091769 8.172446 3.313272 5.410833 4.877836 
4.153365 5.923755 8.590190 7.997442 5.463135 5.051757 4.788753 7.016259 6.012705 0.726259 5.761270 5.613246 6.026197 2.835882 3.477150 4.220584 6.495070 7.324539 4.749921 4.941846 3.913247 7.249234 6.343119 8.253484 8.289112 3.386916 5.512178 4.916212 
4.235818 6.031291 8.682575 8.107513 5.582215 5.154701 4.869262 7.111215 6.070626 0.726469 5.897116 5.699291 6.129725 2.897846 3.525013 4.215684 6.598198 7.421448 4.811361 4.986611 4.049772 7.388118 6.436877 8.413717 8.404319 3.465693 5.608704 4.949593 
4.318189 6.141771 8.773412 8.217953 5.704017 5.257040 4.953668 7.204694 6.123961 0.730650 6.035198 5.788987 6.235042 2.962807 3.572608 4.206848 6.701762 7.517036 4.873846 5.028602 4.192419 7.527674 6.531254 8.572276 8.517985 3.549878 5.700065 4.977729 
4.400417 6.255319 8.862670 8.328790 5.828634 5.358676 5.042186 7.296622 6.172473 0.739059 6.175553 5.882555 6.342230 3.030914 3.619912 4.193964 6.805778 7.611239 4.937456 5.067699 4.341405 7.667879 6.626295 8.728968 8.630028 3.639756 5.785907 5.000368 
4.482443 6.372060 8.950319 8.440054 5.956159 5.459508 5.135039 7.386929 6.215923 0.751960 6.318223 5.980226 6.451370 3.102317 3.666905 4.176914 6.910259 7.703995 5.002273 5.103779 4.496955 7.808708 6.722044 8.883593 8.740366 3.735614 5.865873 5.017253 
4.564203 6.492120 9.036329 8.551776 6.086689 5.559432 5.232450 7.475540 6.254066 0.769619 6.463249 6.082232 6.562547 3.177169 3.713564 4.155581 7.015221 7.795240 5.068380 5.136717 4.659293 7.950134 6.818549 9.035948 8.848914 3.837746 5.939596 5.028122 
4.645635 6.615630 9.120669 8.663988 6.220322 5.658343 5.334650 7.562382 6.286655 0.792310 6.610672 6.188810 6.675849 3.255625 3.759865 4.129848 7.120681 7.884908 5.135862 5.166388 4.828649 8.092132 6.915859 9.185827 8.955587 3.946450 6.006703 5.032711 
4.726674 6.742719 9.203309 8.776723 6.357158 5.756134 5.441872 7.647381 6.313436 0.820309 6.760535 6.300203 6.791364 3.337845 3.805787 4.099593 7.226656 7.972935 5.204806 5.192664 5.005256 8.234676 7.014023 9.333018 9.060299 4.062031 6.066816 5.030751 
4.807252 6.873521 9.284221 8.890013 6.497297 5.852696 5.554353 7.730460 6.334153 0.853899 6.912881 6.416657 6.909182 3.423991 3.851304 4.064697 7.333162 8.059255 5.275300 5.215416 5.189351 8.377739 7.113093 9.477307 9.162964 4.184799 6.119548 5.021966 
4.887302 7.008171 9.363375 9.003894 6.640842 5.947917 5.672335 7.811544 6.348546 0.893365 7.067753 6.538425 7.029394 3.514227 3.896393 4.025037 7.440219 8.143801 5.347437 5.234512 5.381172 8.521295 7.213122 9.618474 9.263493 4.315069 6.164509 5.006080 
4.966754 7.146805 9.440742 9.118400 6.787899 6.041683 5.796065 7.890557 6.356350 0.939001 7.225195 6.665764 7.152095 3.608721 3.941029 3.980488 7.547846 8.226506 5.421308 5.249820 5.580964 8.665316 7.314163 9.756297 9.361798 4.453161 6.201299 4.982810 
5.045537 7.289562 9.516293 9.233569 6.938574 6.133880 5.925792 7.967420 6.357296 0.991102 7.385254 6.798933 7.277380 3.707642 3.985187 3.930927 7.656062 8.307301 5.497007 5.261204 5.788973 8.809773 7.416273 9.890548 9.457789 4.599403 6.229512 4.951870 
5.123580 7.436582 9.590001 9.349437 7.092975 6.224390 6.061772 8.042057 6.351111 1.049969 7.547974 6.938200 7.405346 3.811164 4.028841 3.876228 7.764887 8.386119 5.574632 5.268527 6.005448 8.954639 7.519510 10.020997 9.551375 4.754124 6.248738 4.912970 
5.200808 7.588007 9.661838 9.466041 7.251211 6.313094 6.204261 8.114388 6.337517 1.115908 7.713401 7.083835 7.536092 3.919462 4.071965 3.816262 7.874343 8.462890 5.654280 5.271652 6.230644 9.099885 7.623931 10.147408 9.642466 4.917663 6.258557 4.865814 
5.277145 7.743983 9.731775 9.583422 7.413395 6.399870 6.353524 8.184334 6.316234 1.189230 7.881583 7.236112 7.669720 4.032716 4.114532 3.750902 7.984451 8.537545 5.736051 5.270439 6.464817 9.245482 7.729597 10.269542 9.730968 5.090362 6.258545 4.810104 
5.352516 7.904654 9.799785 9.701619 7.579640 6.484594 6.509827 8.251814 6.286977 1.270251 8.052567 7.395314 7.806331 4.151107 4.156514 3.680017 8.095234 8.610012 5.820048 5.264744 6.708228 9.391401 7.836570 10.387156 9.816789 5.272568 6.248270 4.745537 
5.426841 8.070170 9.865841 9.820672 7.750061 6.567142 6.673440 8.316749 6.249454 1.359290 8.226402 7.561723 7.946030 4.274819 4.197885 3.603477 8.206715 8.680221 5.906373 5.254426 6.961139 9.537610 7.944913 10.500002 9.899833 5.464636 6.227294 4.671805 
NaN NaN NaN NaN NaN NaN NaN NaN NaN NaN NaN NaN NaN NaN NaN NaN NaN NaN NaN NaN NaN NaN NaN NaN NaN NaN NaN NaN 
NaN NaN NaN NaN NaN NaN NaN NaN NaN NaN NaN NaN NaN NaN NaN NaN NaN NaN NaN NaN NaN NaN NaN NaN NaN NaN NaN NaN 
NaN NaN NaN NaN NaN NaN NaN NaN NaN NaN NaN NaN NaN NaN NaN NaN NaN NaN NaN NaN NaN NaN NaN NaN NaN NaN NaN NaN 
NaN NaN NaN NaN NaN NaN NaN NaN NaN NaN NaN NaN NaN NaN NaN NaN NaN NaN NaN NaN NaN NaN NaN NaN NaN NaN NaN NaN 
