0.923043 -0.580098 -1.300681 -1.040845 -0.940237 -0.651805 -1.814844 -0.507371 -0.513459 -0.960850 -0.499796 -1.275846 -0.835926 -0.099066 -0.289361 -0.335141 -0.112695 -0.050793 -0.911853 -1.039306 -1.377176 
0.771201 -0.573208 -1.287830 -1.035225 -0.958115 -0.643925 -1.754088 -0.492524 -0.511101 -0.934753 -0.514659 -1.215307 -0.837212 -0.132356 -0.300622 -0.310488 -0.116877 -0.060047 -0.918376 -1.008979 -1.368617 
0.626979 -0.566120 -1.274585 -1.029234 -0.973920 -0.636246 -1.695250 -0.478412 -0.508625 -0.909343 -0.528145 -1.157138 -0.837542 -0.163762 -0.311294 -0.288388 -0.120747 -0.068609 -0.923251 -0.979771 -1.359025 
0.490209 -0.558841 -1.260945 -1.022866 -0.987707 -0.628745 -1.638274 -0.464998 -0.506023 -0.884596 -0.540287 -1.101275 -0.836941 -0.193322 -0.321373 -0.268709 -0.124312 -0.076500 -0.926536 -0.951637 -1.348432 
0.360723 -0.551373 -1.246912 -1.016111 -0.999531 -0.621399 -1.583101 -0.452249 -0.503285 -0.860488 -0.551117 -1.047654 -0.835431 -0.221075 -0.330860 -0.251320 -0.127577 -0.083743 -0.928282 -0.924531 -1.336868 
0.238357 -0.543722 -1.232484 -1.008961 -1.009444 -0.614184 -1.529675 -0.440128 -0.500401 -0.836994 -0.560666 -0.996212 -0.833034 -0.247056 -0.339752 -0.236093 -0.130549 -0.090360 -0.928544 -0.898406 -1.324362 
0.122947 -0.535893 -1.217664 -1.001410 -1.017499 -0.607077 -1.477939 -0.428603 -0.497363 -0.814092 -0.568966 -0.946884 -0.829774 -0.271304 -0.348048 -0.222902 -0.133231 -0.096371 -0.927375 -0.873219 -1.310944 
0.014330 -0.527888 -1.202449 -0.993448 -1.023747 -0.600057 -1.427836 -0.417640 -0.494162 -0.791758 -0.576047 -0.899610 -0.825672 -0.293854 -0.355747 -0.211624 -0.135631 -0.101797 -0.924824 -0.848924 -1.296641 
-0.087653 -0.519714 -1.186842 -0.985067 -1.028240 -0.593100 -1.379313 -0.407205 -0.490788 -0.769969 -0.581941 -0.854328 -0.820750 -0.314744 -0.362847 -0.202137 -0.137753 -0.106660 -0.920945 -0.825477 -1.281482 
-0.183162 -0.511373 -1.170841 -0.976261 -1.031026 -0.586185 -1.332313 -0.397265 -0.487233 -0.748701 -0.586676 -0.810977 -0.815029 -0.334009 -0.369347 -0.194320 -0.139602 -0.110978 -0.915785 -0.802835 -1.265495 
-0.272353 -0.502869 -1.154446 -0.967022 -1.032155 -0.579290 -1.286784 -0.387790 -0.483488 -0.727933 -0.590283 -0.769497 -0.808531 -0.351684 -0.375246 -0.188057 -0.141184 -0.114773 -0.909395 -0.780955 -1.248705 
-0.355383 -0.494208 -1.137657 -0.957341 -1.031674 -0.572393 -1.242671 -0.378745 -0.479545 -0.707643 -0.592791 -0.729829 -0.801275 -0.367804 -0.380542 -0.183232 -0.142503 -0.118063 -0.901823 -0.759796 -1.231138 
-0.432405 -0.485391 -1.120474 -0.947212 -1.029630 -0.565475 -1.199921 -0.370101 -0.475394 -0.687807 -0.594229 -0.691914 -0.793283 -0.382403 -0.385235 -0.179731 -0.143565 -0.120868 -0.893117 -0.739314 -1.212822 
-0.503572 -0.476424 -1.102896 -0.936626 -1.026070 -0.558513 -1.158481 -0.361825 -0.471029 -0.668405 -0.594626 -0.655694 -0.784575 -0.395517 -0.389322 -0.177443 -0.144374 -0.123206 -0.883322 -0.719469 -1.193780 
-0.569034 -0.467309 -1.084923 -0.925578 -1.021039 -0.551489 -1.118301 -0.353888 -0.466439 -0.649415 -0.594009 -0.621111 -0.775169 -0.407178 -0.392803 -0.176259 -0.144934 -0.125096 -0.872485 -0.700221 -1.174037 
-0.628941 -0.458050 -1.066554 -0.914058 -1.014582 -0.544380 -1.079329 -0.346259 -0.461618 -0.630815 -0.592407 -0.588110 -0.765086 -0.417419 -0.395676 -0.176071 -0.145252 -0.126557 -0.860651 -0.681529 -1.153617 
-0.683440 -0.448650 -1.047789 -0.902061 -1.006741 -0.537169 -1.041513 -0.338909 -0.456557 -0.612585 -0.589846 -0.556633 -0.754346 -0.426275 -0.397940 -0.176775 -0.145330 -0.127604 -0.847864 -0.663354 -1.132543 
-0.732678 -0.439113 -1.028626 -0.889579 -0.997560 -0.529834 -1.004804 -0.331808 -0.451248 -0.594704 -0.586355 -0.526626 -0.742965 -0.433776 -0.399594 -0.178268 -0.145174 -0.128257 -0.834168 -0.645657 -1.110839 
-0.776798 -0.429441 -1.009065 -0.876605 -0.987080 -0.522358 -0.969153 -0.324927 -0.445684 -0.577151 -0.581959 -0.498035 -0.730964 -0.439956 -0.400636 -0.180448 -0.144788 -0.128533 -0.819605 -0.628399 -1.088525 
-0.815944 -0.419637 -0.989105 -0.863132 -0.975342 -0.514721 -0.934510 -0.318239 -0.439856 -0.559907 -0.576684 -0.470805 -0.718360 -0.444846 -0.401066 -0.183217 -0.144175 -0.128447 -0.804216 -0.611543 -1.065624 
-0.850257 -0.409705 -0.968746 -0.849153 -0.962387 -0.506905 -0.900827 -0.311714 -0.433756 -0.542951 -0.570558 -0.444882 -0.705172 -0.448477 -0.400882 -0.186479 -0.143341 -0.128017 -0.788044 -0.595051 -1.042158 
-0.879876 -0.399647 -0.947985 -0.834662 -0.948252 -0.498891 -0.868056 -0.305326 -0.427378 -0.526263 -0.563604 -0.420215 -0.691416 -0.450879 -0.400083 -0.190138 -0.142289 -0.127257 -0.771127 -0.578887 -1.018145 
-0.904940 -0.389465 -0.926822 -0.819651 -0.932977 -0.490662 -0.836149 -0.299047 -0.420715 -0.509825 -0.555848 -0.396752 -0.677110 -0.452085 -0.398667 -0.194102 -0.141023 -0.126185 -0.753506 -0.563014 -0.993607 
-0.925584 -0.379163 -0.905255 -0.804115 -0.916600 -0.482199 -0.805061 -0.292851 -0.413757 -0.493616 -0.547316 -0.374440 -0.662270 -0.452122 -0.396635 -0.198282 -0.139546 -0.124816 -0.735218 -0.547397 -0.968563 
-0.941943 -0.368742 -0.883283 -0.788046 -0.899155 -0.473486 -0.774746 -0.286711 -0.406499 -0.477619 -0.538030 -0.353231 -0.646914 -0.451022 -0.393983 -0.202587 -0.137863 -0.123163 -0.716302 -0.532000 -0.943031 
-0.954152 -0.358205 -0.860906 -0.771439 -0.880680 -0.464506 -0.745156 -0.280602 -0.398934 -0.461814 -0.528016 -0.333073 -0.631058 -0.448812 -0.390713 -0.206933 -0.135978 -0.121243 -0.696794 -0.516789 -0.917030 
-0.962341 -0.347555 -0.838120 -0.754286 -0.861208 -0.455241 -0.716249 -0.274499 -0.391053 -0.446183 -0.517296 -0.313918 -0.614717 -0.445523 -0.386821 -0.211234 -0.133893 -0.119069 -0.676730 -0.501731 -0.890577 
-0.966640 -0.336792 -0.814925 -0.736581 -0.840774 -0.445675 -0.687979 -0.268376 -0.382851 -0.430709 -0.505895 -0.295718 -0.597907 -0.441182 -0.382308 -0.215410 -0.131612 -0.116654 -0.656146 -0.486791 -0.863689 
-0.967177 -0.325919 -0.791319 -0.718319 -0.819410 -0.435793 -0.660302 -0.262208 -0.374321 -0.415372 -0.493834 -0.278424 -0.580644 -0.435818 -0.377172 -0.219380 -0.129138 -0.114014 -0.635076 -0.471937 -0.836384 
-0.964080 -0.314939 -0.767301 -0.699492 -0.797149 -0.425578 -0.633175 -0.255973 -0.365456 -0.400156 -0.481136 -0.261989 -0.562942 -0.429457 -0.371412 -0.223066 -0.126475 -0.111161 -0.613553 -0.457137 -0.808676 
-0.957474 -0.303852 -0.742868 -0.680096 -0.774022 -0.415015 -0.606557 -0.249646 -0.356249 -0.385043 -0.467823 -0.246367 -0.544816 -0.422127 -0.365027 -0.226392 -0.123626 -0.108108 -0.591610 -0.442358 -0.780582 
-0.947482 -0.292660 -0.718018 -0.660124 -0.750058 -0.404089 -0.580404 -0.243203 -0.346694 -0.370016 -0.453916 -0.231512 -0.526280 -0.413855 -0.358016 -0.229285 -0.120594 -0.104867 -0.569280 -0.427570 -0.752115 
-0.934226 -0.281365 -0.692750 -0.639569 -0.725289 -0.392785 -0.554675 -0.236624 -0.336784 -0.355059 -0.439438 -0.217379 -0.507349 -0.404667 -0.350378 -0.231674 -0.117381 -0.101451 -0.546593 -0.412742 -0.723291 
-0.917827 -0.269968 -0.667061 -0.618427 -0.699741 -0.381088 -0.529330 -0.229884 -0.326514 -0.340154 -0.424409 -0.203924 -0.488036 -0.394589 -0.342112 -0.233488 -0.113991 -0.097872 -0.523579 -0.397844 -0.694123 
-0.898403 -0.258471 -0.640950 -0.596692 -0.673443 -0.368984 -0.504327 -0.222962 -0.315877 -0.325286 -0.408849 -0.191102 -0.468354 -0.383646 -0.333217 -0.234660 -0.110425 -0.094140 -0.500269 -0.382846 -0.664624 
-0.876072 -0.246875 -0.614413 -0.574357 -0.646422 -0.356460 -0.479628 -0.215837 -0.304867 -0.310439 -0.392778 -0.178872 -0.448317 -0.371864 -0.323692 -0.235125 -0.106688 -0.090268 -0.476691 -0.367719 -0.634807 
-0.850948 -0.235180 -0.587450 -0.551418 -0.618703 -0.343501 -0.455193 -0.208487 -0.293478 -0.295596 -0.376217 -0.167189 -0.427937 -0.359267 -0.313537 -0.234820 -0.102781 -0.086266 -0.452872 -0.352435 -0.604684 
-0.823147 -0.223388 -0.560056 -0.527868 -0.590312 -0.330094 -0.430984 -0.200893 -0.281704 -0.280742 -0.359184 -0.156014 -0.407227 -0.345879 -0.302749 -0.233683 -0.098707 -0.082144 -0.428839 -0.336966 -0.574265 
-0.792780 -0.211499 -0.532231 -0.503703 -0.561272 -0.316226 -0.406962 -0.193034 -0.269540 -0.265862 -0.341699 -0.145305 -0.386198 -0.331725 -0.291328 -0.231656 -0.094468 -0.077914 -0.404620 -0.321284 -0.543563 
-0.759958 -0.199515 -0.503970 -0.478916 -0.531608 -0.301884 -0.383090 -0.184890 -0.256981 -0.250941 -0.323780 -0.135021 -0.364863 -0.316828 -0.279274 -0.228682 -0.090066 -0.073583 -0.380238 -0.305364 -0.512586 
-0.724791 -0.187436 -0.475273 -0.453504 -0.501340 -0.287057 -0.359331 -0.176441 -0.244019 -0.235964 -0.305445 -0.125122 -0.343233 -0.301210 -0.266585 -0.224705 -0.085503 -0.069163 -0.355720 -0.289178 -0.481346 
-0.687385 -0.175262 -0.446135 -0.427459 -0.470492 -0.271731 -0.335649 -0.167671 -0.230651 -0.220918 -0.286712 -0.115571 -0.321319 -0.284895 -0.253260 -0.219674 -0.080782 -0.064661 -0.331088 -0.272701 -0.449851 
-0.647847 -0.162993 -0.416554 -0.400779 -0.439083 -0.255896 -0.312009 -0.158558 -0.216871 -0.205786 -0.267598 -0.106328 -0.299132 -0.267904 -0.239299 -0.213537 -0.075905 -0.060087 -0.306366 -0.255907 -0.418109 
-0.606282 -0.150631 -0.386527 -0.373456 -0.407133 -0.239539 -0.288375 -0.149087 -0.202673 -0.190557 -0.248121 -0.097357 -0.276683 -0.250260 -0.224701 -0.206245 -0.070872 -0.055450 -0.281575 -0.238773 -0.386128 
-0.562791 -0.138175 -0.356052 -0.345487 -0.374661 -0.222649 -0.264712 -0.139239 -0.188053 -0.175215 -0.228297 -0.088619 -0.253981 -0.231983 -0.209464 -0.197753 -0.065686 -0.050756 -0.256737 -0.221275 -0.353917 
-0.517477 -0.125625 -0.325124 -0.316866 -0.341685 -0.205216 -0.240987 -0.128998 -0.173006 -0.159748 -0.208143 -0.080079 -0.231036 -0.213096 -0.193589 -0.188016 -0.060349 -0.046014 -0.231872 -0.203388 -0.321482 
-0.470438 -0.112982 -0.293742 -0.287589 -0.308223 -0.187229 -0.217166 -0.118345 -0.157526 -0.144142 -0.187674 -0.071702 -0.207859 -0.193618 -0.177074 -0.176991 -0.054862 -0.041232 -0.207001 -0.185090 -0.288829 
-0.421773 -0.100244 -0.261901 -0.257652 -0.274290 -0.168678 -0.193217 -0.107267 -0.141610 -0.128385 -0.166906 -0.063452 -0.184457 -0.173569 -0.159918 -0.164639 -0.049227 -0.036416 -0.182141 -0.166358 -0.255963 
-0.371577 -0.087412 -0.229599 -0.227048 -0.239901 -0.149552 -0.169107 -0.095745 -0.125252 -0.112463 -0.145853 -0.055295 -0.160841 -0.152969 -0.142121 -0.150922 -0.043444 -0.031572 -0.157311 -0.147172 -0.222891 
-0.319947 -0.074486 -0.196831 -0.195775 -0.205072 -0.129843 -0.144804 -0.083767 -0.108447 -0.096366 -0.124532 -0.047198 -0.137018 -0.131838 -0.123681 -0.135802 -0.037515 -0.026708 -0.132529 -0.127508 -0.189617 
-0.266974 -0.061464 -0.163595 -0.163826 -0.169815 -0.109540 -0.120278 -0.071315 -0.091193 -0.080079 -0.102955 -0.039128 -0.112998 -0.110195 -0.104599 -0.119247 -0.031442 -0.021829 -0.107809 -0.107348 -0.156144 
-0.212750 -0.048347 -0.129887 -0.131199 -0.134144 -0.088635 -0.095498 -0.058376 -0.073483 -0.063592 -0.081138 -0.031052 -0.088787 -0.088058 -0.084873 -0.101224 -0.025224 -0.016941 -0.083169 -0.086670 -0.122477 
-0.157366 -0.035133 -0.095703 -0.097888 -0.098071 -0.067119 -0.070434 -0.044936 -0.055314 -0.046893 -0.059093 -0.022940 -0.064394 -0.065445 -0.064503 -0.081704 -0.018864 -0.012049 -0.058623 -0.065456 -0.088617 
-0.100910 -0.021822 -0.061040 -0.063890 -0.061605 -0.044983 -0.045056 -0.030982 -0.036681 -0.029971 -0.036834 -0.014760 -0.039825 -0.042373 -0.043487 -0.060660 -0.012361 -0.007158 -0.034184 -0.043685 -0.054568 
-0.043467 -0.008412 -0.025894 -0.029200 -0.024758 -0.022220 -0.019337 -0.016499 -0.017582 -0.012814 -0.014373 -0.006482 -0.015088 -0.018861 -0.021826 -0.038064 -0.005718 -0.002272 -0.009866 -0.021341 -0.020331 
0.014875 0.005096 0.009740 0.006185 0.012462 0.001178 0.006753 -0.001476 0.001989 0.004588 0.008276 0.001922 0.009810 0.005075 0.000482 -0.013895 0.001067 0.002604 0.014318 0.001596 0.014092 
0.074035 0.018706 0.045864 0.042271 0.050046 0.025220 0.033241 0.014100 0.022034 0.022246 0.031103 0.010483 0.034864 0.029419 0.023437 0.011869 0.007992 0.007466 0.038359 0.025143 0.048702 
0.133930 0.032417 0.082484 0.079060 0.087987 0.049911 0.060154 0.030241 0.042558 0.040170 0.054094 0.019227 0.060067 0.054154 0.047040 0.039248 0.015056 0.012311 0.062244 0.049316 0.083497 
0.194479 0.046231 0.119603 0.116557 0.126278 0.075259 0.087518 0.046958 0.063565 0.058370 0.077240 0.028182 0.085413 0.079265 0.071291 0.068258 0.022260 0.017136 0.085963 0.074132 0.118479 
0.255604 0.060151 0.157226 0.154765 0.164913 0.101271 0.115359 0.064263 0.085057 0.076856 0.100528 0.037376 0.110897 0.104737 0.096192 0.098916 0.029603 0.021937 0.109509 0.099607 0.153649 
0.317229 0.074176 0.195356 0.193688 0.203889 0.127953 0.143703 0.082165 0.107038 0.095637 0.123949 0.046834 0.136515 0.130555 0.121742 0.131233 0.037085 0.026713 0.132873 0.125754 0.189008 
0.379276 0.088310 0.233999 0.233330 0.243200 0.155310 0.172574 0.100675 0.129511 0.114723 0.147492 0.056581 0.162261 0.156704 0.147942 0.165221 0.044706 0.031460 0.156047 0.152591 0.224558 
0.441674 0.102553 0.273159 0.273694 0.282845 0.183349 0.201997 0.119802 0.152480 0.134122 0.171148 0.066642 0.188131 0.183170 0.174794 0.200889 0.052466 0.036178 0.179024 0.180129 0.260302 
0.504348 0.116909 0.312839 0.314783 0.322820 0.212074 0.231994 0.139556 0.175947 0.153844 0.194908 0.077041 0.214120 0.209940 0.202297 0.238243 0.060366 0.040865 0.201800 0.208383 0.296244 
0.567228 0.131378 0.353046 0.356601 0.363125 0.241491 0.262590 0.159946 0.199916 0.173896 0.218761 0.087801 0.240226 0.237001 0.230452 0.277288 0.068405 0.045520 0.224369 0.237365 0.332387 
0.630246 0.145964 0.393783 0.399152 0.403759 0.271605 0.293806 0.180980 0.224389 0.194288 0.242700 0.098945 0.266444 0.264340 0.259260 0.318026 0.076584 0.050141 0.246727 0.267089 0.368737 
0.693334 0.160668 0.435056 0.442437 0.444723 0.302420 0.325665 0.202666 0.249368 0.215026 0.266717 0.110496 0.292772 0.291944 0.288721 0.360459 0.084904 0.054730 0.268870 0.297565 0.405297 
0.756426 0.175493 0.476869 0.486462 0.486018 0.333940 0.358187 0.225011 0.274858 0.236118 0.290803 0.122473 0.319206 0.319802 0.318836 0.404584 0.093364 0.059284 0.290797 0.328806 0.442074 
0.819457 0.190441 0.519227 0.531227 0.527646 0.366168 0.391393 0.248023 0.300859 0.257573 0.314952 0.134898 0.345744 0.347902 0.349605 0.450397 0.101966 0.063805 0.312506 0.360821 0.479074 
0.882365 0.205516 0.562136 0.576738 0.569611 0.399109 0.425304 0.271708 0.327375 0.279397 0.339155 0.147791 0.372385 0.376232 0.381028 0.497893 0.110710 0.068294 0.333995 0.393621 0.516303 
0.945088 0.220719 0.605600 0.622995 0.611917 0.432766 0.459939 0.296072 0.354408 0.301596 0.363407 0.161171 0.399125 0.404783 0.413107 0.547064 0.119598 0.072751 0.355266 0.427216 0.553769 
1.007568 0.236054 0.649625 0.670003 0.654567 0.467141 0.495316 0.321121 0.381959 0.324179 0.387701 0.175056 0.425964 0.433544 0.445841 0.597900 0.128629 0.077178 0.376317 0.461615 0.591480 
1.069747 0.251523 0.694215 0.717764 0.697570 0.502237 0.531455 0.346860 0.410032 0.347150 0.412031 0.189464 0.452900 0.462505 0.479232 0.650389 0.137806 0.081576 0.397152 0.496825 0.629445 
1.131567 0.267130 0.739378 0.766280 0.740930 0.538056 0.568373 0.373295 0.438628 0.370516 0.436392 0.204413 0.479932 0.491656 0.513278 0.704516 0.147130 0.085947 0.417773 0.532856 0.667671 
1.192975 0.282878 0.785117 0.815554 0.784655 0.574600 0.606087 0.400430 0.467748 0.394283 0.460778 0.219919 0.507061 0.520989 0.547982 0.760265 0.156601 0.090294 0.438183 0.569714 0.706169 
1.253917 0.298770 0.831438 0.865589 0.828755 0.611872 0.644614 0.428268 0.497395 0.418457 0.485185 0.235997 0.534285 0.550495 0.583343 0.817618 0.166221 0.094620 0.458386 0.607407 0.744950 
1.314342 0.314810 0.878347 0.916387 0.873238 0.649872 0.683970 0.456813 0.527570 0.443043 0.509609 0.252663 0.561604 0.580165 0.619362 0.876555 0.175992 0.098927 0.478387 0.645940 0.784023 
1.374200 0.331001 0.925850 0.967950 0.918114 0.688601 0.724170 0.486069 0.558276 0.468045 0.534045 0.269932 0.589019 0.609992 0.656039 0.937053 0.185915 0.103218 0.498191 0.685319 0.823400 
1.433442 0.347347 0.973953 1.020281 0.963395 0.728060 0.765230 0.516038 0.589512 0.493469 0.558489 0.287817 0.616532 0.639968 0.693375 0.999087 0.195991 0.107499 0.517806 0.725551 0.863093 
1.492023 0.363851 1.022661 1.073381 1.009093 0.768250 0.807164 0.546723 0.621281 0.519319 0.582940 0.306331 0.644141 0.670086 0.731369 1.062630 0.206223 0.111772 0.537238 0.766638 0.903115 
1.549896 0.380517 1.071980 1.127254 1.055220 0.809170 0.849985 0.578125 0.653584 0.545600 0.607392 0.325487 0.671850 0.700340 0.770022 1.127654 0.216613 0.116042 0.556496 0.808585 0.943477 
1.607019 0.397350 1.121917 1.181899 1.101790 0.850820 0.893707 0.610245 0.686421 0.572315 0.631845 0.345296 0.699659 0.730724 0.809335 1.194128 0.227161 0.120314 0.575589 0.851397 0.984195 
1.663349 0.414354 1.172477 1.237321 1.148817 0.893201 0.938343 0.643085 0.719795 0.599469 0.656296 0.365770 0.727571 0.761231 0.849308 1.262018 0.237871 0.124593 0.594526 0.895075 1.025282 
1.718846 0.431532 1.223667 1.293520 1.196318 0.936311 0.983903 0.676646 0.753705 0.627064 0.680744 0.386918 0.755588 0.791856 0.889940 1.331290 0.248745 0.128884 0.613319 0.939622 1.066752 
1.773472 0.448889 1.275492 1.350499 1.244308 0.980149 1.030401 0.710926 0.788153 0.655104 0.705187 0.408751 0.783713 0.822595 0.931233 1.401907 0.259784 0.133194 0.631978 0.985040 1.108622 
1.827189 0.466429 1.327961 1.408258 1.292806 1.024713 1.077846 0.745927 0.823140 0.683592 0.729623 0.431277 0.811948 0.853443 0.973187 1.473828 0.270992 0.137529 0.650517 1.031330 1.150906 
1.879962 0.484158 1.381078 1.466800 1.341828 1.070002 1.126249 0.781646 0.858665 0.712531 0.754054 0.454505 0.840296 0.884395 1.015801 1.547013 0.282370 0.141894 0.668947 1.078494 1.193622 
1.931758 0.502079 1.434850 1.526127 1.391394 1.116015 1.175620 0.818084 0.894730 0.741923 0.778478 0.478443 0.868762 0.915448 1.059077 1.621419 0.293921 0.146297 0.687283 1.126530 1.236786 
1.982543 0.520197 1.489285 1.586238 1.441524 1.162747 1.225967 0.855238 0.931334 0.771770 0.802895 0.503097 0.897350 0.946599 1.103013 1.696999 0.305648 0.150746 0.705540 1.175440 1.280415 
2.032287 0.538517 1.544388 1.647137 1.492238 1.210198 1.277300 0.893106 0.968478 0.802075 0.827307 0.528474 0.926062 0.977844 1.147612 1.773706 0.317554 0.155247 0.723734 1.225222 1.324529 
2.080962 0.557045 1.600167 1.708824 1.543559 1.258363 1.329627 0.931686 1.006163 0.832838 0.851714 0.554580 0.954904 1.009182 1.192872 1.851490 0.329641 0.159809 0.741880 1.275874 1.369145 
2.128539 0.575785 1.656628 1.771300 1.595508 1.307241 1.382954 0.970974 1.044387 0.864061 0.876118 0.581418 0.983882 1.040609 1.238793 1.930300 0.341913 0.164439 0.759995 1.327394 1.414283 
2.174993 0.594743 1.713778 1.834567 1.648110 1.356826 1.437289 1.010968 1.083152 0.895746 0.900521 0.608994 1.012999 1.072125 1.285377 2.010081 0.354371 0.169147 0.778099 1.379781 1.459962 
2.220299 0.613923 1.771625 1.898626 1.701388 1.407116 1.492638 1.051664 1.122456 0.927894 0.924923 0.637311 1.042261 1.103728 1.332623 2.090777 0.367021 0.173941 0.796209 1.433030 1.506204 
2.264436 0.633332 1.830175 1.963477 1.755368 1.458105 1.549007 1.093056 1.162301 0.960504 0.949329 0.666373 1.071675 1.135418 1.380531 2.172331 0.379864 0.178831 0.814345 1.487139 1.553028 
2.307381 0.652974 1.889436 2.029121 1.810075 1.509790 1.606400 1.135142 1.202684 0.993577 0.973741 0.696180 1.101246 1.167193 1.429102 2.254682 0.392905 0.183826 0.832528 1.542102 1.600457 
2.349115 0.672856 1.949414 2.095560 1.865537 1.562166 1.664822 1.177914 1.243607 1.027114 0.998162 0.726735 1.130981 1.199054 1.478335 2.337767 0.406146 0.188937 0.850780 1.597915 1.648513 
2.389621 0.692983 2.010118 2.162793 1.921782 1.615228 1.724278 1.221369 1.285067 1.061114 1.022596 0.758039 1.160887 1.231002 1.528231 2.421523 0.419591 0.194173 0.869121 1.654573 1.697217 
2.428883 0.713362 2.071555 2.230823 1.978838 1.668970 1.784770 1.265499 1.327065 1.095577 1.047047 0.790091 1.190970 1.263036 1.578790 2.505883 0.433245 0.199545 0.887575 1.712070 1.746594 
2.466885 0.733997 2.133732 2.299648 2.036734 1.723387 1.846302 1.310299 1.369600 1.130502 1.071519 0.822892 1.221239 1.295158 1.630011 2.590778 0.447109 0.205065 0.906166 1.770400 1.796668 
2.503614 0.754896 2.196657 2.369271 2.095502 1.778472 1.908875 1.355761 1.412671 1.165888 1.096018 0.856440 1.251700 1.327370 1.681895 2.676138 0.461190 0.210743 0.924919 1.829555 1.847461 
2.539060 0.776064 2.260338 2.439690 2.155172 1.834219 1.972492 1.401879 1.456276 1.201734 1.120548 0.890732 1.282362 1.359674 1.734442 2.761890 0.475489 0.216592 0.943858 1.889527 1.899001 
2.573212 0.797508 2.324782 2.510907 2.215777 1.890622 2.037152 1.448644 1.500415 1.238039 1.145115 0.925768 1.313233 1.392072 1.787652 2.847958 0.490012 0.222624 0.963010 1.950310 1.951311 
2.606062 0.819234 2.389997 2.582921 2.277350 1.947673 2.102858 1.496048 1.545086 1.274800 1.169725 0.961542 1.344322 1.424567 1.841524 2.934267 0.504763 0.228850 0.982402 2.011893 2.004418 
2.637604 0.841248 2.455991 2.655733 2.339925 2.005366 2.169608 1.544084 1.590288 1.312016 1.194384 0.998053 1.375638 1.457163 1.896060 3.020736 0.519746 0.235284 1.002061 2.074269 2.058349 
2.667832 0.863559 2.522772 2.729343 2.403537 2.063693 2.237402 1.592740 1.636020 1.349685 1.219100 1.035293 1.407190 1.489862 1.951258 3.107286 0.534964 0.241938 1.022018 2.137426 2.113131 
2.696743 0.886171 2.590349 2.803751 2.468220 2.122645 2.306240 1.642009 1.682280 1.387804 1.243879 1.073260 1.438988 1.522669 2.007119 3.193832 0.550424 0.248827 1.042300 2.201356 2.168791 
2.724335 0.909093 2.658729 2.878957 2.534014 2.182215 2.376118 1.691880 1.729067 1.426369 1.268728 1.111946 1.471042 1.555589 2.063643 3.280289 0.566128 0.255964 1.062938 2.266046 2.225358 
2.750608 0.932330 2.727922 2.954961 2.600953 2.242395 2.447034 1.742343 1.776377 1.465379 1.293656 1.151345 1.503362 1.588626 2.120830 3.366570 0.582083 0.263363 1.083963 2.331486 2.282861 
2.775563 0.955891 2.797934 3.031762 2.669078 2.303175 2.518986 1.793387 1.824211 1.504830 1.318671 1.191450 1.535959 1.621786 2.178679 3.452585 0.598291 0.271039 1.105408 2.397663 2.341330 
2.799203 0.979783 2.868774 3.109361 2.738427 2.364547 2.591970 1.845001 1.872565 1.544719 1.343782 1.232252 1.568844 1.655075 2.237190 3.538244 0.614760 0.279006 1.127304 2.464565 2.400793 
2.821533 1.004012 2.940452 3.187756 2.809040 2.426500 2.665983 1.897173 1.921438 1.585040 1.368997 1.273743 1.602027 1.688498 2.296364 3.623451 0.631492 0.287280 1.149686 2.532179 2.461283 
2.842560 1.028586 3.012976 3.266947 2.880958 2.489026 2.741018 1.949891 1.970827 1.625791 1.394326 1.315914 1.635521 1.722062 2.356201 3.708112 0.648495 0.295876 1.172588 2.600491 2.522829 
2.862290 1.053513 3.086354 3.346934 2.954224 2.552114 2.817071 2.003143 2.020731 1.666968 1.419779 1.358754 1.669337 1.755773 2.416699 3.792128 0.665771 0.304810 1.196045 2.669487 2.585465 
2.880733 1.078801 3.160595 3.427717 3.028881 2.615754 2.894136 2.056915 2.071146 1.708564 1.445366 1.402253 1.703488 1.789641 2.477859 3.875399 0.683328 0.314099 1.220093 2.739152 2.649221 
2.897900 1.104456 3.235707 3.509294 3.104971 2.679935 2.972207 2.111195 2.122070 1.750577 1.471098 1.446399 1.737986 1.823671 2.539681 3.957824 0.701169 0.323758 1.244769 2.809471 2.714131 
2.913804 1.130488 3.311701 3.591664 3.182539 2.744647 3.051277 2.165968 2.173501 1.792999 1.496985 1.491181 1.772844 1.857873 2.602165 4.039298 0.719301 0.333806 1.270111 2.880429 2.780229 
2.928459 1.156905 3.388585 3.674827 3.261631 2.809878 3.131337 2.221219 2.225436 1.835827 1.523039 1.536585 1.808075 1.892254 2.665310 4.119715 0.737730 0.344258 1.296156 2.952008 2.847548 
2.941881 1.183713 3.466368 3.758782 3.342293 2.875616 3.212381 2.276935 2.277871 1.879055 1.549271 1.582598 1.843692 1.926825 2.729117 4.198967 0.756460 0.355133 1.322945 3.024191 2.916123 
2.954087 1.210922 3.545059 3.843528 3.424572 2.941850 3.294398 2.333101 2.330805 1.922676 1.575695 1.629206 1.879710 1.961594 2.793584 4.276943 0.775497 0.366449 1.350518 3.096962 2.985990 
2.965096 1.238540 3.624668 3.929064 3.508517 3.008568 3.377380 2.389699 2.384233 1.966684 1.602321 1.676395 1.916142 1.996571 2.858712 4.353531 0.794848 0.378224 1.378915 3.170302 3.057183 
2.974928 1.266575 3.705203 4.015388 3.594176 3.075756 3.461318 2.446716 2.438154 2.011073 1.629164 1.724148 1.953003 2.031766 2.924501 4.428615 0.814518 0.390477 1.408178 3.244193 3.129739 
2.983607 1.295036 3.786675 4.102499 3.681600 3.143403 3.546199 2.504133 2.492563 2.055837 1.656236 1.772449 1.990308 2.067190 2.990950 4.502081 0.834514 0.403226 1.438350 3.318614 3.203695 
2.991155 1.323931 3.869093 4.190397 3.770838 3.211495 3.632014 2.561935 2.547457 2.100968 1.683551 1.821282 2.028072 2.102854 3.058058 4.573807 0.854841 0.416491 1.469474 3.393548 3.279088 
2.997598 1.353270 3.952465 4.279079 3.861943 3.280019 3.718750 2.620103 2.602832 2.146458 1.711123 1.870629 2.066310 2.138770 3.125827 4.643675 0.875505 0.430292 1.501594 3.468972 3.355957 
3.002963 1.383061 4.036803 4.368543 3.954966 3.348961 3.806396 2.678621 2.658686 2.192302 1.738967 1.920473 2.105037 2.174949 3.194255 4.711560 0.896514 0.444648 1.534756 3.544867 3.434340 
3.007279 1.413314 4.122116 4.458789 4.049962 3.418307 3.894939 2.737470 2.715014 2.238490 1.767096 1.970793 2.144271 2.211404 3.263342 4.777338 0.917873 0.459581 1.569005 3.621211 3.514275 
3.010576 1.444037 4.208413 4.549815 4.146985 3.488043 3.984365 2.796630 2.771813 2.285016 1.795527 2.021570 2.184027 2.248147 3.333087 4.840882 0.939589 0.475111 1.604387 3.697982 3.595803 
3.012886 1.475239 4.295705 4.641619 4.246089 3.558154 4.074661 2.856084 2.829078 2.331870 1.824275 2.072785 2.224322 2.285191 3.403491 4.902061 0.961669 0.491258 1.640951 3.775157 3.678964 
3.014242 1.506931 4.384002 4.734199 4.347331 3.628625 4.165811 2.915812 2.886806 2.379044 1.853356 2.124415 2.265172 2.322551 3.474553 4.960746 0.984119 0.508045 1.678745 3.852714 3.763799 
3.014679 1.539121 4.473313 4.827554 4.450767 3.699441 4.257801 2.975794 2.944993 2.426529 1.882786 2.176441 2.306596 2.360239 3.546272 5.016802 1.006946 0.525493 1.717817 3.930629 3.850349 
3.014234 1.571819 4.563649 4.921680 4.556456 3.770586 4.350616 3.036008 3.003633 2.474317 1.912583 2.228839 2.348611 2.398271 3.618649 5.070094 1.030158 0.543625 1.758219 4.008877 3.938656 
3.012944 1.605035 4.655021 5.016577 4.664456 3.842045 4.444238 3.096436 3.062724 2.522397 1.942762 2.281586 2.391235 2.436661 3.691682 5.120484 1.053761 0.562462 1.799999 4.087435 4.028763 
3.010851 1.638778 4.747437 5.112242 4.774826 3.913801 4.538651 3.157055 3.122260 2.570761 1.973341 2.334659 2.434486 2.475423 3.765372 5.167833 1.077762 0.582028 1.843211 4.166276 4.120712 
3.007994 1.673059 4.840910 5.208673 4.887627 3.985838 4.633838 3.217843 3.182237 2.619399 2.004339 2.388033 2.478383 2.514575 3.839717 5.211999 1.102168 0.602345 1.887906 4.245375 4.214547 
3.004418 1.707887 4.935449 5.305867 5.002921 4.058139 4.729780 3.278779 3.242650 2.668300 2.035774 2.441683 2.522945 2.554131 3.914719 5.252837 1.126988 0.623438 1.934138 4.324705 4.310313 
3.000167 1.743273 5.031065 5.403822 5.120769 4.130688 4.826460 3.339839 3.303495 2.717454 2.067664 2.495584 2.568190 2.594108 3.990375 5.290203 1.152227 0.645330 1.981960 4.404240 4.408054 
2.995287 1.779227 5.127768 5.502536 5.241234 4.203466 4.923857 3.401002 3.364767 2.766851 2.100028 2.549709 2.614139 2.634523 4.066685 5.323947 1.177895 0.668045 2.031428 4.483952 4.507816 
2.989826 1.815759 5.225570 5.602007 5.364381 4.276456 5.021953 3.462243 3.426460 2.816479 2.132886 2.604032 2.660811 2.675393 4.143650 5.353920 1.203998 0.691608 2.082598 4.563813 4.609645 
2.983833 1.852879 5.324481 5.702231 5.490273 4.349639 5.120727 3.523539 3.488569 2.866328 2.166257 2.658524 2.708226 2.716735 4.221268 5.379969 1.230544 0.716044 2.135524 4.643795 4.713587 
2.977359 1.890599 5.424512 5.803205 5.618978 4.422999 5.220157 3.584866 3.551090 2.916386 2.200162 2.713157 2.756406 2.758569 4.299539 5.401940 1.257541 0.741378 2.190266 4.723867 4.819688 
2.970458 1.928929 5.525675 5.904928 5.750561 4.496515 5.320224 3.646198 3.614017 2.966642 2.234621 2.767901 2.805371 2.800912 4.378463 5.419677 1.284998 0.767635 2.246881 4.804002 4.927998 
2.963183 1.967880 5.627980 6.007396 5.885090 4.570170 5.420904 3.707510 3.677345 3.017083 2.269655 2.822728 2.855141 2.843782 4.458038 5.433021 1.312921 0.794842 2.305429 4.884167 5.038563 
2.955590 2.007463 5.731438 6.110606 6.022633 4.643943 5.522175 3.768777 3.741068 3.067698 2.305286 2.877607 2.905739 2.887200 4.538265 5.441811 1.341319 0.823025 2.365968 4.964333 5.151433 
2.947736 2.047688 5.836060 6.214556 6.163260 4.717815 5.624014 3.829973 3.805180 3.118473 2.341534 2.932506 2.957187 2.931185 4.619142 5.445885 1.370201 0.852210 2.428559 5.044469 5.266658 
2.939681 2.088567 5.941859 6.319241 6.307040 4.791767 5.726396 3.891072 3.869676 3.169397 2.378423 2.987394 3.009505 2.975757 4.700670 5.445077 1.399574 0.882425 2.493264 5.124541 5.384286 
2.931485 2.130112 6.048845 6.424660 6.454045 4.865779 5.829299 3.952045 3.934550 3.220456 2.415975 3.042238 3.062718 3.020936 4.782847 5.439221 1.429448 0.913696 2.560145 5.204518 5.504369 
2.923211 2.172333 6.157030 6.530808 6.604346 4.939829 5.932697 4.012867 3.999796 3.271638 2.454211 3.097005 3.116847 3.066744 4.865674 5.428149 1.459830 0.946052 2.629266 5.284367 5.626957 
2.914922 2.215242 6.266425 6.637683 6.758016 5.013897 6.036564 4.073509 4.065407 3.322927 2.493157 3.151661 3.171916 3.113202 4.949148 5.411688 1.490730 0.979520 2.700689 5.364054 5.752102 
2.906683 2.258850 6.377043 6.745281 6.915129 5.087962 6.140874 4.133943 4.131379 3.374312 2.532835 3.206172 3.227948 3.160331 5.033270 5.389665 1.522155 1.014130 2.774480 5.443545 5.879856 
