NaN NaN NaN NaN NaN NaN NaN NaN NaN NaN NaN NaN NaN NaN NaN NaN NaN NaN NaN NaN NaN NaN NaN NaN NaN NaN NaN NaN 
NaN NaN NaN NaN NaN NaN NaN NaN NaN NaN NaN NaN NaN NaN NaN NaN NaN NaN NaN NaN NaN NaN NaN NaN NaN NaN NaN NaN 
NaN NaN NaN NaN NaN NaN NaN NaN NaN NaN NaN NaN NaN NaN NaN NaN NaN NaN NaN NaN NaN NaN NaN NaN NaN NaN NaN NaN 
NaN NaN NaN NaN NaN NaN NaN NaN NaN NaN NaN NaN NaN NaN NaN NaN NaN NaN NaN NaN NaN NaN NaN NaN NaN NaN NaN NaN 
NaN NaN NaN NaN NaN NaN NaN NaN NaN NaN NaN NaN NaN NaN NaN NaN NaN NaN NaN NaN NaN NaN NaN NaN NaN NaN NaN NaN 
-0.611529 -1.240283 -1.784081 -0.765252 -1.465508 -0.554686 -1.140691 -0.259119 -1.333353 -1.344811 -1.198718 -0.641535 -1.258391 -0.944308 -0.105302 -0.278860 -0.525212 -0.834681 -1.245462 -0.879383 -0.333617 -0.972704 -0.869384 -1.056937 -0.951142 -0.366784 -0.781750 -0.743179 
-0.636177 -1.213972 -1.743625 -0.822365 -1.479071 -0.599456 -1.175657 -0.307995 -1.319767 -1.329849 -1.166904 -0.695883 -1.237335 -0.921517 -0.122031 -0.295658 -0.575313 -0.856131 -1.219851 -0.893836 -0.418392 -1.002246 -0.888751 -1.055727 -0.926971 -0.370968 -0.800920 -0.774273 
-0.658849 -1.188278 -1.703803 -0.875000 -1.489670 -0.641051 -1.206548 -0.353895 -1.305482 -1.314447 -1.135653 -0.746643 -1.216146 -0.899237 -0.138092 -0.311462 -0.622200 -0.875955 -1.194931 -0.906861 -0.497580 -1.029333 -0.906551 -1.053623 -0.903770 -0.374886 -0.818136 -0.802722 
-0.679576 -1.163158 -1.664581 -0.923265 -1.497394 -0.679536 -1.233492 -0.396874 -1.290509 -1.298600 -1.104945 -0.793870 -1.194822 -0.877441 -0.153474 -0.326278 -0.665922 -0.894154 -1.170653 -0.918463 -0.571314 -1.053995 -0.922782 -1.050629 -0.881480 -0.378521 -0.833435 -0.828580 
-0.698390 -1.138569 -1.625925 -0.967270 -1.502330 -0.714971 -1.256617 -0.436985 -1.274862 -1.282304 -1.074765 -0.837620 -1.173361 -0.856104 -0.168170 -0.340108 -0.706530 -0.910726 -1.146966 -0.928648 -0.639726 -1.076262 -0.937448 -1.046748 -0.860044 -0.381857 -0.846856 -0.851901 
-0.715322 -1.114469 -1.587804 -1.007123 -1.504567 -0.747420 -1.276047 -0.474280 -1.258553 -1.265554 -1.045094 -0.877950 -1.151760 -0.835202 -0.182170 -0.352956 -0.744071 -0.925674 -1.123821 -0.937422 -0.702946 -1.096163 -0.950550 -1.041985 -0.839405 -0.384877 -0.858437 -0.872737 
-0.730404 -1.090816 -1.550184 -1.042928 -1.504191 -0.776944 -1.291905 -0.508812 -1.241593 -1.248346 -1.015916 -0.914914 -1.130017 -0.814709 -0.195466 -0.364827 -0.778597 -0.938997 -1.101169 -0.944792 -0.761101 -1.113728 -0.962089 -1.036342 -0.819507 -0.387566 -0.868214 -0.891142 
-0.743666 -1.067570 -1.513032 -1.074790 -1.501285 -0.803603 -1.304313 -0.540632 -1.223994 -1.230677 -0.987215 -0.948568 -1.108129 -0.794602 -0.208050 -0.375725 -0.810154 -0.950697 -1.078964 -0.950764 -0.814319 -1.128987 -0.972068 -1.029824 -0.800295 -0.389908 -0.876224 -0.907167 
-0.755140 -1.044690 -1.476319 -1.102814 -1.495933 -0.827458 -1.313389 -0.569792 -1.205768 -1.212541 -0.958973 -0.978966 -1.086093 -0.774856 -0.219913 -0.385655 -0.838791 -0.960775 -1.057158 -0.955345 -0.862724 -1.141967 -0.980489 -1.022434 -0.781715 -0.391888 -0.882503 -0.920862 
-0.764854 -1.022137 -1.440012 -1.127100 -1.488217 -0.848566 -1.319252 -0.596343 -1.186926 -1.193935 -0.931174 -1.006163 -1.063907 -0.755447 -0.231048 -0.394620 -0.864557 -0.969233 -1.035704 -0.958540 -0.906441 -1.152698 -0.987355 -1.014177 -0.763715 -0.393492 -0.887087 -0.932280 
-0.772840 -0.999873 -1.404081 -1.147749 -1.478217 -0.866988 -1.322015 -0.620335 -1.167478 -1.174856 -0.903802 -1.030213 -1.041568 -0.736352 -0.241448 -0.402625 -0.887499 -0.976073 -1.014559 -0.960356 -0.945592 -1.161209 -0.992668 -1.005056 -0.746243 -0.394704 -0.890012 -0.941470 
-0.779128 -0.977859 -1.368497 -1.164861 -1.466015 -0.882780 -1.321793 -0.641817 -1.147436 -1.155299 -0.876840 -1.051169 -1.019073 -0.717548 -0.251105 -0.409675 -0.907663 -0.981298 -0.993677 -0.960801 -0.980297 -1.167528 -0.996432 -0.995077 -0.729247 -0.395511 -0.891311 -0.948481 
-0.783747 -0.956059 -1.333229 -1.178533 -1.451686 -0.896001 -1.318697 -0.660839 -1.126809 -1.135260 -0.850273 -1.069085 -0.996420 -0.699011 -0.260012 -0.415774 -0.925098 -0.984911 -0.973014 -0.959881 -1.010676 -1.171683 -0.998650 -0.984242 -0.712677 -0.395899 -0.891019 -0.953363 
-0.786727 -0.934436 -1.298248 -1.188862 -1.435309 -0.906706 -1.312836 -0.677449 -1.105609 -1.114736 -0.824085 -1.084014 -0.973605 -0.680720 -0.268164 -0.420927 -0.939849 -0.986915 -0.952528 -0.957603 -1.036846 -1.173703 -0.999326 -0.972557 -0.696485 -0.395854 -0.889169 -0.956164 
-0.788097 -0.912955 -1.263527 -1.195943 -1.416960 -0.914952 -1.304318 -0.691696 -1.083844 -1.093723 -0.798260 -1.096008 -0.950627 -0.662652 -0.275553 -0.425140 -0.951963 -0.987314 -0.932176 -0.953975 -1.058924 -1.173616 -0.998463 -0.960026 -0.680621 -0.395364 -0.885796 -0.956932 
-0.787885 -0.891580 -1.229037 -1.199871 -1.396711 -0.920794 -1.293249 -0.703627 -1.061524 -1.072219 -0.772783 -1.105120 -0.927482 -0.644784 -0.282173 -0.428416 -0.961485 -0.986112 -0.911917 -0.949003 -1.077025 -1.171450 -0.996065 -0.946653 -0.665039 -0.394416 -0.880931 -0.955714 
-0.786121 -0.870277 -1.194750 -1.200737 -1.374638 -0.924286 -1.279732 -0.713289 -1.038660 -1.050218 -0.747637 -1.111402 -0.904167 -0.627095 -0.288020 -0.430761 -0.968461 -0.983314 -0.891710 -0.942695 -1.091261 -1.167233 -0.992137 -0.932444 -0.649692 -0.392998 -0.874608 -0.952558 
-0.782834 -0.849014 -1.160641 -1.198634 -1.350811 -0.925482 -1.263869 -0.720729 -1.015259 -1.027719 -0.722809 -1.114905 -0.880680 -0.609563 -0.293086 -0.432181 -0.972936 -0.978923 -0.871515 -0.935058 -1.101744 -1.160991 -0.986684 -0.917402 -0.634535 -0.391097 -0.866857 -0.947508 
-0.778050 -0.827756 -1.126681 -1.193651 -1.325301 -0.924436 -1.245760 -0.725994 -0.991332 -1.004718 -0.698283 -1.115680 -0.857017 -0.592168 -0.297367 -0.432679 -0.974955 -0.972946 -0.851293 -0.926100 -1.108585 -1.152753 -0.979709 -0.901533 -0.619524 -0.388703 -0.857710 -0.940612 
-0.771800 -0.806473 -1.092845 -1.185876 -1.298178 -0.921199 -1.225503 -0.729128 -0.966886 -0.981212 -0.674043 -1.113780 -0.833177 -0.574888 -0.300858 -0.432263 -0.974562 -0.965388 -0.831005 -0.915828 -1.111892 -1.142545 -0.971218 -0.884842 -0.604614 -0.385803 -0.847199 -0.931914 
-0.764109 -0.785134 -1.059109 -1.175398 -1.269510 -0.915824 -1.203194 -0.730176 -0.941930 -0.957197 -0.650076 -1.109254 -0.809155 -0.557702 -0.303555 -0.430936 -0.971801 -0.956255 -0.810615 -0.904251 -1.111772 -1.130396 -0.961217 -0.867333 -0.589763 -0.382386 -0.835353 -0.921459 
-0.755006 -0.763706 -1.025445 -1.162301 -1.239362 -0.908363 -1.178926 -0.729184 -0.916472 -0.932672 -0.626366 -1.102152 -0.784950 -0.540590 -0.305452 -0.428706 -0.966716 -0.945552 -0.790084 -0.891377 -1.108331 -1.116331 -0.949710 -0.849013 -0.574930 -0.378444 -0.822202 -0.909290 
-0.744519 -0.742162 -0.991832 -1.146672 -1.207802 -0.898865 -1.152793 -0.726195 -0.890520 -0.907632 -0.602899 -1.092525 -0.760558 -0.523533 -0.306545 -0.425576 -0.959351 -0.933288 -0.769378 -0.877213 -1.101673 -1.100377 -0.936704 -0.829885 -0.560074 -0.373964 -0.807776 -0.895451 
-0.732674 -0.720472 -0.958243 -1.128592 -1.174893 -0.887380 -1.124884 -0.721253 -0.864081 -0.882076 -0.579661 -1.080423 -0.735975 -0.506510 -0.306831 -0.421554 -0.949748 -0.919468 -0.748460 -0.861767 -1.091900 -1.082562 -0.922205 -0.809955 -0.545154 -0.368937 -0.792104 -0.879984 
-0.719497 -0.698607 -0.924656 -1.108145 -1.140698 -0.873958 -1.095287 -0.714401 -0.837164 -0.856001 -0.556638 -1.065893 -0.711201 -0.489501 -0.306306 -0.416644 -0.937950 -0.904101 -0.727297 -0.845049 -1.079115 -1.062911 -0.906218 -0.789229 -0.530133 -0.363354 -0.775214 -0.862933 
-0.705017 -0.676540 -0.891048 -1.085410 -1.105280 -0.858647 -1.064089 -0.705681 -0.809775 -0.829403 -0.533816 -1.048987 -0.686230 -0.472488 -0.304966 -0.410852 -0.923999 -0.887193 -0.705854 -0.827065 -1.063415 -1.041451 -0.888750 -0.767712 -0.514972 -0.357205 -0.757134 -0.844339 
-0.689259 -0.654245 -0.857397 -1.060467 -1.068697 -0.841495 -1.031374 -0.695135 -0.781920 -0.802281 -0.511180 -1.029751 -0.661061 -0.455452 -0.302809 -0.404186 -0.907938 -0.868753 -0.684098 -0.807826 -1.044901 -1.018207 -0.869808 -0.745410 -0.499634 -0.350482 -0.737892 -0.824243 
-0.672248 -0.631694 -0.823679 -1.033395 -1.031010 -0.822549 -0.997224 -0.682805 -0.753608 -0.774633 -0.488718 -1.008235 -0.635689 -0.438374 -0.299831 -0.396650 -0.889807 -0.848790 -0.661998 -0.787338 -1.023667 -0.993207 -0.849399 -0.722329 -0.484084 -0.343177 -0.717514 -0.802685 
-0.654012 -0.608864 -0.789875 -1.004269 -0.992277 -0.801856 -0.961721 -0.668731 -0.724843 -0.746455 -0.466415 -0.984486 -0.610113 -0.421235 -0.296030 -0.388250 -0.869649 -0.827312 -0.639521 -0.765612 -0.999809 -0.966475 -0.827529 -0.698473 -0.468285 -0.335280 -0.696028 -0.779706 
-0.634576 -0.585729 -0.755963 -0.973166 -0.952554 -0.779461 -0.924942 -0.652954 -0.695633 -0.717746 -0.444259 -0.958551 -0.584329 -0.404017 -0.291404 -0.378994 -0.847504 -0.804329 -0.616637 -0.742656 -0.973421 -0.938037 -0.804207 -0.673849 -0.452205 -0.326785 -0.673459 -0.755344 
-0.613965 -0.562265 -0.721923 -0.940159 -0.911896 -0.755410 -0.886964 -0.635514 -0.665983 -0.688503 -0.422236 -0.930479 -0.558334 -0.386703 -0.285950 -0.368887 -0.823412 -0.779850 -0.593317 -0.718480 -0.944595 -0.907919 -0.779440 -0.648463 -0.435809 -0.317683 -0.649833 -0.729640 
-0.592205 -0.538450 -0.687734 -0.905321 -0.870358 -0.729747 -0.847862 -0.616451 -0.635898 -0.658724 -0.400333 -0.900316 -0.532125 -0.369276 -0.279667 -0.357936 -0.797414 -0.753885 -0.569530 -0.693091 -0.913420 -0.876145 -0.753235 -0.622321 -0.419066 -0.307969 -0.625175 -0.702631 
-0.569319 -0.514261 -0.653377 -0.868723 -0.827993 -0.702516 -0.807710 -0.595802 -0.605385 -0.628408 -0.378536 -0.868108 -0.505699 -0.351717 -0.272554 -0.346148 -0.769550 -0.726445 -0.545249 -0.666499 -0.879988 -0.842742 -0.725602 -0.595428 -0.401943 -0.297635 -0.599510 -0.674355 
-0.545334 -0.489676 -0.618833 -0.830435 -0.784851 -0.673760 -0.766577 -0.573607 -0.574447 -0.597553 -0.356835 -0.833903 -0.479052 -0.334010 -0.264608 -0.333528 -0.739859 -0.697540 -0.520446 -0.638715 -0.844384 -0.807734 -0.696547 -0.567792 -0.384412 -0.286674 -0.572862 -0.644850 
-0.520274 -0.464674 -0.584084 -0.790527 -0.740984 -0.643522 -0.724532 -0.549903 -0.543091 -0.566156 -0.335215 -0.797744 -0.452181 -0.316138 -0.255829 -0.320084 -0.708380 -0.667181 -0.495094 -0.609746 -0.806695 -0.771145 -0.666081 -0.539418 -0.366441 -0.275081 -0.545254 -0.614151 
-0.494162 -0.439236 -0.549113 -0.749066 -0.696441 -0.611843 -0.681643 -0.524727 -0.511320 -0.534217 -0.313664 -0.759680 -0.425083 -0.298085 -0.246217 -0.305823 -0.675153 -0.635379 -0.469167 -0.579603 -0.767005 -0.733001 -0.634211 -0.510313 -0.348004 -0.262851 -0.516710 -0.582296 
-0.467023 -0.413341 -0.513900 -0.706117 -0.651268 -0.578765 -0.637975 -0.498117 -0.479139 -0.501733 -0.292171 -0.719753 -0.397756 -0.279835 -0.235771 -0.290751 -0.640215 -0.602147 -0.442639 -0.548296 -0.725397 -0.693325 -0.600948 -0.480484 -0.329071 -0.249977 -0.487252 -0.549319 
-0.438880 -0.386972 -0.478430 -0.661745 -0.605514 -0.544327 -0.593590 -0.470109 -0.446553 -0.468702 -0.270722 -0.678010 -0.370195 -0.261372 -0.224491 -0.274876 -0.603604 -0.567496 -0.415487 -0.515833 -0.681953 -0.652143 -0.566299 -0.449936 -0.309617 -0.236456 -0.456903 -0.515256 
-0.409758 -0.360110 -0.442686 -0.616015 -0.559222 -0.508571 -0.548550 -0.440738 -0.413564 -0.435125 -0.249307 -0.634495 -0.342398 -0.242681 -0.212376 -0.258204 -0.565359 -0.531440 -0.387686 -0.482226 -0.636753 -0.609478 -0.530275 -0.418676 -0.289616 -0.222281 -0.425684 -0.480140 
-0.379679 -0.332737 -0.406652 -0.568987 -0.512437 -0.471535 -0.502915 -0.410040 -0.380177 -0.400998 -0.227913 -0.589252 -0.314360 -0.223745 -0.199427 -0.240742 -0.525517 -0.493991 -0.359214 -0.447484 -0.589876 -0.565354 -0.492886 -0.386712 -0.269042 -0.207450 -0.393617 -0.444007 
-0.348666 -0.304839 -0.370313 -0.520723 -0.465202 -0.433257 -0.456741 -0.378048 -0.346395 -0.366322 -0.206528 -0.542325 -0.286080 -0.204551 -0.185646 -0.222499 -0.484115 -0.455161 -0.330048 -0.411617 -0.541397 -0.519796 -0.454141 -0.354050 -0.247873 -0.191957 -0.360723 -0.406889 
-0.316743 -0.276398 -0.333654 -0.471282 -0.417558 -0.393776 -0.410084 -0.344799 -0.312221 -0.331094 -0.185141 -0.493757 -0.257553 -0.185083 -0.171032 -0.203481 -0.441189 -0.414966 -0.300167 -0.374636 -0.491393 -0.472826 -0.414051 -0.320697 -0.226085 -0.175801 -0.327021 -0.368818 
-0.283932 -0.247399 -0.296661 -0.420723 -0.369545 -0.353128 -0.362998 -0.310325 -0.277658 -0.295313 -0.163741 -0.443592 -0.228776 -0.165327 -0.155587 -0.183696 -0.396776 -0.373419 -0.269550 -0.336551 -0.439938 -0.424468 -0.372626 -0.286660 -0.203656 -0.158977 -0.292532 -0.329828 
-0.250255 -0.217830 -0.259318 -0.369101 -0.321202 -0.311349 -0.315533 -0.274659 -0.242709 -0.258980 -0.142316 -0.391873 -0.199746 -0.145269 -0.139312 -0.163151 -0.350912 -0.330533 -0.238177 -0.297372 -0.387103 -0.374746 -0.329877 -0.251946 -0.180565 -0.141482 -0.257276 -0.289949 
-0.215734 -0.187675 -0.221614 -0.316473 -0.272567 -0.268477 -0.267740 -0.237834 -0.207375 -0.222092 -0.120856 -0.338641 -0.170459 -0.124896 -0.122210 -0.141854 -0.303633 -0.286325 -0.206029 -0.257111 -0.332961 -0.323682 -0.285815 -0.216562 -0.156793 -0.123314 -0.221270 -0.249213 
-0.180391 -0.156922 -0.183535 -0.262893 -0.223676 -0.224545 -0.219666 -0.199882 -0.171659 -0.184649 -0.099349 -0.283940 -0.140913 -0.104193 -0.104281 -0.119813 -0.254973 -0.240809 -0.173087 -0.215777 -0.277579 -0.271301 -0.240452 -0.180516 -0.132319 -0.104472 -0.184533 -0.207650 
-0.144248 -0.125559 -0.145069 -0.208414 -0.174564 -0.179589 -0.171357 -0.160835 -0.135563 -0.146650 -0.077785 -0.227810 -0.111102 -0.083147 -0.085529 -0.097036 -0.204968 -0.194001 -0.139335 -0.173382 -0.221027 -0.217623 -0.193799 -0.143815 -0.107127 -0.084952 -0.147084 -0.165290 
-0.107326 -0.093576 -0.106204 -0.153086 -0.125266 -0.133641 -0.122857 -0.120724 -0.099089 -0.108095 -0.056153 -0.170295 -0.081025 -0.061746 -0.065956 -0.073530 -0.153652 -0.145915 -0.104755 -0.129936 -0.163371 -0.162673 -0.145867 -0.106466 -0.081198 -0.064754 -0.108939 -0.122162 
-0.069647 -0.060960 -0.066928 -0.096961 -0.075812 -0.086736 -0.074208 -0.079580 -0.062237 -0.068983 -0.034443 -0.111433 -0.050678 -0.039977 -0.045564 -0.049303 -0.101060 -0.096570 -0.069330 -0.085451 -0.104675 -0.106473 -0.096668 -0.068478 -0.054516 -0.043877 -0.070116 -0.078296 
-0.031231 -0.027703 -0.027231 -0.040087 -0.026236 -0.038905 -0.025449 -0.037432 -0.025009 -0.029313 -0.012645 -0.051268 -0.020057 -0.017827 -0.024357 -0.024364 -0.047225 -0.045980 -0.033047 -0.039938 -0.045002 -0.049044 -0.046215 -0.029857 -0.027066 -0.022320 -0.030631 -0.033719 
0.007901 0.006206 0.012898 0.017489 0.023434 0.009820 0.023381 0.005690 0.012594 0.010914 0.009252 0.010162 0.010842 0.004716 -0.002338 0.001279 0.007819 0.005836 0.004110 0.006592 0.015584 0.009590 0.005479 0.009389 0.001166 -0.000082 0.009499 0.011541 
0.047729 0.040773 0.053469 0.075720 0.073168 0.059407 0.072247 0.049757 0.050572 0.051700 0.031258 0.072816 0.042021 0.027663 0.020490 0.027617 0.064038 0.058862 0.042154 0.054127 0.077025 0.069408 0.058403 0.049251 0.030195 0.022836 0.050260 0.057457 
0.088232 0.076007 0.094491 0.134562 0.122939 0.109826 0.121114 0.094740 0.088924 0.093043 0.053382 0.136654 0.073485 0.051026 0.044122 0.054644 0.121401 0.113080 0.081099 0.102656 0.139261 0.130388 0.112544 0.089722 0.060032 0.046435 0.091637 0.104002 
0.129391 0.111915 0.135972 0.193971 0.172721 0.161048 0.169950 0.140611 0.127651 0.134946 0.075633 0.201636 0.105237 0.074817 0.068554 0.082349 0.179874 0.168472 0.120957 0.152167 0.202235 0.192508 0.167887 0.130794 0.090690 0.070713 0.133613 0.151150 
0.171185 0.148502 0.177922 0.253904 0.222489 0.213043 0.218724 0.187344 0.166752 0.177407 0.098023 0.267724 0.137281 0.099047 0.093783 0.110725 0.239426 0.225019 0.161738 0.202648 0.265891 0.255747 0.224421 0.172459 0.122178 0.095670 0.176177 0.198876 
0.213595 0.185775 0.220348 0.314321 0.272219 0.265783 0.267409 0.234910 0.206228 0.220426 0.120559 0.334879 0.169620 0.123725 0.119803 0.139762 0.300024 0.282703 0.203455 0.254088 0.330175 0.320084 0.282130 0.214708 0.154508 0.121304 0.219313 0.247155 
0.256603 0.223738 0.263258 0.375182 0.321888 0.319240 0.315978 0.283284 0.246079 0.264003 0.143251 0.403062 0.202258 0.148863 0.146609 0.169453 0.361638 0.341504 0.246116 0.306474 0.395033 0.385496 0.341002 0.257534 0.187687 0.147613 0.263009 0.295963 
0.300188 0.262394 0.306658 0.436450 0.371476 0.373388 0.364406 0.332439 0.286307 0.308139 0.166108 0.472236 0.235198 0.174470 0.174197 0.199787 0.424236 0.401404 0.289731 0.359795 0.460416 0.451964 0.401021 0.300927 0.221723 0.174596 0.307253 0.345275 
0.344332 0.301748 0.350555 0.498087 0.420963 0.428199 0.412671 0.382350 0.326913 0.352832 0.189139 0.542362 0.268445 0.200557 0.202561 0.230757 0.487787 0.462382 0.334308 0.414037 0.526272 0.519466 0.462175 0.344880 0.256624 0.202250 0.352031 0.395070 
0.389017 0.341802 0.394955 0.560057 0.470331 0.483647 0.460753 0.432992 0.367898 0.398082 0.212353 0.613402 0.302001 0.227133 0.231694 0.262353 0.552261 0.524418 0.379856 0.469189 0.592554 0.587981 0.524448 0.389383 0.292395 0.230572 0.397332 0.445323 
0.434224 0.382556 0.439862 0.622327 0.519561 0.539709 0.508632 0.484341 0.409263 0.443890 0.235758 0.685321 0.335871 0.254207 0.261592 0.294566 0.617628 0.587491 0.426379 0.525239 0.659215 0.657490 0.587825 0.434429 0.329042 0.259559 0.443146 0.496014 
0.479936 0.424013 0.485282 0.684863 0.568637 0.596359 0.556291 0.536374 0.451012 0.490253 0.259362 0.758081 0.370059 0.281788 0.292247 0.327387 0.683859 0.651580 0.473886 0.582173 0.726210 0.727971 0.652292 0.480008 0.366568 0.289207 0.489461 0.547120 
0.526134 0.466173 0.531220 0.747634 0.617546 0.653574 0.603717 0.589065 0.493145 0.537172 0.283174 0.831646 0.404568 0.309885 0.323654 0.360806 0.750923 0.716664 0.522380 0.639979 0.793494 0.799405 0.717832 0.526111 0.404977 0.319513 0.536267 0.598621 
0.572800 0.509035 0.577679 0.810610 0.666274 0.711331 0.650896 0.642394 0.535665 0.584645 0.307203 0.905980 0.439401 0.338507 0.355805 0.394815 0.818793 0.782722 0.571867 0.698643 0.861027 0.871771 0.784431 0.572730 0.444271 0.350473 0.583554 0.650497 
0.619918 0.552598 0.624662 0.873762 0.714807 0.769607 0.697817 0.696337 0.578576 0.632673 0.331455 0.981047 0.474564 0.367661 0.388693 0.429402 0.887439 0.849731 0.622351 0.758154 0.928766 0.945049 0.852073 0.619856 0.484451 0.382082 0.631313 0.702727 
0.667470 0.596859 0.672172 0.937062 0.763136 0.828380 0.744472 0.750872 0.621879 0.681253 0.355938 1.056811 0.510059 0.397356 0.422312 0.464560 0.956833 0.917668 0.673833 0.818498 0.996673 1.019221 0.920741 0.667479 0.525518 0.414336 0.679536 0.755292 
0.715439 0.641817 0.720212 1.000483 0.811250 0.887630 0.790852 0.805980 0.665579 0.730385 0.380661 1.133237 0.545890 0.427598 0.456652 0.500278 1.026948 0.986511 0.726317 0.879662 1.064710 1.094265 0.990420 0.715591 0.567471 0.447228 0.728213 0.808174 
0.763810 0.687468 0.768783 1.064002 0.859142 0.947336 0.836953 0.861637 0.709678 0.780068 0.405631 1.210292 0.582061 0.458395 0.491708 0.536547 1.097755 1.056238 0.779804 0.941633 1.132842 1.170164 1.061092 0.764181 0.610309 0.480753 0.777337 0.861354 
0.812564 0.733808 0.817887 1.127593 0.906803 1.007479 0.882772 0.917825 0.754181 0.830300 0.430855 1.287940 0.618577 0.489755 0.527469 0.573356 1.169228 1.126823 0.834295 1.004396 1.201032 1.246897 1.132742 0.813241 0.654028 0.514906 0.826900 0.914816 
0.861687 0.780831 0.867525 1.191236 0.954228 1.068039 0.928307 0.974524 0.799090 0.881081 0.456340 1.366148 0.655441 0.521683 0.563929 0.610696 1.241340 1.198244 0.889789 1.067939 1.269249 1.324446 1.205352 0.862762 0.698627 0.549681 0.876897 0.968541 
0.911162 0.828533 0.917696 1.254909 1.001413 1.128998 0.973559 1.031714 0.844411 0.932408 0.482093 1.444881 0.692657 0.554187 0.601077 0.648556 1.314063 1.270475 0.946286 1.132248 1.337460 1.402791 1.278905 0.912733 0.744100 0.585069 0.927319 1.022514 
0.960973 0.876906 0.968402 1.318592 1.048354 1.190338 1.018531 1.089377 0.890148 0.984281 0.508121 1.524106 0.730229 0.587272 0.638906 0.686927 1.387373 1.343493 1.003783 1.197309 1.405636 1.481914 1.353383 0.963145 0.790442 0.621066 0.978162 1.076719 
1.011105 0.925944 1.019640 1.382267 1.095049 1.252043 1.063227 1.147494 0.936306 1.036698 0.534431 1.603791 0.768161 0.620945 0.677406 0.725798 1.461243 1.417272 1.062280 1.263109 1.473747 1.561796 1.428769 1.013988 0.837647 0.657662 1.029419 1.131140 
1.061543 0.975639 1.071410 1.445918 1.141496 1.314096 1.107653 1.206048 0.982889 1.089657 0.561030 1.683903 0.806456 0.655210 0.716568 0.765159 1.535647 1.491787 1.121772 1.329633 1.541767 1.642419 1.505044 1.065252 0.885708 0.694851 1.081086 1.185762 
1.112272 1.025983 1.123711 1.509527 1.187698 1.376481 1.151818 1.265022 1.029903 1.143156 0.587923 1.764409 0.845120 0.690073 0.756381 0.804999 1.610561 1.567012 1.182255 1.396866 1.609670 1.723765 1.582192 1.116928 0.934617 0.732624 1.133159 1.240572 
1.163277 1.076965 1.176539 1.573082 1.233654 1.439183 1.195732 1.324400 1.077353 1.197194 0.615118 1.845277 0.884155 0.725540 0.796836 0.845308 1.685960 1.642922 1.243725 1.464796 1.677432 1.805816 1.660192 1.169005 0.984364 0.770974 1.185633 1.295556 
1.214544 1.128576 1.229893 1.636569 1.279369 1.502188 1.239408 1.384164 1.125244 1.251768 0.642619 1.926476 0.923567 0.761614 0.837923 0.886076 1.761820 1.719488 1.306176 1.533408 1.745030 1.888553 1.739027 1.221474 1.034940 0.809891 1.238504 1.350700 
1.266058 1.180806 1.283769 1.699976 1.324846 1.565483 1.282859 1.444299 1.173584 1.306878 0.670433 2.007974 0.963358 0.798300 0.879630 0.927291 1.838116 1.796686 1.369602 1.602686 1.812444 1.971959 1.818678 1.274323 1.086334 0.849366 1.291770 1.405993 
1.317805 1.233642 1.338163 1.763294 1.370091 1.629053 1.326101 1.504791 1.222378 1.362519 0.698566 2.089740 1.003534 0.835603 0.921947 0.968943 1.914824 1.874487 1.433997 1.672618 1.879653 2.056016 1.899125 1.327544 1.138534 0.889390 1.345428 1.461422 
1.369771 1.287072 1.393072 1.826512 1.415111 1.692888 1.369154 1.565625 1.271632 1.418691 0.727024 2.171744 1.044098 0.873526 0.964864 1.011020 1.991922 1.952863 1.499351 1.743186 1.946639 2.140707 1.980350 1.381124 1.191528 0.929953 1.399476 1.516977 
1.421943 1.341084 1.448490 1.889624 1.459913 1.756974 1.412036 1.626787 1.321353 1.475392 0.755811 2.253956 1.085055 0.912073 1.008367 1.053512 2.069386 2.031788 1.565657 1.814378 2.013387 2.226014 2.062331 1.435055 1.245301 0.971045 1.453912 1.572645 
1.474308 1.395663 1.504412 1.952623 1.504508 1.821302 1.454769 1.688262 1.371549 1.532618 0.784933 2.336345 1.126408 0.951247 1.052447 1.096409 2.147194 2.111232 1.632906 1.886179 2.079881 2.311921 2.145051 1.489325 1.299838 1.012655 1.508735 1.628417 
1.526852 1.450795 1.560833 2.015503 1.548905 1.885861 1.497378 1.750039 1.422226 1.590367 0.814396 2.418881 1.168162 0.991052 1.097091 1.139697 2.225323 2.191167 1.701087 1.958572 2.146107 2.398411 2.228488 1.543924 1.355125 1.054772 1.563945 1.684283 
1.579563 1.506466 1.617747 2.078262 1.593117 1.950641 1.539888 1.812105 1.473392 1.648637 0.844204 2.501536 1.210321 1.031489 1.142286 1.183367 2.303752 2.271564 1.770189 2.031543 2.212054 2.485466 2.312622 1.598841 1.411145 1.097387 1.619541 1.740235 
1.632428 1.562658 1.675146 2.140897 1.637157 2.015634 1.582326 1.874447 1.525055 1.707425 0.874362 2.584281 1.252889 1.072561 1.188021 1.227408 2.382458 2.352393 1.840200 2.105076 2.277711 2.573071 2.397433 1.654065 1.467880 1.140485 1.675523 1.796263 
1.685434 1.619356 1.733024 2.203406 1.681039 2.080830 1.624723 1.937055 1.577222 1.766729 0.904875 2.667086 1.295870 1.114271 1.234283 1.271806 2.461422 2.433624 1.911109 2.179157 2.343069 2.661208 2.482899 1.709585 1.525313 1.184057 1.731893 1.852359 
1.738570 1.676541 1.791372 2.265791 1.724778 2.146223 1.667110 1.999917 1.629902 1.826545 0.935747 2.749924 1.339269 1.156619 1.281058 1.316552 2.540620 2.515228 1.982903 2.253770 2.408120 2.749861 2.569000 1.765390 1.583422 1.228089 1.788651 1.908517 
1.791823 1.734196 1.850183 2.328052 1.768392 2.211805 1.709520 2.063023 1.683104 1.886871 0.966983 2.832767 1.383090 1.199609 1.328334 1.361633 2.620035 2.597174 2.055566 2.328898 2.472859 2.839015 2.655715 1.821469 1.642189 1.272570 1.845799 1.964729 
1.845182 1.792302 1.909447 2.390193 1.811899 2.277570 1.751989 2.126363 1.736835 1.947704 0.998587 2.915587 1.427338 1.243241 1.376096 1.407037 2.699644 2.679431 2.129085 2.404527 2.537281 2.928652 2.743022 1.877812 1.701592 1.317485 1.903340 2.020989 
1.898635 1.850840 1.969157 2.452217 1.855318 2.343512 1.794554 2.189928 1.791105 2.009040 1.030563 2.998357 1.472016 1.287516 1.424332 1.452753 2.779428 2.761967 2.203443 2.480640 2.601383 3.018759 2.830898 1.934405 1.761609 1.362822 1.961276 2.077291 
1.952172 1.909788 2.029301 2.514131 1.898670 2.409627 1.837255 2.253708 1.845924 2.070877 1.062915 3.081049 1.517128 1.332435 1.473026 1.498769 2.859368 2.844751 2.278626 2.557222 2.665163 3.109318 2.919323 1.991239 1.822217 1.408568 2.019610 2.133629 
2.005781 1.969125 2.089869 2.575941 1.941977 2.475910 1.880132 2.317696 1.901301 2.133212 1.095646 3.163638 1.562681 1.377999 1.522165 1.545073 2.939444 2.927752 2.354615 2.634256 2.728623 3.200314 3.008274 2.048302 1.883391 1.454707 2.078345 2.190001 
2.059452 2.028831 2.150852 2.637655 1.985263 2.542358 1.923229 2.381883 1.957244 2.196040 1.128761 3.246097 1.608676 1.424206 1.571735 1.591653 3.019638 3.010936 2.431393 2.711726 2.791762 3.291733 3.097728 2.105581 1.945107 1.501226 2.137487 2.246400 
2.113173 2.088882 2.212237 2.699284 2.028551 2.608966 1.966591 2.446263 2.013766 2.259359 1.162263 3.328400 1.655120 1.471059 1.621719 1.638496 3.099932 3.094271 2.508941 2.789616 2.854585 3.383559 3.187662 2.163067 2.007339 1.548111 2.197039 2.302824 
2.166936 2.149254 2.274013 2.760837 2.071869 2.675735 2.010264 2.510828 2.070875 2.323165 1.196154 3.410521 1.702017 1.518555 1.672104 1.685590 3.180307 3.177723 2.587240 2.867910 2.917096 3.475776 3.278055 2.220746 2.070060 1.595345 2.257007 2.359270 
2.220729 2.209925 2.336168 2.822328 2.115242 2.742661 2.054299 2.575572 2.128582 2.387454 1.230439 3.492436 1.749370 1.566694 1.722873 1.732924 3.260745 3.261260 2.666270 2.946590 2.979301 3.568371 3.368881 2.278606 2.133243 1.642914 2.317396 2.415736 
2.274543 2.270869 2.398688 2.883769 2.158699 2.809743 2.098745 2.640490 2.186898 2.452224 1.265120 3.574120 1.797185 1.615476 1.774012 1.780483 3.341229 3.344848 2.746010 3.025640 3.041208 3.661328 3.460119 2.336637 2.196857 1.690801 2.378212 2.472219 
2.328369 2.332060 2.461561 2.945176 2.202269 2.876982 2.143655 2.705576 2.245834 2.517469 1.300199 3.655547 1.845466 1.664898 1.825503 1.828257 3.421742 3.428452 2.826438 3.105044 3.102826 3.754633 3.551744 2.394826 2.260875 1.738991 2.439462 2.528718 
2.382197 2.393473 2.524773 3.006564 2.245985 2.944378 2.189085 2.770825 2.305401 2.583186 1.335681 3.736694 1.894217 1.714960 1.877331 1.876231 3.502268 3.512037 2.907532 3.184784 3.164165 3.848271 3.643732 2.453160 2.325265 1.787468 2.501153 2.585233 
2.436018 2.455080 2.588310 3.067952 2.289877 3.011931 2.235091 2.836233 2.365611 2.649372 1.371566 3.817537 1.943443 1.765660 1.929480 1.924394 3.582790 3.595569 2.989269 3.264843 3.225238 3.942229 3.736060 2.511628 2.389995 1.836214 2.563291 2.641764 
2.489823 2.516853 2.652156 3.129357 2.333979 3.079645 2.281731 2.901797 2.426476 2.716022 1.407858 3.898052 1.993149 1.816995 1.981932 1.972733 3.663292 3.679013 3.071625 3.345205 3.286057 4.036493 3.828702 2.570218 2.455034 1.885212 2.625886 2.698310 
2.543604 2.578765 2.716297 3.190801 2.378326 3.147520 2.329066 2.967513 2.488007 2.783132 1.444559 3.978216 2.043338 1.868963 2.034671 2.021234 3.743758 3.762332 3.154575 3.425851 3.346640 4.131048 3.921634 2.628916 2.520347 1.934445 2.688945 2.754874 
2.597353 2.640785 2.780717 3.252305 2.422954 3.215560 2.377158 3.033379 2.550216 2.850697 1.481670 4.058006 2.094017 1.921562 2.087680 2.069885 3.824174 3.845491 3.238093 3.506765 3.407001 4.225881 4.014832 2.687711 2.585901 1.983894 2.752478 2.811456 
2.651061 2.702884 2.845400 3.313891 2.467900 3.283770 2.426073 3.099392 2.613117 2.918715 1.519194 4.137400 2.145188 1.974788 2.140940 2.118672 3.904524 3.928453 3.322153 3.587929 3.467160 4.320979 4.108269 2.746590 2.651659 2.033543 2.816493 2.868059 
2.704720 2.765032 2.910328 3.375584 2.513203 3.352152 2.475875 3.165551 2.676722 2.987179 1.557133 4.216376 2.196858 2.028638 2.194434 2.167582 3.984793 4.011182 3.406729 3.669326 3.527135 4.416328 4.201922 2.805540 2.717587 2.083371 2.881001 2.924685 
2.758323 2.827196 2.975484 3.437409 2.558902 3.420713 2.526635 3.231855 2.741044 3.056086 1.595487 4.294911 2.249030 2.083108 2.248144 2.216602 4.064968 4.093640 3.491792 3.750937 3.586949 4.511914 4.295763 2.864548 2.783646 2.133361 2.946012 2.981337 
2.811862 2.889345 3.040851 3.499393 2.605038 3.489458 2.578420 3.298302 2.806095 3.125431 1.634259 4.372985 2.301709 2.138196 2.302052 2.265719 4.145035 4.175790 3.577314 3.832746 3.646624 4.607726 4.389768 2.923602 2.849799 2.183492 3.011537 3.038020 
2.865330 2.951446 3.106411 3.561564 2.651654 3.558393 2.631305 3.364894 2.871891 3.195210 1.673449 4.450575 2.354901 2.193896 2.356138 2.314919 4.224979 4.257593 3.663266 3.914733 3.706184 4.703749 4.483910 2.982689 2.916006 2.233746 3.077587 3.094737 
2.918721 3.013465 3.172144 3.623952 2.698794 3.627526 2.685362 3.431631 2.938444 3.265417 1.713060 4.527662 2.408609 2.250204 2.410385 2.364188 4.304789 4.339013 3.749617 3.996881 3.765654 4.799972 4.578163 3.041795 2.982228 2.284102 3.144173 3.151494 
2.972028 3.075367 3.238032 3.686587 2.746501 3.696864 2.740668 3.498512 3.005769 3.336049 1.753091 4.604224 2.462838 2.307116 2.464772 2.413513 4.384451 4.420009 3.836336 4.079171 3.825063 4.896382 4.672500 3.100908 3.048423 2.334540 3.211309 3.208297 
3.025243 3.137119 3.304054 3.749502 2.794823 3.766416 2.797301 3.565541 3.073880 3.407099 1.793543 4.680242 2.517594 2.364627 2.519281 2.462880 4.463952 4.500544 3.923393 4.161586 3.884439 4.992966 4.766894 3.160014 3.114550 2.385039 3.279007 3.265150 
3.078361 3.198682 3.370191 3.812730 2.843806 3.836191 2.855340 3.632719 3.142791 3.478563 1.834418 4.755696 2.572880 2.422731 2.573891 2.512275 4.543281 4.580577 4.010754 4.244107 3.943812 5.089713 4.861319 3.219100 3.180566 2.435578 3.347280 3.322061 
3.131377 3.260023 3.436420 3.876305 2.893499 3.906199 2.914868 3.700048 3.212517 3.550436 1.875716 4.830565 2.628703 2.481423 2.628584 2.561684 4.622426 4.660069 4.098386 4.326715 4.003213 5.186610 4.955747 3.278153 3.246427 2.486136 3.416141 3.379037 
3.184283 3.321101 3.502722 3.940264 2.943952 3.976450 2.975968 3.767531 3.283073 3.622713 1.917436 4.904832 2.685066 2.540696 2.683337 2.611094 4.701375 4.738980 4.186255 4.409392 4.062677 5.283645 5.050151 3.337160 3.312089 2.536692 3.485605 3.436086 
3.237076 3.381881 3.569075 4.004644 2.995217 4.046955 3.038726 3.835172 3.354475 3.695388 1.959580 4.978478 2.741974 2.600546 2.738132 2.660489 4.780117 4.817270 4.274327 4.492119 4.122238 5.380806 5.144503 3.396105 3.377505 2.587222 3.555687 3.493216 
3.289748 3.442323 3.635455 4.069484 3.047346 4.117726 3.103229 3.902975 3.426737 3.768456 2.002147 5.051483 2.799432 2.660965 2.792947 2.709856 4.858642 4.894897 4.362566 4.574877 4.181932 5.478083 5.238774 3.454977 3.442629 2.637705 3.626402 3.550435 
3.342297 3.502387 3.701841 4.134824 3.100392 4.188776 3.169566 3.970945 3.499876 3.841912 2.045138 5.123830 2.857446 2.721947 2.847762 2.759180 4.936939 4.971820 4.450935 4.657646 4.241797 5.575464 5.332937 3.513761 3.507414 2.688118 3.697765 3.607754 
3.394715 3.562033 3.768208 4.200706 3.154410 4.260117 3.237830 4.039086 3.573908 3.915750 2.088551 5.195501 2.916020 2.783485 2.902554 2.808447 5.014998 5.047999 4.539399 4.740409 4.301873 5.672936 5.426963 3.572444 3.571812 2.738438 3.769792 3.665182 
3.447000 3.621221 3.834534 4.267171 3.209458 4.331764 3.308114 4.107405 3.648850 3.989964 2.132387 5.266479 2.975158 2.845571 2.957302 2.857642 5.092809 5.123390 4.627918 4.823145 4.362200 5.770491 5.520824 3.631010 3.635772 2.788640 3.842501 3.722730 
3.499147 3.679908 3.900793 4.334265 3.265591 4.403730 3.380513 4.175907 3.724716 4.064549 2.176644 5.336746 3.034867 2.908198 3.011985 2.906752 5.170364 5.197952 4.716455 4.905836 4.422820 5.868116 5.614490 3.689447 3.699245 2.838702 3.915907 3.780408 
3.551151 3.738052 3.966961 4.402033 3.322870 4.476032 3.455124 4.244599 3.801525 4.139500 2.221323 5.406285 3.095150 2.971359 3.066581 2.955760 5.247654 5.271641 4.804970 4.988461 4.483778 5.965800 5.707932 3.747741 3.762179 2.888600 3.990029 3.838230 
3.603009 3.795610 4.033013 4.470520 3.381353 4.548684 3.532046 4.313488 3.879294 4.214809 2.266422 5.475081 3.156014 3.035045 3.121066 3.004653 5.324669 5.344416 4.893422 5.071001 4.545119 6.063534 5.801121 3.805876 3.824522 2.938308 4.064884 3.896206 
3.654717 3.852537 4.098922 4.539777 3.441104 4.621703 3.611381 4.382582 3.958039 4.290471 2.311940 5.543118 3.217462 3.099247 3.175418 3.053415 5.401401 5.416232 4.981772 5.153437 4.606889 6.161307 5.894027 3.863840 3.886221 2.987801 4.140491 3.954349 
3.706272 3.908790 4.164663 4.609850 3.502183 4.695107 3.693231 4.451889 4.037778 4.366480 2.357877 5.610378 3.279500 3.163958 3.229615 3.102031 5.477843 5.487046 5.069977 5.235749 4.669138 6.259108 5.986620 3.921616 3.947222 3.037056 4.216870 4.012674 
3.757671 3.964322 4.230209 4.680792 3.564655 4.768914 3.777702 4.521417 4.118530 4.442830 2.404229 5.676848 3.342133 3.229168 3.283634 3.150487 5.553987 5.556814 5.157995 5.317916 4.731915 6.356928 6.078870 3.979192 4.007470 3.086045 4.294038 4.071193 
3.808911 4.019088 4.295532 4.752655 3.628585 4.843141 3.864900 4.591177 4.200311 4.519515 2.450997 5.742512 3.405367 3.294868 3.337450 3.198767 5.629825 5.625490 5.245782 5.399918 4.795271 6.454756 6.170747 4.036552 4.066909 3.134743 4.372018 4.129921 
3.859989 4.073040 4.360604 4.825491 3.694040 4.917807 3.954934 4.661177 4.283141 4.596528 2.498179 5.807355 3.469205 3.361048 3.391040 3.246856 5.705352 5.693031 5.333295 5.481737 4.859259 6.552584 6.262220 4.093681 4.125482 3.183124 4.450827 4.188874 
3.910903 4.126131 4.425398 4.899356 3.761087 4.992934 4.047916 4.731428 4.367038 4.673863 2.545772 5.871362 3.533653 3.427698 3.444380 3.294738 5.780560 5.759391 5.420489 5.563350 4.923934 6.650400 6.353258 4.150566 4.183131 3.231160 4.530489 4.248067 
3.961650 4.178313 4.489883 4.974305 3.829795 5.068541 4.143957 4.801941 4.452021 4.751513 2.593774 5.934521 3.598717 3.494809 3.497446 3.342399 5.855443 5.824524 5.507319 5.644738 4.989352 6.748196 6.443829 4.207191 4.239798 3.278826 4.611023 4.307516 
4.012229 4.229537 4.554032 5.050396 3.900234 5.144649 4.243172 4.872727 4.538108 4.829472 2.642185 5.996817 3.664402 3.562371 3.550213 3.389822 5.929996 5.888385 5.593738 5.725880 5.055570 6.845963 6.533904 4.263540 4.295422 3.326094 4.692452 4.367238 
4.062638 4.279751 4.617813 5.127687 3.972476 5.221280 4.345679 4.943797 4.625320 4.907733 2.691000 6.058236 3.730712 3.630371 3.602656 3.436992 6.004212 5.950927 5.679699 5.806756 5.122647 6.943692 6.623449 4.319600 4.349944 3.372935 4.774799 4.427250 
4.112875 4.328907 4.681198 5.206239 4.046594 5.298457 4.451595 5.015165 4.713675 4.986290 2.740218 6.118766 3.797653 3.698800 3.654751 3.483893 6.078088 6.012103 5.765155 5.887344 5.190643 7.041373 6.712434 4.375355 4.403301 3.419323 4.858085 4.487570 
4.162940 4.376953 4.744154 5.286112 4.122661 5.376203 4.561040 5.086843 4.803194 5.065135 2.789837 6.178394 3.865230 3.767647 3.706472 3.530510 6.151618 6.071866 5.850056 5.967625 5.259621 7.138997 6.800826 4.430790 4.455431 3.465228 4.942334 4.548217 
4.212830 4.423836 4.806650 5.367370 4.200753 5.454542 4.674138 5.158844 4.893896 5.144261 2.839852 6.237108 3.933449 3.836899 3.757793 3.576826 6.224798 6.130170 5.934353 6.047576 5.329644 7.236557 6.888593 4.485889 4.506270 3.510622 5.027570 4.609208 
4.262547 4.469504 4.868655 5.450075 4.280947 5.533498 4.791013 5.231182 4.985803 5.223662 2.890263 6.294895 4.002314 3.906545 3.808689 3.622825 6.297623 6.186965 6.017997 6.127177 5.400778 7.334044 6.975701 4.540637 4.555754 3.555475 5.113818 4.670565 
4.312088 4.513904 4.930136 5.534295 4.363320 5.613096 4.911790 5.303872 5.078933 5.303330 2.941065 6.351744 4.071831 3.976573 3.859133 3.668492 6.370091 6.242204 6.100936 6.206407 5.473087 7.431449 7.062120 4.595019 4.603818 3.599759 5.201101 4.732307 
4.361454 4.556980 4.991061 5.620094 4.447951 5.693363 5.036598 5.376928 5.173309 5.383259 2.992254 6.407644 4.142005 4.046970 3.909100 3.713810 6.442197 6.295839 6.183119 6.285244 5.546641 7.528764 7.147814 4.649019 4.650396 3.643443 5.289446 4.794454 
4.410644 4.598679 5.051396 5.707542 4.534921 5.774324 5.165566 5.450367 5.268951 5.463440 3.043829 6.462584 4.212841 4.117724 3.958561 3.758763 6.513939 6.347819 6.264493 6.363666 5.621510 7.625982 7.232752 4.702621 4.695420 3.686497 5.378877 4.857028 
4.459660 4.638943 5.111106 5.796707 4.624311 5.856007 5.298828 5.524203 5.365881 5.543866 3.095785 6.516552 4.284346 4.188822 4.007491 3.803335 6.585314 6.398097 6.345006 6.441653 5.697763 7.723094 7.316900 4.755810 4.738822 3.728891 5.469421 4.920051 
4.508500 4.677718 5.170159 5.887660 4.716204 5.938441 5.436517 5.598453 5.464120 5.624531 3.148119 6.569539 4.356523 4.260251 4.055862 3.847508 6.656320 6.446623 6.424602 6.519183 5.775474 7.820094 7.400223 4.808570 4.780533 3.770594 5.561104 4.983545 
4.557167 4.714945 5.228518 5.980473 4.810685 6.021652 5.578769 5.673135 5.563690 5.705426 3.200827 6.621535 4.429379 4.331996 4.103647 3.891267 6.726955 6.493346 6.503228 6.596233 5.854717 7.916973 7.482688 4.860885 4.820483 3.811575 5.653954 5.047532 
NaN NaN NaN NaN NaN NaN NaN NaN NaN NaN NaN NaN NaN NaN NaN NaN NaN NaN NaN NaN NaN NaN NaN NaN NaN NaN NaN NaN 
NaN NaN NaN NaN NaN NaN NaN NaN NaN NaN NaN NaN NaN NaN NaN NaN NaN NaN NaN NaN NaN NaN NaN NaN NaN NaN NaN NaN 
NaN NaN NaN NaN NaN NaN NaN NaN NaN NaN NaN NaN NaN NaN NaN NaN NaN NaN NaN NaN NaN NaN NaN NaN NaN NaN NaN NaN 
NaN NaN NaN NaN NaN NaN NaN NaN NaN NaN NaN NaN NaN NaN NaN NaN NaN NaN NaN NaN NaN NaN NaN NaN NaN NaN NaN NaN 
