NaN NaN NaN NaN NaN NaN NaN NaN NaN NaN NaN NaN NaN NaN NaN NaN NaN NaN NaN NaN NaN 
NaN NaN NaN NaN NaN NaN NaN NaN NaN NaN NaN NaN NaN NaN NaN NaN NaN NaN NaN NaN NaN 
NaN NaN NaN NaN NaN NaN NaN NaN NaN NaN NaN NaN NaN NaN NaN NaN NaN NaN NaN NaN NaN 
NaN NaN NaN NaN NaN NaN NaN NaN NaN NaN NaN NaN NaN NaN NaN NaN NaN NaN NaN NaN NaN 
NaN NaN NaN NaN NaN NaN NaN NaN NaN NaN NaN NaN NaN NaN NaN NaN NaN NaN NaN NaN NaN 
-0.178705 -0.427472 -1.085167 -1.437152 -0.866229 -0.765547 -1.125181 -0.989236 -1.019257 -0.882047 -0.961058 -0.441580 -0.691636 -0.829453 -1.029745 -1.024554 -0.856496 -1.335698 -0.901878 -0.531322 -0.943042 
-0.208911 -0.439487 -1.117899 -1.451996 -0.884320 -0.771308 -1.154078 -1.016305 -1.037475 -0.910513 -0.984872 -0.488649 -0.711641 -0.853588 -1.001998 -1.047173 -0.883288 -1.334219 -0.892961 -0.613862 -1.015846 
-0.237911 -0.450461 -1.147380 -1.464286 -0.900617 -0.776272 -1.180363 -1.041041 -1.053665 -0.936229 -1.006032 -0.532184 -0.729975 -0.875535 -0.975376 -1.067067 -0.907550 -1.331442 -0.883583 -0.690330 -1.083315 
-0.265686 -0.460410 -1.173683 -1.474077 -0.915147 -0.780430 -1.204072 -1.063473 -1.067859 -0.959257 -1.024603 -0.572277 -0.746653 -0.895329 -0.949816 -1.084307 -0.929335 -1.327386 -0.873754 -0.760891 -1.145565 
-0.292217 -0.469345 -1.196880 -1.481423 -0.927934 -0.783780 -1.225240 -1.083627 -1.080089 -0.979661 -1.040647 -0.609016 -0.761696 -0.913004 -0.925256 -1.098963 -0.948696 -1.322067 -0.863481 -0.825710 -1.202706 
-0.317489 -0.477281 -1.217044 -1.486377 -0.939001 -0.786314 -1.243901 -1.101531 -1.090385 -0.997503 -1.054228 -0.642492 -0.775121 -0.928595 -0.901638 -1.111103 -0.965683 -1.315505 -0.852772 -0.884947 -1.254850 
-0.341485 -0.484230 -1.234245 -1.488994 -0.948373 -0.788028 -1.260089 -1.117212 -1.098779 -1.012843 -1.065408 -0.672793 -0.786946 -0.942135 -0.878902 -1.120796 -0.980347 -1.307717 -0.841634 -0.938762 -1.302106 
-0.364188 -0.490205 -1.248554 -1.489325 -0.956073 -0.788918 -1.273838 -1.130697 -1.105300 -1.025742 -1.074248 -0.700004 -0.797188 -0.953658 -0.856990 -1.128109 -0.992739 -1.298720 -0.830074 -0.987313 -1.344583 
-0.385585 -0.495219 -1.260039 -1.487423 -0.962123 -0.788977 -1.285182 -1.142012 -1.109979 -1.036259 -1.080808 -0.724211 -0.805866 -0.963198 -0.835845 -1.133109 -1.002908 -1.288531 -0.818098 -1.030755 -1.382388 
-0.405660 -0.499286 -1.268769 -1.483339 -0.966549 -0.788202 -1.294154 -1.151185 -1.112845 -1.044453 -1.085150 -0.745500 -0.812997 -0.970787 -0.815409 -1.135859 -1.010903 -1.277168 -0.805715 -1.069241 -1.415627 
-0.424400 -0.502417 -1.274812 -1.477122 -0.969370 -0.786587 -1.300787 -1.158241 -1.113928 -1.050380 -1.087330 -0.763952 -0.818600 -0.976461 -0.795626 -1.136425 -1.016772 -1.264648 -0.792929 -1.102921 -1.444403 
-0.441791 -0.504626 -1.278234 -1.468825 -0.970611 -0.784128 -1.305114 -1.163207 -1.113256 -1.054099 -1.087408 -0.779649 -0.822692 -0.980250 -0.776443 -1.134870 -1.020563 -1.250986 -0.779747 -1.131945 -1.468822 
-0.457822 -0.505925 -1.279101 -1.458494 -0.970293 -0.780822 -1.307166 -1.166109 -1.110859 -1.055664 -1.085442 -0.792674 -0.825291 -0.982189 -0.757803 -1.131256 -1.022323 -1.236201 -0.766175 -1.156459 -1.488983 
-0.472480 -0.506326 -1.277479 -1.446181 -0.968439 -0.776663 -1.306976 -1.166973 -1.106765 -1.055132 -1.081487 -0.803105 -0.826415 -0.982309 -0.739655 -1.125643 -1.022099 -1.220308 -0.752217 -1.176607 -1.504989 
-0.485755 -0.505842 -1.273430 -1.431931 -0.965068 -0.771647 -1.304577 -1.165825 -1.101001 -1.052555 -1.075600 -0.811020 -0.826082 -0.980644 -0.721946 -1.118093 -1.019937 -1.203323 -0.737881 -1.192533 -1.516939 
-0.497636 -0.504486 -1.267019 -1.415793 -0.960203 -0.765771 -1.299998 -1.162691 -1.093596 -1.047988 -1.067836 -0.816498 -0.824310 -0.977225 -0.704623 -1.108665 -1.015881 -1.185262 -0.723170 -1.204376 -1.524931 
-0.508112 -0.502268 -1.258308 -1.397814 -0.953865 -0.759030 -1.293272 -1.157597 -1.084576 -1.041484 -1.058248 -0.819614 -0.821116 -0.972084 -0.687636 -1.097416 -1.009977 -1.166142 -0.708089 -1.212275 -1.529062 
-0.517176 -0.499202 -1.247358 -1.378039 -0.946075 -0.751422 -1.284429 -1.150567 -1.073968 -1.033093 -1.046892 -0.820444 -0.816518 -0.965254 -0.670935 -1.084405 -1.002268 -1.145978 -0.692643 -1.216364 -1.529428 
-0.524818 -0.495300 -1.234230 -1.356514 -0.936852 -0.742941 -1.273500 -1.141627 -1.061800 -1.022868 -1.033819 -0.819060 -0.810535 -0.956765 -0.654470 -1.069688 -0.992798 -1.124785 -0.676836 -1.216779 -1.526124 
-0.531031 -0.490573 -1.218985 -1.333283 -0.926216 -0.733586 -1.260515 -1.130803 -1.048098 -1.010857 -1.019081 -0.815537 -0.803183 -0.946650 -0.638193 -1.053319 -0.981611 -1.102578 -0.660672 -1.213651 -1.519242 
-0.535808 -0.485033 -1.201681 -1.308392 -0.914188 -0.723352 -1.245503 -1.118118 -1.032886 -0.997110 -1.002731 -0.809945 -0.794480 -0.934940 -0.622056 -1.035355 -0.968747 -1.079374 -0.644155 -1.207109 -1.508875 
-0.539142 -0.478692 -1.182376 -1.281882 -0.900787 -0.712236 -1.228496 -1.103598 -1.016191 -0.981676 -0.984817 -0.802354 -0.784445 -0.921666 -0.606012 -1.015847 -0.954249 -1.055186 -0.627289 -1.197281 -1.495113 
-0.541027 -0.471561 -1.161127 -1.253798 -0.886033 -0.700235 -1.209521 -1.087268 -0.998039 -0.964602 -0.965391 -0.792835 -0.773095 -0.906858 -0.590015 -0.994848 -0.938157 -1.030030 -0.610076 -1.184292 -1.478047 
-0.541458 -0.463653 -1.137992 -1.224181 -0.869943 -0.687347 -1.188608 -1.069153 -0.978454 -0.945934 -0.944501 -0.781455 -0.760447 -0.890548 -0.574021 -0.972411 -0.920513 -1.003920 -0.592519 -1.168265 -1.457763 
-0.540431 -0.454978 -1.113025 -1.193073 -0.852537 -0.673567 -1.165786 -1.049275 -0.957460 -0.925719 -0.922194 -0.768280 -0.746520 -0.872765 -0.557984 -0.948585 -0.901356 -0.976871 -0.574622 -1.149321 -1.434350 
-0.537942 -0.445548 -1.086282 -1.160515 -0.833834 -0.658895 -1.141083 -1.027661 -0.935082 -0.904001 -0.898519 -0.753377 -0.731331 -0.853541 -0.541861 -0.923420 -0.880724 -0.948896 -0.556387 -1.127579 -1.407892 
-0.533988 -0.435375 -1.057817 -1.126548 -0.813851 -0.643326 -1.114527 -1.004333 -0.911343 -0.880825 -0.873523 -0.736810 -0.714898 -0.832905 -0.525610 -0.896964 -0.858658 -0.920011 -0.537816 -1.103156 -1.378475 
-0.528565 -0.424468 -1.027681 -1.091209 -0.792605 -0.626859 -1.086146 -0.979316 -0.886268 -0.856234 -0.847250 -0.718643 -0.697238 -0.810888 -0.509188 -0.869266 -0.835193 -0.890228 -0.518911 -1.076166 -1.346181 
-0.521673 -0.412841 -0.995929 -1.054540 -0.770115 -0.609491 -1.055967 -0.952634 -0.859879 -0.830270 -0.819746 -0.698937 -0.678369 -0.787518 -0.492554 -0.840372 -0.810369 -0.859561 -0.499674 -1.046722 -1.311093 
-0.513310 -0.400502 -0.962611 -1.016577 -0.746398 -0.591220 -1.024019 -0.924310 -0.832199 -0.802975 -0.791055 -0.677754 -0.658309 -0.762826 -0.475667 -0.810326 -0.784222 -0.828024 -0.480106 -1.014935 -1.273291 
-0.503476 -0.387464 -0.927777 -0.977359 -0.721471 -0.572045 -0.990327 -0.894367 -0.803251 -0.774390 -0.761221 -0.655153 -0.637075 -0.736841 -0.458490 -0.779175 -0.756787 -0.795631 -0.460209 -0.980911 -1.232855 
-0.492170 -0.373737 -0.891478 -0.936923 -0.695350 -0.551962 -0.954918 -0.862830 -0.773057 -0.744555 -0.730287 -0.631194 -0.614685 -0.709593 -0.440981 -0.746962 -0.728101 -0.762393 -0.439983 -0.944758 -1.189862 
-0.479394 -0.359332 -0.853761 -0.895304 -0.668051 -0.530970 -0.917818 -0.829721 -0.741638 -0.713509 -0.698294 -0.605933 -0.591157 -0.681109 -0.423105 -0.713729 -0.698198 -0.728326 -0.419429 -0.906579 -1.144390 
-0.465149 -0.344260 -0.814676 -0.852540 -0.639592 -0.509068 -0.879054 -0.795063 -0.709016 -0.681289 -0.665284 -0.579428 -0.566508 -0.651419 -0.404823 -0.679519 -0.667112 -0.693440 -0.398547 -0.866476 -1.096514 
-0.449437 -0.328530 -0.774269 -0.808664 -0.609987 -0.486254 -0.838651 -0.758879 -0.675213 -0.647934 -0.631298 -0.551733 -0.540755 -0.620552 -0.386100 -0.644371 -0.634878 -0.657749 -0.377339 -0.824548 -1.046309 
-0.432260 -0.312155 -0.732587 -0.763712 -0.579251 -0.462526 -0.796635 -0.721192 -0.640248 -0.613480 -0.596373 -0.522902 -0.513917 -0.588535 -0.366901 -0.608327 -0.601528 -0.621266 -0.355803 -0.780893 -0.993847 
-0.413623 -0.295142 -0.689674 -0.717717 -0.547402 -0.437884 -0.753030 -0.682024 -0.604143 -0.577963 -0.560551 -0.492989 -0.486010 -0.555398 -0.347189 -0.571424 -0.567094 -0.584002 -0.333939 -0.735607 -0.939202 
-0.393530 -0.277505 -0.645576 -0.670712 -0.514452 -0.412325 -0.707862 -0.641399 -0.566917 -0.541417 -0.523868 -0.462045 -0.457053 -0.521168 -0.326933 -0.533700 -0.531610 -0.545969 -0.311747 -0.688783 -0.882443 
-0.371984 -0.259251 -0.600336 -0.622730 -0.480417 -0.385850 -0.661154 -0.599337 -0.528591 -0.503877 -0.486363 -0.430121 -0.427062 -0.485873 -0.306098 -0.495193 -0.495105 -0.507180 -0.289226 -0.640511 -0.823639 
-0.348992 -0.240392 -0.553998 -0.573802 -0.445311 -0.358456 -0.612932 -0.555862 -0.489183 -0.465375 -0.448071 -0.397266 -0.396056 -0.449540 -0.284653 -0.455938 -0.457611 -0.467646 -0.266375 -0.590881 -0.762860 
-0.324559 -0.220937 -0.506602 -0.523961 -0.409149 -0.330144 -0.563218 -0.510995 -0.448713 -0.425945 -0.409029 -0.363528 -0.364051 -0.412198 -0.262567 -0.415970 -0.419157 -0.427379 -0.243193 -0.539979 -0.700171 
-0.298693 -0.200896 -0.458191 -0.473236 -0.371944 -0.300912 -0.512037 -0.464758 -0.407199 -0.385618 -0.369271 -0.328954 -0.331066 -0.373873 -0.239808 -0.375323 -0.379773 -0.386390 -0.219677 -0.487890 -0.635639 
-0.271401 -0.180279 -0.408804 -0.421657 -0.333709 -0.270761 -0.459412 -0.417173 -0.364660 -0.344423 -0.328831 -0.293591 -0.297117 -0.334592 -0.216347 -0.334030 -0.339488 -0.344691 -0.195827 -0.434697 -0.569327 
-0.242690 -0.159096 -0.358482 -0.369253 -0.294458 -0.239689 -0.405365 -0.368261 -0.321114 -0.302392 -0.287744 -0.257483 -0.262223 -0.294383 -0.192156 -0.292123 -0.298330 -0.302291 -0.171640 -0.380480 -0.501299 
-0.212570 -0.137357 -0.307262 -0.316054 -0.254203 -0.207696 -0.349920 -0.318044 -0.276579 -0.259553 -0.246042 -0.220673 -0.226400 -0.253271 -0.167206 -0.249634 -0.256327 -0.259203 -0.147113 -0.325317 -0.431616 
-0.181050 -0.115070 -0.255182 -0.262087 -0.212958 -0.174782 -0.293098 -0.266543 -0.231071 -0.215934 -0.203756 -0.183204 -0.189666 -0.211284 -0.141471 -0.206591 -0.213505 -0.215436 -0.122244 -0.269284 -0.360340 
-0.148140 -0.092245 -0.202280 -0.207380 -0.170735 -0.140947 -0.234923 -0.213779 -0.184609 -0.171563 -0.160919 -0.145118 -0.152039 -0.168447 -0.114923 -0.163025 -0.169891 -0.171002 -0.097031 -0.212455 -0.287529 
-0.113851 -0.068893 -0.148592 -0.151958 -0.127546 -0.106192 -0.175414 -0.159773 -0.137207 -0.126465 -0.117559 -0.106453 -0.113535 -0.124788 -0.087537 -0.118963 -0.125511 -0.125910 -0.071469 -0.154903 -0.213242 
-0.078193 -0.045021 -0.094152 -0.095849 -0.083402 -0.070516 -0.114594 -0.104546 -0.088884 -0.080667 -0.073708 -0.067250 -0.074173 -0.080331 -0.059288 -0.074432 -0.080389 -0.080171 -0.045557 -0.096697 -0.137535 
-0.041180 -0.020639 -0.038995 -0.039078 -0.038315 -0.033919 -0.052485 -0.048119 -0.039655 -0.034194 -0.029393 -0.027547 -0.033969 -0.035102 -0.030153 -0.029459 -0.034551 -0.033794 -0.019289 -0.037904 -0.060464 
-0.002823 0.004244 0.016846 0.018331 0.007704 0.003597 0.010894 0.009489 0.010465 0.012932 0.015357 0.012622 0.007059 0.010872 -0.000108 0.015932 0.011980 0.013210 0.007338 0.021410 0.017917 
0.036864 0.029618 0.073337 0.076354 0.054643 0.042032 0.075521 0.068256 0.061461 0.060686 0.060515 0.053219 0.048893 0.057567 0.030869 0.061716 0.059180 0.060832 0.034328 0.081183 0.097554 
0.077866 0.055476 0.130447 0.134967 0.102492 0.081386 0.141377 0.128163 0.113316 0.109046 0.106055 0.094211 0.091517 0.104958 0.062800 0.107869 0.107027 0.109064 0.061685 0.141351 0.178397 
0.120170 0.081808 0.188145 0.194146 0.151242 0.121657 0.208441 0.189190 0.166017 0.157992 0.151950 0.135564 0.134913 0.153019 0.095705 0.154370 0.155498 0.157894 0.089414 0.201858 0.260394 
0.163759 0.108605 0.246401 0.253871 0.200881 0.162845 0.276694 0.251316 0.219550 0.207503 0.198176 0.177248 0.179064 0.201726 0.129604 0.201198 0.204573 0.207316 0.117520 0.262645 0.343496 
0.208619 0.135859 0.305185 0.314120 0.251399 0.204948 0.346117 0.314521 0.273900 0.257558 0.244709 0.219230 0.223953 0.251054 0.164516 0.248332 0.254230 0.257318 0.146008 0.323659 0.427655 
0.254732 0.163562 0.364470 0.374871 0.302789 0.247966 0.416690 0.378787 0.329054 0.308139 0.291524 0.261481 0.269561 0.300979 0.200460 0.295753 0.304448 0.307894 0.174883 0.384846 0.512825 
0.302080 0.191705 0.424227 0.436105 0.355039 0.291897 0.488395 0.444094 0.384999 0.359228 0.338601 0.303974 0.315873 0.351477 0.237452 0.343442 0.355210 0.359034 0.204152 0.446156 0.598960 
0.350647 0.220279 0.484430 0.497802 0.408142 0.336739 0.561213 0.510422 0.441721 0.410808 0.385916 0.346679 0.362870 0.402523 0.275510 0.391382 0.406494 0.410731 0.233820 0.507541 0.686016 
0.400413 0.249277 0.545053 0.559943 0.462088 0.382491 0.635127 0.577753 0.499209 0.462863 0.433449 0.389573 0.410536 0.454094 0.314648 0.439557 0.458283 0.462975 0.263893 0.568955 0.773949 
0.451359 0.278690 0.606072 0.622510 0.516870 0.429150 0.710118 0.646066 0.557449 0.515376 0.481179 0.432628 0.458853 0.506167 0.354883 0.487951 0.510559 0.515760 0.294378 0.630353 0.862719 
0.503465 0.308510 0.667461 0.685484 0.572478 0.476716 0.786169 0.715345 0.616431 0.568334 0.529087 0.475823 0.507804 0.558717 0.396228 0.536550 0.563305 0.569076 0.325282 0.691693 0.952284 
0.556711 0.338729 0.729197 0.748850 0.628907 0.525186 0.863264 0.785569 0.676143 0.621723 0.577154 0.519134 0.557372 0.611722 0.438697 0.585341 0.616504 0.622918 0.356611 0.752936 1.042605 
0.611075 0.369340 0.791259 0.812590 0.686147 0.574559 0.941384 0.856720 0.736573 0.675529 0.625362 0.562539 0.607539 0.665158 0.482302 0.634310 0.670140 0.677277 0.388372 0.814045 1.133645 
0.666535 0.400335 0.853624 0.876690 0.744191 0.624830 1.020513 0.928780 0.797711 0.729741 0.673694 0.606018 0.658289 0.719004 0.527054 0.683447 0.724198 0.732145 0.420573 0.874983 1.225366 
0.723069 0.431705 0.916272 0.941134 0.803034 0.676000 1.100636 1.001731 0.859545 0.784347 0.722133 0.649553 0.709605 0.773235 0.572965 0.732740 0.778663 0.787517 0.453223 0.935718 1.317734 
0.780653 0.463444 0.979183 1.005907 0.862667 0.728064 1.181736 1.075554 0.922067 0.839337 0.770664 0.693125 0.761468 0.827829 0.620045 0.782181 0.833521 0.843385 0.486328 0.996217 1.410714 
0.839263 0.495544 1.042337 1.070996 0.923085 0.781020 1.263797 1.150232 0.985266 0.894701 0.819271 0.736718 0.813863 0.882765 0.668302 0.831761 0.888758 0.899742 0.519896 1.056453 1.504273 
0.898876 0.527997 1.105717 1.136388 0.984282 0.834866 1.346804 1.225746 1.049133 0.950430 0.867942 0.780315 0.866772 0.938021 0.717746 0.881472 0.944362 0.956581 0.553938 1.116398 1.598380 
0.959465 0.560796 1.169305 1.202070 1.046252 0.889598 1.430743 1.302080 1.113658 1.006517 0.916661 0.823903 0.920177 0.993573 0.768383 0.931307 1.000319 1.013898 0.588460 1.176027 1.693004 
1.021004 0.593934 1.233084 1.268030 1.108989 0.945214 1.515597 1.379215 1.178833 1.062955 0.965417 0.867467 0.974062 1.049401 0.820221 0.981261 1.056619 1.071685 0.623472 1.235317 1.788115 
1.083468 0.627404 1.297040 1.334258 1.172488 1.001711 1.601354 1.457134 1.244649 1.119737 1.014199 0.910997 1.028410 1.105484 0.873266 1.031329 1.113250 1.129936 0.658984 1.294249 1.883687 
1.146829 0.661198 1.361156 1.400743 1.236745 1.059084 1.687998 1.535820 1.311099 1.176858 1.062994 0.954480 1.083203 1.161799 0.927522 1.081507 1.170202 1.188645 0.695005 1.352803 1.979692 
1.211059 0.695310 1.425420 1.467474 1.301754 1.117331 1.775516 1.615256 1.378175 1.234313 1.111792 0.997908 1.138425 1.218326 0.982994 1.131794 1.227464 1.247808 0.731544 1.410963 2.076105 
1.276129 0.729734 1.489818 1.534444 1.367511 1.176448 1.863894 1.695425 1.445868 1.292100 1.160585 1.041271 1.194059 1.275043 1.039686 1.182186 1.285028 1.307418 0.768612 1.468716 2.172903 
1.342011 0.764461 1.554338 1.601642 1.434012 1.236432 1.953119 1.776310 1.514172 1.350214 1.209364 1.084562 1.250087 1.331931 1.097600 1.232683 1.342884 1.367470 0.806219 1.526049 2.270061 
1.408674 0.799485 1.618968 1.669061 1.501254 1.297279 2.043179 1.857895 1.583081 1.408654 1.258119 1.127775 1.306493 1.388968 1.156737 1.283285 1.401025 1.427959 0.844375 1.582953 2.367558 
1.476088 0.834801 1.683698 1.736694 1.569232 1.358984 2.134059 1.940163 1.652588 1.467419 1.306846 1.170904 1.363259 1.446134 1.217100 1.333994 1.459444 1.488880 0.883091 1.639419 2.465375 
1.544222 0.870401 1.748518 1.804535 1.637944 1.421544 2.225749 2.023098 1.722687 1.526508 1.355536 1.213945 1.420368 1.503409 1.278688 1.384812 1.518133 1.550229 0.922378 1.695442 2.563492 
1.613043 0.906279 1.813420 1.872577 1.707387 1.484954 2.318236 2.106684 1.793372 1.585923 1.404184 1.256896 1.477804 1.560773 1.341501 1.435741 1.577086 1.612001 0.962248 1.751019 2.661891 
1.682520 0.942428 1.878395 1.940814 1.777558 1.549211 2.411509 2.190904 1.864638 1.645663 1.452786 1.299756 1.535550 1.618206 1.405537 1.486786 1.636298 1.674191 1.002712 1.806148 2.760556 
1.752619 0.978843 1.943435 2.009243 1.848454 1.614310 2.505555 2.275744 1.936480 1.705733 1.501337 1.342522 1.593588 1.675689 1.470795 1.537952 1.695763 1.736796 1.043782 1.860831 2.859470 
1.823306 1.015518 2.008536 2.077858 1.920074 1.680246 2.600364 2.361186 2.008893 1.766134 1.549835 1.385197 1.651902 1.733202 1.537270 1.589245 1.755477 1.799811 1.085469 1.915069 2.958621 
1.894548 1.052445 2.073691 2.146658 1.992416 1.747015 2.695925 2.447216 2.081872 1.826871 1.598276 1.427782 1.710475 1.790726 1.604959 1.640672 1.815437 1.863232 1.127786 1.968869 3.057996 
1.966307 1.089620 2.138896 2.215638 2.065478 1.814612 2.792228 2.533818 2.155415 1.887947 1.646659 1.470280 1.769289 1.848242 1.673858 1.692241 1.875639 1.927057 1.170747 2.022237 3.157582 
2.038550 1.127037 2.204146 2.284797 2.139259 1.883031 2.889262 2.620977 2.229517 1.949370 1.694983 1.512694 1.828329 1.905731 1.743960 1.743960 1.936080 1.991280 1.214362 2.075184 3.257369 
2.111239 1.164689 2.269440 2.354134 2.213759 1.952268 2.987017 2.708678 2.304175 2.011146 1.743247 1.555032 1.887576 1.963174 1.815261 1.795841 1.996759 2.055900 1.258647 2.127720 3.357350 
2.184337 1.202572 2.334775 2.423646 2.288976 2.022318 3.085484 2.796906 2.379386 2.073280 1.791453 1.597298 1.947015 2.020554 1.887751 1.847893 2.057674 2.120912 1.303613 2.179858 3.457515 
2.257807 1.240678 2.400149 2.493336 2.364910 2.093176 3.184654 2.885645 2.455148 2.135783 1.839601 1.639501 2.006629 2.077851 1.961424 1.900129 2.118825 2.186315 1.349274 2.231616 3.557858 
2.331609 1.279004 2.465563 2.563202 2.441561 2.164835 3.284517 2.974882 2.531458 2.198662 1.887694 1.681649 2.066399 2.135049 2.036271 1.952561 2.180211 2.252105 1.395645 2.283011 3.658374 
2.405706 1.317544 2.531017 2.633245 2.518929 2.237290 3.385065 3.064602 2.608314 2.261928 1.935735 1.723752 2.126311 2.192128 2.112282 2.005204 2.241833 2.318279 1.442739 2.334062 3.759058 
2.480056 1.356292 2.596513 2.703469 2.597015 2.310536 3.486289 3.154790 2.685714 2.325591 1.983727 1.765822 2.186346 2.249071 2.189447 2.058072 2.303692 2.384836 1.490571 2.384793 3.859909 
2.554620 1.395243 2.662051 2.773874 2.675820 2.384567 3.588182 3.245432 2.763658 2.389663 2.031674 1.807871 2.246489 2.305861 2.267754 2.111180 2.365790 2.451772 1.539155 2.435227 3.960925 
2.629356 1.434392 2.727637 2.844465 2.755344 2.459376 3.690735 3.336515 2.842145 2.454155 2.079583 1.849912 2.306722 2.362481 2.347192 2.164547 2.428128 2.519087 1.588506 2.485391 4.062105 
2.704224 1.473734 2.793272 2.915244 2.835590 2.534959 3.793942 3.428023 2.921173 2.519082 2.127458 1.891960 2.367028 2.418912 2.427747 2.218189 2.490710 2.586778 1.638639 2.535313 4.163451 
2.779179 1.513265 2.858963 2.986216 2.916558 2.611308 3.897794 3.519944 3.000744 2.584457 2.175307 1.934031 2.427391 2.475140 2.509406 2.272125 2.553540 2.654843 1.689570 2.585025 4.264964 
2.854180 1.552978 2.924715 3.057387 2.998250 2.688417 4.002285 3.612264 3.080856 2.650295 2.223138 1.976141 2.487794 2.531146 2.592154 2.326375 2.616621 2.723281 1.741314 2.634559 4.366648 
2.929182 1.592870 2.990533 3.128761 3.080669 2.766280 4.107409 3.704970 3.161511 2.716612 2.270958 2.018309 2.548221 2.586914 2.675977 2.380960 2.679959 2.792090 1.793887 2.683951 4.468508 
3.004141 1.632936 3.056427 3.200346 3.163818 2.844890 4.213159 3.798047 3.242708 2.783424 2.318776 2.060555 2.608654 2.642428 2.760857 2.435901 2.743558 2.861271 1.847305 2.733236 4.570551 
3.079013 1.673171 3.122403 3.272147 3.247698 2.924240 4.319529 3.891483 3.324451 2.850749 2.366603 2.102897 2.669077 2.697672 2.846778 2.491220 2.807424 2.930820 1.901585 2.782456 4.672782 
3.153750 1.713571 3.188470 3.344173 3.332313 3.004324 4.426514 3.985265 3.406739 2.918605 2.414449 2.145359 2.729473 2.752629 2.933723 2.546942 2.871565 3.000738 1.956743 2.831650 4.775212 
3.228308 1.754132 3.254639 3.416431 3.417667 3.085134 4.534108 4.079381 3.489574 2.987011 2.462325 2.187963 2.789826 2.807285 3.021672 2.603091 2.935987 3.071025 2.012796 2.880864 4.877849 
3.302638 1.794848 3.320921 3.488931 3.503763 3.166664 4.642306 4.173816 3.572960 3.055986 2.510244 2.230733 2.850118 2.861623 3.110606 2.659692 3.000699 3.141679 2.069762 2.930142 4.980706 
3.376693 1.835717 3.387326 3.561683 3.590605 3.248907 4.751104 4.268559 3.656898 3.125553 2.558219 2.273693 2.910334 2.915628 3.200505 2.716773 3.065707 3.212700 2.127657 2.979532 5.083793 
3.450425 1.876734 3.453867 3.634695 3.678198 3.331854 4.860496 4.363597 3.741392 3.195732 2.606263 2.316871 2.970456 2.969285 3.291348 2.774360 3.131023 3.284089 2.186499 3.029084 5.187125 
3.523784 1.917894 3.520557 3.707980 3.766545 3.415498 4.970480 4.458918 3.826444 3.266545 2.654391 2.360294 3.030468 3.022579 3.383113 2.832482 3.196654 3.355845 2.246306 3.078851 5.290716 
3.596722 1.959194 3.587411 3.781548 3.855651 3.499833 5.081050 4.554510 3.912058 3.338017 2.702617 2.403990 3.090354 3.075495 3.475777 2.891168 3.262612 3.427969 2.307097 3.128887 5.394583 
3.669187 2.000631 3.654444 3.855412 3.945522 3.584849 5.192204 4.650361 3.998238 3.410171 2.750959 2.447989 3.150096 3.128018 3.569317 2.950450 3.328907 3.500461 2.368889 3.179248 5.498744 
3.741129 2.042200 3.721670 3.929584 4.036163 3.670540 5.303939 4.746459 4.084988 3.483032 2.799433 2.492322 3.209678 3.180135 3.663708 3.010357 3.395551 3.573321 2.431702 3.229992 5.603215 
3.812496 2.083897 3.789108 4.004079 4.127579 3.756897 5.416250 4.842793 4.172314 3.556626 2.848057 2.537021 3.269084 3.231830 3.758926 3.070923 3.462556 3.646552 2.495554 3.281181 5.708019 
3.883235 2.125720 3.856774 4.078909 4.219777 3.843912 5.529137 4.939350 4.260219 3.630980 2.896848 2.582119 3.328296 3.283090 3.854944 3.132181 3.529934 3.720153 2.560465 3.332877 5.813174 
3.953294 2.167665 3.924686 4.154089 4.312763 3.931576 5.642596 5.036119 4.348709 3.706121 2.945826 2.627652 3.387299 3.333901 3.951736 3.194166 3.597699 3.794126 2.626453 3.385146 5.918705 
4.022618 2.209728 3.992865 4.229635 4.406542 4.019883 5.756625 5.133090 4.437790 3.782077 2.995011 2.673653 3.446076 3.384250 4.049273 3.256912 3.665864 3.868472 2.693539 3.438053 6.024635 
4.091155 2.251906 4.061330 4.305564 4.501123 4.108822 5.871223 5.230251 4.527467 3.858878 3.044424 2.720161 3.504611 3.434122 4.147529 3.320455 3.734445 3.943193 2.761743 3.491669 6.130988 
4.158847 2.294196 4.130101 4.381890 4.596512 4.198385 5.986388 5.327591 4.617748 3.936554 3.094086 2.767213 3.562886 3.483505 4.246472 3.384834 3.803456 4.018290 2.831085 3.546065 6.237790 
4.225641 2.336595 4.199201 4.458633 4.692716 4.288564 6.102120 5.425100 4.708638 4.015136 3.144019 2.814848 3.620885 3.532385 4.346074 3.450087 3.872913 4.093766 2.901584 3.601314 6.345070 
4.291480 2.379100 4.268653 4.535809 4.789743 4.379350 6.218416 5.522766 4.800144 4.094655 3.194247 2.863106 3.678593 3.580750 4.446304 3.516251 3.942832 4.169622 2.973263 3.657492 6.452856 
4.356306 2.421707 4.338479 4.613437 4.887601 4.470734 6.335278 5.620580 4.892275 4.175144 3.244793 2.912029 3.735992 3.628587 4.547129 3.583369 4.013231 4.245860 3.046142 3.714677 6.561177 
4.420062 2.464415 4.408704 4.691536 4.986298 4.562706 6.452704 5.718531 4.985037 4.256636 3.295681 2.961659 3.793066 3.675883 4.648517 3.651480 4.084126 4.322484 3.120242 3.772948 6.670065 
4.482690 2.507220 4.479353 4.770127 5.085843 4.655257 6.570696 5.816608 5.078439 4.339166 3.346937 3.012041 3.849798 3.722627 4.750435 3.720627 4.155536 4.399496 3.195584 3.832388 6.779552 
4.544131 2.550120 4.550452 4.849230 5.186244 4.748378 6.689252 5.914802 5.172488 4.422769 3.398587 3.063218 3.906172 3.768805 4.852849 3.790853 4.227480 4.476898 3.272191 3.893081 6.889672 
4.604325 2.593112 4.622028 4.928866 5.287511 4.842059 6.808374 6.013103 5.267195 4.507480 3.450659 3.115238 3.962172 3.814407 4.955724 3.862203 4.299978 4.554694 3.350084 3.955114 7.000461 
4.663212 2.636194 4.694109 5.009056 5.389652 4.936291 6.928063 6.111502 5.362567 4.593337 3.503178 3.168147 4.017782 3.859420 5.059023 3.934720 4.373048 4.632886 3.429285 4.018574 7.111953 
4.720730 2.679364 4.766724 5.089824 5.492678 5.031064 7.048321 6.209987 5.458614 4.680377 3.556175 3.221993 4.072984 3.903833 5.162712 4.008452 4.446712 4.711478 3.509818 4.083552 7.224187 
4.776820 2.722618 4.839901 5.171191 5.596598 5.126368 7.169148 6.308551 5.555347 4.768638 3.609678 3.276827 4.127763 3.947634 5.266751 4.083445 4.520991 4.790474 3.591705 4.150142 7.337202 
4.831417 2.765956 4.913671 5.253183 5.701423 5.222193 7.290548 6.407184 5.652774 4.858160 3.663717 3.332699 4.182101 3.990812 5.371103 4.159747 4.595907 4.869877 3.674968 4.218437 7.451037 
4.884460 2.809374 4.988064 5.335823 5.807163 5.318529 7.412521 6.505876 5.750906 4.948983 3.718323 3.389660 4.235984 4.033357 5.475728 4.237407 4.671482 4.949691 3.759631 4.288536 7.565733 
4.935884 2.852872 5.063114 5.419137 5.913829 5.415365 7.535071 6.604619 5.849755 5.041148 3.773528 3.447765 4.289394 4.075257 5.580588 4.316475 4.747740 5.029920 3.845718 4.360536 7.681333 
4.985625 2.896446 5.138853 5.503149 6.021432 5.512691 7.658201 6.703404 5.949331 5.134697 3.829363 3.507066 4.342315 4.116503 5.685640 4.397002 4.824703 5.110568 3.933252 4.434540 7.797882 
5.033620 2.940096 5.215314 5.587887 6.129983 5.610497 7.781913 6.802222 6.049645 5.229673 3.885862 3.567621 4.394731 4.157082 5.790844 4.479040 4.902397 5.191641 4.022258 4.510651 7.915423 
5.079801 2.983819 5.292532 5.673378 6.239494 5.708772 7.906211 6.901065 6.150710 5.326118 3.943058 3.629484 4.446626 4.196987 5.896158 4.562642 4.980845 5.273141 4.112759 4.588974 8.034003 
5.124103 3.027614 5.370542 5.759648 6.349977 5.807505 8.031099 6.999924 6.252538 5.424078 4.000987 3.692714 4.497982 4.236205 6.001538 4.647861 5.060075 5.355075 4.204781 4.669618 8.153670 
5.166458 3.071480 5.449381 5.846727 6.461444 5.906685 8.156580 7.098791 6.355140 5.523598 4.059683 3.757369 4.548785 4.274728 6.106940 4.734752 5.140111 5.437446 4.298347 4.752691 8.274472 
5.206800 3.115414 5.529086 5.934643 6.573907 6.006301 8.282660 7.197658 6.458531 5.624723 4.119183 3.823511 4.599017 4.312546 6.212319 4.823371 5.220980 5.520261 4.393483 4.838306 8.396460 
5.245060 3.159416 5.609694 6.023425 6.687380 6.106342 8.409343 7.296517 6.562722 5.727501 4.179523 3.891199 4.648663 4.349650 6.317630 4.913776 5.302710 5.603525 4.490215 4.926578 8.519684 
5.281169 3.203485 5.691244 6.113104 6.801875 6.206796 8.536634 7.395360 6.667728 5.831979 4.240742 3.960496 4.697706 4.386029 6.422827 5.006022 5.385329 5.687242 4.588568 5.017621 8.644198 
5.315058 3.247619 5.773776 6.203712 6.917406 6.307653 8.664538 7.494179 6.773563 5.938206 4.302878 4.031466 4.746130 4.421676 6.527862 5.100170 5.468865 5.771419 4.688567 5.111555 8.770054 
5.346657 3.291816 5.857330 6.295278 7.033987 6.408901 8.793060 7.592968 6.880240 6.046231 4.365969 4.104174 4.793919 4.456581 6.632687 5.196279 5.553347 5.856061 4.790239 5.208501 8.897309 
5.375894 3.336077 5.941948 6.387836 7.151630 6.510527 8.922207 7.691718 6.987774 6.156105 4.430057 4.178685 4.841057 4.490736 6.737253 5.294409 5.638805 5.941175 4.893610 5.308580 9.026018 
5.402699 3.380401 6.027671 6.481417 7.270351 6.612520 9.051985 7.790423 7.096180 6.267879 4.495182 4.255066 4.887527 4.524132 6.841511 5.394623 5.725270 6.026766 4.998707 5.411918 9.156240 
5.426998 3.424785 6.114544 6.576057 7.390165 6.714869 9.182400 7.889075 7.205474 6.381604 4.561385 4.333386 4.933313 4.556761 6.945409 5.496982 5.812772 6.112842 5.105556 5.518642 9.288032 
NaN NaN NaN NaN NaN NaN NaN NaN NaN NaN NaN NaN NaN NaN NaN NaN NaN NaN NaN NaN NaN 
NaN NaN NaN NaN NaN NaN NaN NaN NaN NaN NaN NaN NaN NaN NaN NaN NaN NaN NaN NaN NaN 
NaN NaN NaN NaN NaN NaN NaN NaN NaN NaN NaN NaN NaN NaN NaN NaN NaN NaN NaN NaN NaN 
NaN NaN NaN NaN NaN NaN NaN NaN NaN NaN NaN NaN NaN NaN NaN NaN NaN NaN NaN NaN NaN 
