NaN NaN NaN NaN NaN NaN NaN NaN NaN NaN NaN NaN NaN NaN NaN NaN NaN NaN NaN NaN NaN 
NaN NaN NaN NaN NaN NaN NaN NaN NaN NaN NaN NaN NaN NaN NaN NaN NaN NaN NaN NaN NaN 
NaN NaN NaN NaN NaN NaN NaN NaN NaN NaN NaN NaN NaN NaN NaN NaN NaN NaN NaN NaN NaN 
NaN NaN NaN NaN NaN NaN NaN NaN NaN NaN NaN NaN NaN NaN NaN NaN NaN NaN NaN NaN NaN 
NaN NaN NaN NaN NaN NaN NaN NaN NaN NaN NaN NaN NaN NaN NaN NaN NaN NaN NaN NaN NaN 
-0.475218 -0.144627 -0.770284 -0.801263 -0.705572 -0.621470 -1.000449 -0.677228 -0.981417 -0.845319 -0.900235 -0.300195 -0.390928 -0.493021 -0.958293 -0.683703 -0.608104 -0.442509 -0.576011 -0.763599 -0.674937 
-0.472743 -0.144427 -0.784951 -0.815044 -0.692674 -0.604945 -1.014556 -0.700783 -0.975286 -0.843047 -0.902750 -0.326112 -0.418134 -0.504380 -0.938030 -0.699932 -0.599356 -0.451250 -0.584176 -0.747873 -0.693651 
-0.470330 -0.144200 -0.798023 -0.827075 -0.680302 -0.589319 -1.026740 -0.722153 -0.968331 -0.840134 -0.904032 -0.350186 -0.443376 -0.514783 -0.918289 -0.714360 -0.590749 -0.458914 -0.591023 -0.732685 -0.710753 
-0.467954 -0.143942 -0.809526 -0.837399 -0.668416 -0.574535 -1.037041 -0.741386 -0.960572 -0.836585 -0.904108 -0.372457 -0.466691 -0.524233 -0.899036 -0.727031 -0.582263 -0.465530 -0.596593 -0.717996 -0.726264 
-0.465586 -0.143649 -0.819488 -0.846054 -0.656972 -0.560541 -1.045498 -0.758531 -0.952033 -0.832400 -0.903008 -0.392964 -0.488116 -0.532736 -0.880236 -0.737985 -0.573876 -0.471126 -0.600923 -0.703766 -0.740205 
-0.463200 -0.143316 -0.827935 -0.853081 -0.645930 -0.547285 -1.052150 -0.773635 -0.942734 -0.827582 -0.900760 -0.411745 -0.507689 -0.540294 -0.861855 -0.747263 -0.565568 -0.475729 -0.604051 -0.689957 -0.752597 
-0.460772 -0.142941 -0.834893 -0.858518 -0.635249 -0.534713 -1.057034 -0.786746 -0.932695 -0.822134 -0.897392 -0.428838 -0.525446 -0.546913 -0.843861 -0.754906 -0.557319 -0.479366 -0.606016 -0.676532 -0.763462 
-0.458274 -0.142518 -0.840388 -0.862405 -0.624888 -0.522776 -1.060189 -0.797909 -0.921938 -0.816058 -0.892930 -0.444281 -0.541423 -0.552596 -0.826220 -0.760954 -0.549109 -0.482064 -0.606853 -0.663453 -0.772820 
-0.455683 -0.142044 -0.844445 -0.864778 -0.614808 -0.511423 -1.061650 -0.807171 -0.910481 -0.809356 -0.887401 -0.458111 -0.555655 -0.557350 -0.808900 -0.765446 -0.540919 -0.483849 -0.606600 -0.650684 -0.780691 
-0.452974 -0.141514 -0.847090 -0.865675 -0.604970 -0.500603 -1.061454 -0.814577 -0.898345 -0.802031 -0.880833 -0.470365 -0.568178 -0.561177 -0.791867 -0.768420 -0.532728 -0.484746 -0.605290 -0.638189 -0.787096 
-0.450123 -0.140923 -0.848346 -0.865131 -0.595335 -0.490268 -1.059637 -0.820171 -0.885548 -0.794084 -0.873250 -0.481077 -0.579027 -0.564085 -0.775091 -0.769916 -0.524518 -0.484779 -0.602959 -0.625933 -0.792054 
-0.447106 -0.140266 -0.848238 -0.863183 -0.585865 -0.480370 -1.056234 -0.823996 -0.872109 -0.785519 -0.864679 -0.490285 -0.588236 -0.566076 -0.758540 -0.769971 -0.516270 -0.483973 -0.599642 -0.613880 -0.795585 
-0.443900 -0.139540 -0.846789 -0.859865 -0.576523 -0.470861 -1.051278 -0.826097 -0.858046 -0.776337 -0.855146 -0.498022 -0.595840 -0.567157 -0.742183 -0.768623 -0.507966 -0.482352 -0.595371 -0.601998 -0.797708 
-0.440483 -0.138739 -0.844024 -0.855210 -0.567271 -0.461695 -1.044803 -0.826516 -0.843375 -0.766541 -0.844674 -0.504323 -0.601873 -0.567332 -0.725988 -0.765907 -0.499588 -0.479939 -0.590180 -0.590251 -0.798442 
-0.436831 -0.137857 -0.839964 -0.849253 -0.558074 -0.452825 -1.036843 -0.825294 -0.828114 -0.756133 -0.833289 -0.509221 -0.606367 -0.566608 -0.709927 -0.761860 -0.491117 -0.476756 -0.584100 -0.578608 -0.797806 
-0.432925 -0.136891 -0.834632 -0.842026 -0.548895 -0.444206 -1.027429 -0.822474 -0.812280 -0.745116 -0.821014 -0.512751 -0.609356 -0.564989 -0.693969 -0.756518 -0.482537 -0.472825 -0.577164 -0.567035 -0.795817 
-0.428742 -0.135834 -0.828051 -0.833561 -0.539699 -0.435793 -1.016595 -0.818094 -0.795888 -0.733491 -0.807873 -0.514946 -0.610872 -0.562481 -0.678084 -0.749915 -0.473829 -0.468168 -0.569401 -0.555501 -0.792493 
-0.424261 -0.134682 -0.820243 -0.823890 -0.530451 -0.427544 -1.004370 -0.812197 -0.778955 -0.721261 -0.793890 -0.515836 -0.610948 -0.559090 -0.662244 -0.742086 -0.464978 -0.462806 -0.560843 -0.543976 -0.787854 
-0.419463 -0.133429 -0.811228 -0.813042 -0.521118 -0.419413 -0.990786 -0.804820 -0.761494 -0.708429 -0.779087 -0.515455 -0.609616 -0.554822 -0.646419 -0.733066 -0.455965 -0.456759 -0.551518 -0.532427 -0.781915 
-0.414327 -0.132069 -0.801027 -0.801048 -0.511665 -0.411360 -0.975873 -0.796003 -0.743522 -0.694996 -0.763488 -0.513833 -0.606906 -0.549682 -0.630582 -0.722887 -0.446776 -0.450047 -0.541456 -0.520826 -0.774694 
-0.408833 -0.130597 -0.789662 -0.787937 -0.502060 -0.403343 -0.959659 -0.785784 -0.725051 -0.680966 -0.747113 -0.511001 -0.602851 -0.543677 -0.614705 -0.711583 -0.437393 -0.442689 -0.530686 -0.509142 -0.766208 
-0.402964 -0.129006 -0.777152 -0.773738 -0.492270 -0.395321 -0.942174 -0.774201 -0.706096 -0.666339 -0.729985 -0.506990 -0.597480 -0.536813 -0.598760 -0.699185 -0.427801 -0.434705 -0.519233 -0.497348 -0.756473 
-0.396700 -0.127292 -0.763517 -0.758477 -0.482262 -0.387253 -0.923446 -0.761289 -0.686670 -0.651119 -0.712126 -0.501829 -0.590825 -0.529096 -0.582719 -0.685726 -0.417985 -0.426112 -0.507127 -0.485415 -0.745506 
-0.390024 -0.125448 -0.748777 -0.742183 -0.472007 -0.379100 -0.903502 -0.747086 -0.666786 -0.635308 -0.693555 -0.495548 -0.582914 -0.520532 -0.566558 -0.671237 -0.407929 -0.416927 -0.494393 -0.473314 -0.733322 
-0.382917 -0.123468 -0.732949 -0.724881 -0.461471 -0.370824 -0.882369 -0.731627 -0.646455 -0.618908 -0.674295 -0.488174 -0.573778 -0.511129 -0.550248 -0.655749 -0.397618 -0.407169 -0.481056 -0.461020 -0.719938 
-0.375363 -0.121346 -0.716054 -0.706598 -0.450626 -0.362386 -0.860074 -0.714946 -0.625691 -0.601922 -0.654364 -0.479737 -0.563445 -0.500892 -0.533764 -0.639291 -0.387038 -0.396853 -0.467142 -0.448506 -0.705368 
-0.367345 -0.119075 -0.698109 -0.687357 -0.439442 -0.353750 -0.836643 -0.697079 -0.604503 -0.584351 -0.633783 -0.470264 -0.551945 -0.489828 -0.517081 -0.621894 -0.376175 -0.385996 -0.452675 -0.435746 -0.689628 
-0.358847 -0.116649 -0.679132 -0.667185 -0.427889 -0.344879 -0.812100 -0.678059 -0.582903 -0.566198 -0.612570 -0.459782 -0.539306 -0.477945 -0.500173 -0.603586 -0.365014 -0.374614 -0.437678 -0.422714 -0.672732 
-0.349853 -0.114061 -0.659140 -0.646103 -0.415938 -0.335737 -0.786469 -0.657918 -0.560901 -0.547466 -0.590746 -0.448318 -0.525556 -0.465250 -0.483016 -0.584397 -0.353542 -0.362720 -0.422176 -0.409386 -0.654695 
-0.340348 -0.111305 -0.638150 -0.624135 -0.403562 -0.326289 -0.759775 -0.636689 -0.538508 -0.528156 -0.568328 -0.435897 -0.510722 -0.451748 -0.465586 -0.564354 -0.341744 -0.350329 -0.406190 -0.395739 -0.635531 
-0.330317 -0.108374 -0.616179 -0.601303 -0.390732 -0.316502 -0.732041 -0.614405 -0.515732 -0.508270 -0.545335 -0.422546 -0.494831 -0.437449 -0.447858 -0.543484 -0.329609 -0.337456 -0.389742 -0.381748 -0.615253 
-0.319746 -0.105261 -0.593242 -0.577628 -0.377423 -0.306341 -0.703290 -0.591095 -0.492583 -0.487812 -0.521784 -0.408290 -0.477912 -0.422359 -0.429808 -0.521815 -0.317124 -0.324114 -0.372854 -0.367391 -0.593877 
-0.308620 -0.101960 -0.569357 -0.553132 -0.363606 -0.295773 -0.673543 -0.566791 -0.469069 -0.466784 -0.497693 -0.393153 -0.459989 -0.406485 -0.411415 -0.499373 -0.304275 -0.310315 -0.355545 -0.352645 -0.571414 
-0.296927 -0.098462 -0.544538 -0.527833 -0.349257 -0.284768 -0.642822 -0.541523 -0.445198 -0.445186 -0.473079 -0.377158 -0.441089 -0.389835 -0.392655 -0.476184 -0.291050 -0.296071 -0.337836 -0.337489 -0.547877 
-0.284653 -0.094761 -0.518799 -0.501752 -0.334350 -0.273292 -0.611148 -0.515319 -0.420978 -0.423023 -0.447959 -0.360331 -0.421238 -0.372417 -0.373506 -0.452273 -0.277438 -0.281395 -0.319746 -0.321901 -0.523281 
-0.271786 -0.090849 -0.492157 -0.474908 -0.318860 -0.261317 -0.578541 -0.488208 -0.396416 -0.400296 -0.422348 -0.342693 -0.400461 -0.354239 -0.353945 -0.427665 -0.263427 -0.266296 -0.301293 -0.305862 -0.497636 
-0.258313 -0.086720 -0.464624 -0.447317 -0.302763 -0.248811 -0.545020 -0.460218 -0.371518 -0.377008 -0.396263 -0.324267 -0.378783 -0.335308 -0.333952 -0.402385 -0.249005 -0.250787 -0.282495 -0.289352 -0.470955 
-0.244224 -0.082365 -0.436215 -0.418998 -0.286035 -0.235747 -0.510604 -0.431376 -0.346290 -0.353160 -0.369719 -0.305075 -0.356228 -0.315633 -0.313505 -0.376455 -0.234161 -0.234876 -0.263370 -0.272350 -0.443250 
-0.229507 -0.077776 -0.406943 -0.389967 -0.268652 -0.222095 -0.475312 -0.401709 -0.320739 -0.328755 -0.342730 -0.285138 -0.332821 -0.295222 -0.292583 -0.349900 -0.218886 -0.218574 -0.243934 -0.254838 -0.414532 
-0.214152 -0.072947 -0.376821 -0.360239 -0.250593 -0.207827 -0.439161 -0.371244 -0.294869 -0.303796 -0.315312 -0.264478 -0.308585 -0.274083 -0.271166 -0.322741 -0.203167 -0.201888 -0.224203 -0.236799 -0.384813 
-0.198147 -0.067869 -0.345862 -0.329831 -0.231835 -0.192918 -0.402169 -0.340005 -0.268685 -0.278284 -0.287479 -0.243115 -0.283544 -0.252225 -0.249234 -0.295001 -0.186995 -0.184829 -0.204193 -0.218215 -0.354103 
-0.181484 -0.062533 -0.314077 -0.298755 -0.212356 -0.177341 -0.364352 -0.308016 -0.242191 -0.252221 -0.259245 -0.221069 -0.257720 -0.229656 -0.226768 -0.266702 -0.170360 -0.167402 -0.183917 -0.199068 -0.322414 
-0.164153 -0.056933 -0.281480 -0.267027 -0.192137 -0.161070 -0.325726 -0.275304 -0.215392 -0.225611 -0.230623 -0.198358 -0.231137 -0.206384 -0.203748 -0.237864 -0.153253 -0.149617 -0.163391 -0.179343 -0.289755 
-0.146146 -0.051060 -0.248080 -0.234658 -0.171155 -0.144082 -0.286305 -0.241889 -0.188290 -0.198455 -0.201626 -0.175003 -0.203817 -0.182419 -0.180155 -0.208508 -0.135664 -0.131478 -0.142626 -0.159024 -0.256136 
-0.127453 -0.044905 -0.213889 -0.201662 -0.149391 -0.126351 -0.246106 -0.207797 -0.160889 -0.170755 -0.172267 -0.151021 -0.175780 -0.157769 -0.155972 -0.178654 -0.117583 -0.112994 -0.121637 -0.138095 -0.221568 
-0.108068 -0.038459 -0.178918 -0.168049 -0.126826 -0.107854 -0.205141 -0.173048 -0.133190 -0.142515 -0.142558 -0.126430 -0.147050 -0.132444 -0.131179 -0.148321 -0.099003 -0.094168 -0.100435 -0.116543 -0.186060 
-0.087982 -0.031716 -0.143176 -0.133832 -0.103442 -0.088570 -0.163424 -0.137665 -0.105195 -0.113735 -0.112510 -0.101248 -0.117646 -0.106452 -0.105761 -0.117528 -0.079916 -0.075007 -0.079032 -0.094352 -0.149621 
-0.067189 -0.024665 -0.106675 -0.099019 -0.079219 -0.068477 -0.120968 -0.101667 -0.076907 -0.084418 -0.082137 -0.075491 -0.087590 -0.079802 -0.079698 -0.086294 -0.060311 -0.055514 -0.057438 -0.071511 -0.112259 
-0.045682 -0.017298 -0.069422 -0.063621 -0.054140 -0.047553 -0.077785 -0.065077 -0.048326 -0.054567 -0.051447 -0.049175 -0.056902 -0.052505 -0.052975 -0.054635 -0.040183 -0.035694 -0.035663 -0.048005 -0.073984 
-0.023454 -0.009606 -0.031427 -0.027647 -0.028188 -0.025778 -0.033887 -0.027912 -0.019452 -0.024184 -0.020453 -0.022317 -0.025601 -0.024570 -0.025576 -0.022571 -0.019524 -0.015551 -0.013717 -0.023824 -0.034804 
-0.000502 -0.001581 0.007301 0.008896 -0.001347 -0.003133 0.010715 0.009807 0.009715 0.006729 0.010835 0.005069 0.006293 0.003995 0.002517 0.009884 0.001675 0.004914 0.008391 0.001045 0.005274 
0.023182 0.006788 0.046754 0.046000 0.026400 0.020401 0.056012 0.048063 0.039174 0.038170 0.042408 0.032968 0.038760 0.033179 0.031318 0.042713 0.023419 0.025697 0.030654 0.026613 0.046241 
0.047601 0.015509 0.086924 0.083659 0.055068 0.044842 0.101993 0.086837 0.068928 0.070137 0.074257 0.061365 0.071782 0.062972 0.060843 0.075900 0.045716 0.046797 0.053063 0.052890 0.088090 
0.072759 0.024592 0.127804 0.121866 0.084673 0.070207 0.148649 0.126113 0.098977 0.102627 0.106371 0.090248 0.105341 0.093364 0.091106 0.109429 0.068571 0.068212 0.075612 0.079885 0.130815 
0.098661 0.034045 0.169387 0.160616 0.115227 0.096514 0.195972 0.165874 0.129323 0.135638 0.138743 0.119602 0.139418 0.124346 0.122122 0.143288 0.091992 0.089942 0.098295 0.107609 0.174408 
0.125310 0.043879 0.211666 0.199905 0.146747 0.123777 0.243954 0.206104 0.159969 0.169169 0.171363 0.149415 0.173996 0.155907 0.153905 0.177461 0.115983 0.111986 0.121105 0.136069 0.218862 
0.152708 0.054104 0.254635 0.239729 0.179244 0.152012 0.292587 0.246788 0.190917 0.203215 0.204225 0.179675 0.209059 0.188037 0.186468 0.211935 0.140550 0.134346 0.144039 0.165273 0.264172 
0.180858 0.064728 0.298289 0.280084 0.212731 0.181233 0.341866 0.287912 0.222171 0.237776 0.237320 0.210371 0.244588 0.220726 0.219826 0.246697 0.165698 0.157021 0.167091 0.195229 0.310332 
0.209762 0.075762 0.342621 0.320967 0.247221 0.211454 0.391783 0.329461 0.253734 0.272850 0.270642 0.241491 0.280568 0.253962 0.253990 0.281735 0.191432 0.180014 0.190259 0.225945 0.357335 
0.239421 0.087216 0.387626 0.362378 0.282725 0.242688 0.442334 0.371422 0.285611 0.308433 0.304183 0.273024 0.316982 0.287736 0.288973 0.317037 0.217758 0.203326 0.213539 0.257425 0.405177 
0.269836 0.099101 0.433301 0.404315 0.319255 0.274947 0.493513 0.413783 0.317806 0.344524 0.337937 0.304961 0.353815 0.322036 0.324787 0.352592 0.244678 0.226960 0.236929 0.289675 0.453853 
0.301009 0.111425 0.479641 0.446778 0.356821 0.308242 0.545317 0.456532 0.350325 0.381121 0.371899 0.337293 0.391052 0.356852 0.361444 0.388388 0.272197 0.250919 0.260427 0.322701 0.503357 
0.332938 0.124200 0.526641 0.489767 0.395432 0.342584 0.597742 0.499657 0.383173 0.418221 0.406063 0.370009 0.428677 0.392173 0.398954 0.424417 0.300319 0.275207 0.284033 0.356508 0.553686 
0.365624 0.137436 0.574299 0.533283 0.435099 0.377982 0.650785 0.543147 0.416357 0.455822 0.440423 0.403102 0.466677 0.427987 0.437330 0.460667 0.329048 0.299828 0.307745 0.391098 0.604835 
0.399065 0.151144 0.622612 0.577328 0.475831 0.414447 0.704443 0.586993 0.449882 0.493922 0.474976 0.436564 0.505037 0.464284 0.476581 0.497131 0.358385 0.324787 0.331565 0.426475 0.656800 
0.433261 0.165334 0.671576 0.621904 0.517635 0.451987 0.758715 0.631184 0.483757 0.532519 0.509715 0.470387 0.543743 0.501051 0.516717 0.533799 0.388335 0.350088 0.355492 0.462642 0.709578 
0.468210 0.180017 0.721190 0.667014 0.560519 0.490609 0.813600 0.675712 0.517988 0.571611 0.544639 0.504564 0.582782 0.538279 0.557748 0.570663 0.418899 0.375739 0.379529 0.499600 0.763165 
0.503909 0.195204 0.771452 0.712662 0.604491 0.530320 0.869098 0.720570 0.552583 0.611194 0.579742 0.539089 0.622142 0.575954 0.599684 0.607716 0.450081 0.401745 0.403679 0.537352 0.817559 
0.540355 0.210905 0.822360 0.758853 0.649558 0.571126 0.925207 0.765748 0.587552 0.651268 0.615022 0.573956 0.661809 0.614065 0.642533 0.644951 0.481881 0.428113 0.427942 0.575898 0.872756 
0.577546 0.227133 0.873913 0.805592 0.695725 0.613034 0.981930 0.811241 0.622902 0.691830 0.650476 0.609159 0.701771 0.652601 0.686303 0.682361 0.514301 0.454851 0.452325 0.615238 0.928755 
0.615479 0.243898 0.926111 0.852885 0.742998 0.656048 1.039267 0.857042 0.658644 0.732878 0.686101 0.644694 0.742017 0.691549 0.731003 0.719940 0.547344 0.481966 0.476829 0.655372 0.985553 
0.654148 0.261212 0.978953 0.900738 0.791383 0.700171 1.097221 0.903145 0.694787 0.774409 0.721897 0.680556 0.782534 0.730898 0.776641 0.757684 0.581009 0.509468 0.501461 0.696300 1.043149 
0.693549 0.279086 1.032440 0.949159 0.840883 0.745408 1.155793 0.949545 0.731342 0.816421 0.757860 0.716741 0.823313 0.770635 0.823223 0.795587 0.615298 0.537366 0.526226 0.738019 1.101540 
0.733678 0.297531 1.086572 0.998156 0.891503 0.791760 1.214988 0.996239 0.768319 0.858913 0.793990 0.753247 0.864343 0.810748 0.870756 0.833645 0.650211 0.565668 0.551129 0.780527 1.160726 
0.774529 0.316559 1.141349 1.047737 0.943247 0.839230 1.274808 1.043222 0.805730 0.901881 0.830285 0.790069 0.905612 0.851224 0.919248 0.871855 0.685749 0.594386 0.576178 0.823822 1.220706 
0.816096 0.336183 1.196774 1.097913 0.996116 0.887819 1.335259 1.090490 0.843587 0.945325 0.866747 0.827207 0.947112 0.892052 0.968704 0.910213 0.721910 0.623530 0.601380 0.867901 1.281478 
0.858373 0.356414 1.252848 1.148693 1.050113 0.937527 1.396345 1.138043 0.881902 0.989240 0.903373 0.864658 0.988832 0.933218 1.019130 0.948716 0.758695 0.653112 0.626744 0.912759 1.343044 
0.901352 0.377263 1.309573 1.200088 1.105241 0.988353 1.458072 1.185877 0.920687 1.033627 0.940166 0.902421 1.030765 0.974710 1.070531 0.987362 0.796104 0.683143 0.652277 0.958392 1.405402 
0.945027 0.398744 1.366952 1.252109 1.161500 1.040297 1.520446 1.233992 0.959955 1.078481 0.977125 0.940495 1.072900 1.016514 1.122912 1.026151 0.834134 0.713635 0.677989 1.004795 1.468554 
0.989390 0.420868 1.424987 1.304769 1.218890 1.093357 1.583474 1.282387 0.999721 1.123802 1.014252 0.978880 1.115230 1.058618 1.176278 1.065080 0.872785 0.744603 0.703891 1.051963 1.532498 
1.034432 0.443647 1.483682 1.358081 1.277413 1.147530 1.647164 1.331062 1.039999 1.169586 1.051548 1.017577 1.157747 1.101009 1.230632 1.104149 0.912056 0.776058 0.729992 1.099888 1.597238 
1.080146 0.467095 1.543041 1.412059 1.337067 1.202813 1.711523 1.380018 1.080803 1.215833 1.089016 1.056585 1.200442 1.143674 1.285979 1.143359 0.951943 0.808016 0.756304 1.148565 1.662772 
1.126521 0.491223 1.603067 1.466716 1.397852 1.259201 1.776561 1.429256 1.122148 1.262539 1.126657 1.095908 1.243310 1.186598 1.342322 1.182710 0.992446 0.840491 0.782840 1.197985 1.729104 
1.173548 0.516044 1.663766 1.522069 1.459766 1.316691 1.842286 1.478778 1.164050 1.309702 1.164474 1.135545 1.286343 1.229769 1.399663 1.222203 1.033561 0.873498 0.809612 1.248141 1.796234 
1.221218 0.541572 1.725142 1.578132 1.522807 1.375276 1.908710 1.528586 1.206525 1.357320 1.202471 1.175500 1.329535 1.273173 1.458006 1.261839 1.075286 0.907053 0.836632 1.299024 1.864165 
1.269519 0.567818 1.787201 1.634922 1.586972 1.434950 1.975841 1.578685 1.249588 1.405391 1.240651 1.215776 1.372880 1.316797 1.517351 1.301622 1.117617 0.941171 0.863915 1.350625 1.932899 
1.318441 0.594797 1.849947 1.692456 1.652259 1.495706 2.043691 1.629078 1.293259 1.453914 1.279018 1.256375 1.416372 1.360626 1.577702 1.341553 1.160552 0.975870 0.891476 1.402933 2.002438 
1.367972 0.622520 1.913388 1.750752 1.718662 1.557537 2.112273 1.679769 1.337553 1.502885 1.317576 1.297303 1.460005 1.404647 1.639060 1.381636 1.204087 1.011168 0.919330 1.455939 2.072786 
1.418100 0.651002 1.977530 1.809829 1.786179 1.620434 2.181598 1.730763 1.382488 1.552302 1.356329 1.338563 1.503776 1.448845 1.701425 1.421875 1.248218 1.047081 0.947492 1.509632 2.143945 
1.468813 0.680256 2.042380 1.869706 1.854805 1.684387 2.251680 1.782067 1.428084 1.602164 1.395284 1.380160 1.547679 1.493207 1.764797 1.462275 1.292940 1.083629 0.975979 1.563999 2.215920 
1.520099 0.710294 2.107944 1.930404 1.924533 1.749387 2.322531 1.833687 1.474358 1.652469 1.434445 1.422100 1.591711 1.537717 1.829178 1.502839 1.338248 1.120830 1.004808 1.619028 2.288713 
1.571943 0.741131 2.174232 1.991941 1.995358 1.815424 2.394168 1.885630 1.521330 1.703213 1.473819 1.464389 1.635867 1.582363 1.894567 1.543574 1.384140 1.158704 1.033997 1.674708 2.362329 
1.624333 0.772781 2.241250 2.054341 2.067273 1.882485 2.466603 1.937903 1.569021 1.754395 1.513411 1.507033 1.680146 1.627129 1.960963 1.584485 1.430608 1.197271 1.063565 1.731024 2.436773 
1.677254 0.805257 2.309007 2.117625 2.140272 1.950558 2.539853 1.990515 1.617449 1.806013 1.553229 1.550039 1.724542 1.672000 2.028365 1.625580 1.477647 1.236552 1.093530 1.787962 2.512049 
1.730691 0.838573 2.377513 2.181816 2.214347 2.019631 2.613933 2.043475 1.666637 1.858065 1.593279 1.593416 1.769055 1.716962 2.096772 1.666864 1.525253 1.276567 1.123912 1.845508 2.588162 
1.784629 0.872742 2.446776 2.246937 2.289489 2.089690 2.688862 2.096793 1.716605 1.910548 1.633569 1.637170 1.813681 1.762000 2.166182 1.708346 1.573418 1.317339 1.154733 1.903646 2.665117 
1.839052 0.907780 2.516806 2.313012 2.365690 2.160721 2.764655 2.150478 1.767375 1.963461 1.674106 1.681311 1.858419 1.807099 2.236592 1.750035 1.622137 1.358890 1.186012 1.962361 2.742920 
1.893946 0.943700 2.587614 2.380067 2.442942 2.232708 2.841330 2.204542 1.818968 2.016801 1.714900 1.725848 1.903268 1.852243 2.308001 1.791937 1.671402 1.401242 1.217771 2.021637 2.821576 
1.949292 0.980517 2.659210 2.448127 2.521233 2.305636 2.918907 2.258996 1.871409 2.070566 1.755958 1.770790 1.948227 1.897419 2.380404 1.834064 1.721208 1.444419 1.250033 2.081456 2.901092 
2.005074 1.018245 2.731604 2.517219 2.600554 2.379488 2.997404 2.313852 1.924719 2.124754 1.797290 1.816147 1.993295 1.942609 2.453800 1.876424 1.771547 1.488444 1.282821 2.141800 2.981475 
2.061276 1.056899 2.804808 2.587369 2.680893 2.454247 3.076841 2.369124 1.978922 2.179362 1.838905 1.861930 2.038472 1.987800 2.528183 1.919028 1.822410 1.533343 1.316158 2.202653 3.062730 
2.117878 1.096493 2.878833 2.658604 2.762240 2.529894 3.157239 2.424824 2.034043 2.234390 1.880813 1.908151 2.083757 2.032974 2.603550 1.961887 1.873792 1.579141 1.350069 2.263994 3.144865 
2.174862 1.137042 2.953693 2.730955 2.844583 2.606412 3.238618 2.480967 2.090105 2.289834 1.923024 1.954820 2.129152 2.078117 2.679896 2.005012 1.925683 1.625861 1.384579 2.325805 3.227888 
2.232210 1.178562 3.029398 2.804448 2.927908 2.683779 3.321001 2.537567 2.147135 2.345692 1.965550 2.001951 2.174658 2.123213 2.757216 2.048415 1.978074 1.673532 1.419713 2.388065 3.311805 
2.289903 1.221066 3.105963 2.879115 3.012203 2.761977 3.404408 2.594640 2.205157 2.401963 2.008400 2.049555 2.220275 2.168246 2.835504 2.092109 2.030959 1.722179 1.455497 2.450755 3.396625 
2.347920 1.264570 3.183400 2.954986 3.097454 2.840984 3.488864 2.652201 2.264197 2.458644 2.051586 2.097647 2.266005 2.213199 2.914756 2.136106 2.084326 1.771830 1.491959 2.513852 3.482356 
2.406242 1.309090 3.261723 3.032092 3.183647 2.920779 3.574391 2.710268 2.324281 2.515733 2.095120 2.146240 2.311852 2.258057 2.994964 2.180420 2.138168 1.822513 1.529126 2.577336 3.569007 
2.464847 1.354641 3.340946 3.110465 3.270767 3.001338 3.661014 2.768857 2.385437 2.573228 2.139014 2.195347 2.357816 2.302803 3.076122 2.225066 2.192475 1.874254 1.567026 2.641183 3.656585 
2.523716 1.401238 3.421084 3.190137 3.358799 3.082639 3.748758 2.827987 2.447692 2.631127 2.183282 2.244985 2.403901 2.347421 3.158224 2.270057 2.247236 1.927085 1.605687 2.705371 3.745101 
2.582825 1.448896 3.502151 3.271142 3.447728 3.164657 3.837647 2.887675 2.511074 2.689427 2.227935 2.295168 2.450110 2.391895 3.241261 2.315409 2.302442 1.981033 1.645140 2.769877 3.834564 
2.642154 1.497632 3.584162 3.353514 3.537535 3.247369 3.927707 2.947942 2.575610 2.748127 2.272988 2.345912 2.496447 2.436207 3.325226 2.361138 2.358082 2.036129 1.685415 2.834676 3.924983 
2.701679 1.547462 3.667134 3.437288 3.628206 3.330749 4.018966 3.008807 2.641330 2.807225 2.318453 2.397234 2.542915 2.480341 3.410111 2.407260 2.414146 2.092403 1.726542 2.899743 4.016368 
2.761379 1.598400 3.751082 3.522499 3.719722 3.414770 4.111450 3.070290 2.708263 2.866718 2.364346 2.449150 2.589520 2.524281 3.495907 2.453791 2.470622 2.149886 1.768553 2.965054 4.108730 
2.821228 1.650463 3.836023 3.609183 3.812065 3.499405 4.205186 3.132412 2.776439 2.926604 2.410680 2.501677 2.636265 2.568008 3.582606 2.500750 2.527499 2.208610 1.811479 3.030582 4.202079 
2.881204 1.703668 3.921974 3.697376 3.905217 3.584628 4.300204 3.195195 2.845887 2.986881 2.457471 2.554835 2.683157 2.611506 3.670197 2.548154 2.584765 2.268607 1.855355 3.096301 4.296426 
2.941282 1.758030 4.008952 3.787118 3.999159 3.670409 4.396533 3.258662 2.916639 3.047548 2.504735 2.608640 2.730200 2.654759 3.758672 2.596021 2.642409 2.329910 1.900212 3.162184 4.391782 
3.001438 1.813566 4.096974 3.878445 4.093870 3.756719 4.494201 3.322835 2.988725 3.108601 2.552486 2.663113 2.777400 2.697747 3.848020 2.644370 2.700419 2.392551 1.946085 3.228203 4.488159 
3.061645 1.870292 4.186059 3.971396 4.189331 3.843529 4.593239 3.387738 3.062178 3.170040 2.600741 2.718272 2.824765 2.740455 3.938230 2.693221 2.758781 2.456565 1.993009 3.294330 4.585568 
3.121879 1.928225 4.276225 4.066012 4.285521 3.930809 4.693678 3.453396 3.137028 3.231861 2.649517 2.774137 2.872300 2.782864 4.029292 2.742594 2.817484 2.521985 2.041019 3.360536 4.684021 
3.182113 1.987381 4.367491 4.162333 4.382419 4.018526 4.795550 3.519833 3.213310 3.294063 2.698830 2.830729 2.920013 2.824957 4.121194 2.792509 2.876513 2.588847 2.090150 3.426791 4.783531 
3.242321 2.047778 4.459876 4.260399 4.480002 4.106649 4.898886 3.587074 3.291055 3.356643 2.748698 2.888070 2.967910 2.866716 4.213925 2.842988 2.935856 2.657186 2.140441 3.493066 4.884110 
3.302475 2.109432 4.553400 4.360252 4.578248 4.195144 5.003719 3.655146 3.370297 3.419600 2.799139 2.946179 3.016001 2.908123 4.307472 2.894052 2.995499 2.727037 2.191927 3.559330 4.985771 
3.362549 2.172360 4.648083 4.461936 4.677135 4.283979 5.110082 3.724076 3.451070 3.482931 2.850170 3.005081 3.064294 2.949159 4.401823 2.945723 3.055428 2.798438 2.244647 3.625551 5.088528 
3.422513 2.236579 4.743945 4.565492 4.776638 4.373120 5.218010 3.793891 3.533409 3.546635 2.901810 3.064796 3.112796 2.989808 4.496965 2.998024 3.115629 2.871426 2.298639 3.691697 5.192393 
3.482339 2.302106 4.841007 4.670965 4.876734 4.462530 5.327536 3.864619 3.617349 3.610708 2.954079 3.125349 3.161517 3.030050 4.592885 3.050979 3.176087 2.946037 2.353943 3.757738 5.297382 
3.541999 2.368960 4.939290 4.778400 4.977398 4.552175 5.438696 3.936289 3.702924 3.675150 3.006995 3.186762 3.210466 3.069867 4.689568 3.104611 3.236787 3.022311 2.410599 3.823638 5.403506 
3.601464 2.437157 5.038817 4.887841 5.078605 4.642018 5.551526 4.008930 3.790170 3.739958 3.060578 3.249061 3.259653 3.109241 4.787001 3.158944 3.297714 3.100285 2.468646 3.889365 5.510782 
3.660702 2.506715 5.139608 4.999334 5.180329 4.732021 5.666061 4.082573 3.879125 3.805130 3.114848 3.312268 3.309089 3.148153 4.885170 3.214004 3.358853 3.179999 2.528126 3.954884 5.619224 
3.719685 2.577651 5.241687 5.112927 5.282544 4.822147 5.782340 4.157247 3.969824 3.870664 3.169826 3.376411 3.358784 3.186584 4.984059 3.269816 3.420187 3.261493 2.589082 4.020161 5.728846 
3.778381 2.649984 5.345076 5.228666 5.385223 4.912358 5.900399 4.232984 4.062305 3.936558 3.225532 3.441514 3.408748 3.224515 5.083653 3.326405 3.481702 3.344807 2.651555 4.085161 5.839664 
3.836758 2.723730 5.449798 5.346600 5.488338 5.002613 6.020276 4.309816 4.156606 4.002810 3.281989 3.507604 3.458994 3.261927 5.183936 3.383799 3.543380 3.429981 2.715588 4.149846 5.951694 
3.894786 2.798909 5.555878 5.466777 5.591863 5.092873 6.142012 4.387776 4.252765 4.069417 3.339217 3.574707 3.509532 3.298802 5.284893 3.442024 3.605205 3.517058 2.781226 4.214181 6.064951 
3.952432 2.875539 5.663339 5.589247 5.695767 5.183096 6.265644 4.466896 4.350820 4.136378 3.397238 3.642850 3.560376 3.335120 5.386506 3.501108 3.667160 3.606079 2.848512 4.278128 6.179452 
4.009664 2.953637 5.772205 5.714060 5.800023 5.273241 6.391212 4.547210 4.450810 4.203691 3.456076 3.712062 3.611537 3.370862 5.488760 3.561079 3.729227 3.697087 2.917493 4.341650 6.295213 
4.066448 3.033222 5.882501 5.841267 5.904600 5.363266 6.518759 4.628754 4.552776 4.271353 3.515752 3.782370 3.663028 3.406008 5.591636 3.621966 3.791390 3.790124 2.988212 4.404708 6.412250 
4.122751 3.114312 5.994253 5.970920 6.009469 5.453128 6.648324 4.711561 4.656757 4.339362 3.576291 3.853803 3.714863 3.440539 5.695117 3.683797 3.853630 3.885235 3.060718 4.467263 6.530582 
4.178539 3.196926 6.107486 6.103070 6.114599 5.542782 6.779950 4.795668 4.762794 4.407717 3.637715 3.926391 3.767055 3.474434 5.799186 3.746604 3.915930 3.982463 3.135056 4.529276 6.650224 
4.233777 3.281083 6.222227 6.237770 6.219959 5.632184 6.913680 4.881110 4.870928 4.476415 3.700049 4.000164 3.819619 3.507675 5.903822 3.810415 3.978271 4.081853 3.211275 4.590707 6.771195 
4.288431 3.366801 6.338500 6.375075 6.325516 5.721289 7.049555 4.967926 4.981201 4.545455 3.763318 4.075151 3.872568 3.540241 6.009008 3.875263 4.040634 4.183451 3.289423 4.651514 6.893512 
4.342465 3.454100 6.456335 6.515039 6.431239 5.810051 7.187621 5.056152 5.093653 4.614834 3.827546 4.151384 3.925918 3.572112 6.114725 3.941177 4.103000 4.287301 3.369549 4.711657 7.017195 
4.395843 3.542997 6.575756 6.657716 6.537095 5.898423 7.327921 5.145827 5.208328 4.684549 3.892758 4.228894 3.979684 3.603269 6.220952 4.008191 4.165350 4.393451 3.451702 4.771093 7.142260 
NaN NaN NaN NaN NaN NaN NaN NaN NaN NaN NaN NaN NaN NaN NaN NaN NaN NaN NaN NaN NaN 
NaN NaN NaN NaN NaN NaN NaN NaN NaN NaN NaN NaN NaN NaN NaN NaN NaN NaN NaN NaN NaN 
NaN NaN NaN NaN NaN NaN NaN NaN NaN NaN NaN NaN NaN NaN NaN NaN NaN NaN NaN NaN NaN 
NaN NaN NaN NaN NaN NaN NaN NaN NaN NaN NaN NaN NaN NaN NaN NaN NaN NaN NaN NaN NaN 
