NaN NaN NaN NaN NaN NaN NaN NaN NaN NaN NaN NaN NaN NaN NaN NaN NaN NaN NaN NaN NaN 
NaN NaN NaN NaN NaN NaN NaN NaN NaN NaN NaN NaN NaN NaN NaN NaN NaN NaN NaN NaN NaN 
NaN NaN NaN NaN NaN NaN NaN NaN NaN NaN NaN NaN NaN NaN NaN NaN NaN NaN NaN NaN NaN 
NaN NaN NaN NaN NaN NaN NaN NaN NaN NaN NaN NaN NaN NaN NaN NaN NaN NaN NaN NaN NaN 
NaN NaN NaN NaN NaN NaN NaN NaN NaN NaN NaN NaN NaN NaN NaN NaN NaN NaN NaN NaN NaN 
-0.641841 -0.240998 -1.555882 -1.208492 -1.798003 -2.194997 -1.258319 -0.909632 -1.562364 -1.408371 -0.722070 -0.409107 -0.519016 -0.210284 -1.799401 -1.149402 -0.948104 -0.892919 -1.506047 -0.709460 -0.662888 
-0.658613 -0.313106 -1.534762 -1.263433 -1.781826 -2.172590 -1.245477 -0.998512 -1.633674 -1.393744 -0.738183 -0.439541 -0.530658 -0.247202 -1.740188 -1.175299 -1.017533 -0.935592 -1.477315 -0.759361 -0.678060 
-0.674377 -0.380151 -1.513698 -1.313242 -1.764124 -2.148407 -1.232885 -1.080870 -1.697863 -1.379009 -0.752339 -0.467866 -0.541722 -0.281928 -1.683151 -1.198114 -1.081034 -0.974213 -1.448286 -0.805093 -0.692486 
-0.689112 -0.442275 -1.492655 -1.358061 -1.744955 -2.122518 -1.220489 -1.156858 -1.755149 -1.364130 -0.764594 -0.494121 -0.552179 -0.314499 -1.628202 -1.217929 -1.138778 -1.008901 -1.418982 -0.846770 -0.706132 
-0.702798 -0.499621 -1.471598 -1.398028 -1.724378 -2.094992 -1.208232 -1.226629 -1.805747 -1.349072 -0.774999 -0.518342 -0.562001 -0.344950 -1.575253 -1.234823 -1.190933 -1.039773 -1.389424 -0.884503 -0.718967 
-0.715416 -0.552327 -1.450491 -1.433281 -1.702448 -2.065895 -1.196060 -1.290333 -1.849871 -1.333800 -0.783609 -0.540568 -0.571161 -0.373319 -1.524218 -1.248874 -1.237666 -1.066943 -1.359632 -0.918404 -0.730958 
-0.726948 -0.600530 -1.429302 -1.463953 -1.679222 -2.035294 -1.183919 -1.348118 -1.887727 -1.318281 -0.790473 -0.560835 -0.579634 -0.399641 -1.475011 -1.260159 -1.279141 -1.090525 -1.329626 -0.948581 -0.742076 
-0.737375 -0.644365 -1.407995 -1.490179 -1.654754 -2.003254 -1.171756 -1.400132 -1.919523 -1.302481 -0.795644 -0.579178 -0.587394 -0.423950 -1.427547 -1.268754 -1.315520 -1.110630 -1.299426 -0.975143 -0.752290 
-0.746681 -0.683965 -1.386538 -1.512088 -1.629095 -1.969838 -1.159519 -1.446520 -1.945462 -1.286368 -0.799170 -0.595634 -0.594416 -0.446282 -1.381743 -1.274734 -1.346962 -1.127367 -1.269051 -0.998195 -0.761570 
-0.754848 -0.719461 -1.364898 -1.529810 -1.602298 -1.935107 -1.147156 -1.487424 -1.965742 -1.269910 -0.801101 -0.610238 -0.600676 -0.466671 -1.337516 -1.278173 -1.373625 -1.140844 -1.238517 -1.017841 -0.769887 
-0.761860 -0.750982 -1.343044 -1.543472 -1.574413 -1.899123 -1.134617 -1.522986 -1.980560 -1.253076 -0.801485 -0.623026 -0.606151 -0.485151 -1.294784 -1.279143 -1.395663 -1.151167 -1.207844 -1.034187 -0.777213 
-0.767704 -0.778655 -1.320944 -1.553199 -1.545488 -1.861945 -1.121851 -1.553347 -1.990109 -1.235835 -0.800369 -0.634031 -0.610817 -0.501756 -1.253467 -1.277715 -1.413229 -1.158441 -1.177047 -1.047332 -0.783520 
-0.772363 -0.802605 -1.298567 -1.559114 -1.515571 -1.823631 -1.108810 -1.578645 -1.994581 -1.218158 -0.797799 -0.643287 -0.614654 -0.516519 -1.213485 -1.273960 -1.426472 -1.162768 -1.146142 -1.057377 -0.788781 
-0.775824 -0.822955 -1.275882 -1.561339 -1.484708 -1.784238 -1.095444 -1.599015 -1.994161 -1.200014 -0.793820 -0.650829 -0.617639 -0.529472 -1.174759 -1.267946 -1.435541 -1.164249 -1.115145 -1.064421 -0.792968 
-0.778074 -0.839826 -1.252861 -1.559991 -1.452945 -1.743823 -1.081706 -1.614593 -1.989033 -1.181376 -0.788477 -0.656690 -0.619752 -0.540647 -1.137212 -1.259741 -1.440582 -1.162983 -1.084071 -1.068562 -0.796056 
-0.779101 -0.853336 -1.229472 -1.555189 -1.420324 -1.702439 -1.067549 -1.625511 -1.979379 -1.162216 -0.781814 -0.660903 -0.620974 -0.550078 -1.100767 -1.249412 -1.441736 -1.159068 -1.052933 -1.069895 -0.798019 
-0.778892 -0.863603 -1.205689 -1.547048 -1.386887 -1.660140 -1.052927 -1.631901 -1.965377 -1.142505 -0.773873 -0.663499 -0.621285 -0.557794 -1.065347 -1.237025 -1.439146 -1.152600 -1.021746 -1.068514 -0.798832 
-0.777437 -0.870742 -1.181482 -1.535681 -1.352677 -1.616977 -1.037795 -1.633892 -1.947199 -1.122218 -0.764696 -0.664512 -0.620666 -0.563828 -1.030880 -1.222644 -1.432949 -1.143671 -0.990522 -1.064512 -0.798470 
-0.774725 -0.874865 -1.156824 -1.521199 -1.317731 -1.573001 -1.022107 -1.631611 -1.925019 -1.101328 -0.754323 -0.663973 -0.619101 -0.568209 -0.997290 -1.206332 -1.423282 -1.132375 -0.959272 -1.057981 -0.796911 
-0.770747 -0.876084 -1.131687 -1.503711 -1.282090 -1.528262 -1.005820 -1.625186 -1.899004 -1.079811 -0.742796 -0.661912 -0.616572 -0.570968 -0.964505 -1.188151 -1.410278 -1.118801 -0.928010 -1.049010 -0.794131 
-0.765493 -0.874506 -1.106046 -1.483325 -1.245789 -1.482806 -0.988892 -1.614739 -1.869320 -1.057640 -0.730153 -0.658361 -0.613063 -0.572135 -0.932453 -1.168162 -1.394070 -1.103039 -0.896745 -1.037687 -0.790106 
-0.758955 -0.870240 -1.079873 -1.460147 -1.208865 -1.436682 -0.971278 -1.600395 -1.836128 -1.034793 -0.716432 -0.653351 -0.608557 -0.571738 -0.901064 -1.146425 -1.374785 -1.085175 -0.865488 -1.024101 -0.784816 
-0.751126 -0.863390 -1.053144 -1.434279 -1.171351 -1.389935 -0.952939 -1.582272 -1.799587 -1.011246 -0.701670 -0.646910 -0.603042 -0.569808 -0.870268 -1.122999 -1.352551 -1.065294 -0.834248 -1.008335 -0.778238 
-0.741998 -0.854059 -1.025833 -1.405823 -1.133281 -1.342608 -0.933833 -1.560491 -1.759853 -0.986976 -0.685905 -0.639069 -0.596501 -0.566372 -0.839996 -1.097940 -1.327492 -1.043481 -0.803034 -0.990474 -0.770352 
-0.731565 -0.842348 -0.997917 -1.374879 -1.094687 -1.294746 -0.913920 -1.535168 -1.717079 -0.961960 -0.669172 -0.629856 -0.588922 -0.561459 -0.810180 -1.071305 -1.299731 -1.019816 -0.771855 -0.970601 -0.761138 
-0.719822 -0.828355 -0.969371 -1.341544 -1.055598 -1.246388 -0.893161 -1.506420 -1.671414 -0.936179 -0.651504 -0.619301 -0.580293 -0.555096 -0.780753 -1.043150 -1.269387 -0.994380 -0.740718 -0.948796 -0.750575 
-0.706763 -0.812177 -0.940171 -1.305913 -1.016045 -1.197577 -0.871517 -1.474360 -1.623004 -0.909609 -0.632937 -0.607432 -0.570600 -0.547310 -0.751651 -1.013528 -1.236578 -0.967250 -0.709630 -0.925138 -0.738645 
-0.692385 -0.793910 -0.910295 -1.268081 -0.976055 -1.148350 -0.848950 -1.439099 -1.571993 -0.882233 -0.613504 -0.594276 -0.559832 -0.538129 -0.722807 -0.982492 -1.201418 -0.938504 -0.678597 -0.899706 -0.725329 
-0.676683 -0.773646 -0.879721 -1.228138 -0.935655 -1.098746 -0.825424 -1.400749 -1.518521 -0.854029 -0.593235 -0.579861 -0.547980 -0.527578 -0.694159 -0.950094 -1.164021 -0.908217 -0.647626 -0.872576 -0.710609 
-0.659655 -0.751475 -0.848427 -1.186174 -0.894869 -1.048801 -0.800902 -1.359419 -1.462724 -0.824979 -0.572162 -0.564214 -0.535033 -0.515684 -0.665643 -0.916384 -1.124498 -0.876460 -0.616720 -0.843823 -0.694469 
-0.641300 -0.727487 -0.816392 -1.142278 -0.853721 -0.998550 -0.775350 -1.315214 -1.404736 -0.795065 -0.550316 -0.547362 -0.520982 -0.502473 -0.637198 -0.881412 -1.082955 -0.843305 -0.585886 -0.813521 -0.676890 
-0.621614 -0.701769 -0.783595 -1.096534 -0.812235 -0.948028 -0.748731 -1.268240 -1.344689 -0.764269 -0.527726 -0.529330 -0.505818 -0.487969 -0.608763 -0.845225 -1.039499 -0.808822 -0.555125 -0.781742 -0.657857 
-0.600597 -0.674405 -0.750015 -1.049027 -0.770431 -0.897268 -0.721012 -1.218601 -1.282709 -0.732575 -0.504421 -0.510145 -0.489534 -0.472197 -0.580278 -0.807871 -0.994234 -0.773079 -0.524442 -0.748555 -0.637355 
-0.578250 -0.645477 -0.715635 -0.999837 -0.728330 -0.846300 -0.692161 -1.166398 -1.218921 -0.699965 -0.480427 -0.489832 -0.472123 -0.455182 -0.551684 -0.769396 -0.947261 -0.736142 -0.493839 -0.714031 -0.615368 
-0.554573 -0.615068 -0.680433 -0.949046 -0.685950 -0.795154 -0.662145 -1.111731 -1.153446 -0.666426 -0.455771 -0.468415 -0.453577 -0.436948 -0.522924 -0.729844 -0.898678 -0.698075 -0.463317 -0.678237 -0.591882 
-0.529567 -0.583254 -0.644392 -0.896730 -0.643308 -0.743861 -0.630931 -1.054698 -1.086403 -0.631940 -0.430480 -0.445920 -0.433892 -0.417517 -0.493941 -0.689260 -0.848581 -0.658940 -0.432878 -0.641238 -0.566883 
-0.503234 -0.550114 -0.607494 -0.842966 -0.600421 -0.692447 -0.598490 -0.995396 -1.017906 -0.596495 -0.404579 -0.422370 -0.413063 -0.396913 -0.464678 -0.647684 -0.797066 -0.618798 -0.402523 -0.603100 -0.540357 
-0.475576 -0.515722 -0.569722 -0.787827 -0.557302 -0.640938 -0.564791 -0.933919 -0.948068 -0.560076 -0.378091 -0.397790 -0.391085 -0.375160 -0.435081 -0.605160 -0.744223 -0.577709 -0.372250 -0.563886 -0.512293 
-0.446598 -0.480151 -0.531058 -0.731386 -0.513967 -0.589360 -0.529804 -0.870361 -0.876996 -0.522670 -0.351039 -0.372201 -0.367955 -0.352278 -0.405097 -0.561726 -0.690143 -0.535729 -0.342059 -0.523657 -0.482679 
-0.416302 -0.443471 -0.491487 -0.673712 -0.470426 -0.537737 -0.493502 -0.804812 -0.804797 -0.484266 -0.323446 -0.345628 -0.343670 -0.328289 -0.374672 -0.517422 -0.634912 -0.492915 -0.311950 -0.482473 -0.451501 
-0.384694 -0.405751 -0.450991 -0.614873 -0.426690 -0.486090 -0.455856 -0.737363 -0.731573 -0.444851 -0.295333 -0.318092 -0.318228 -0.303216 -0.343754 -0.472285 -0.578615 -0.449320 -0.281919 -0.440393 -0.418751 
-0.351778 -0.367057 -0.409557 -0.554936 -0.382769 -0.434442 -0.416840 -0.668100 -0.657424 -0.404414 -0.266720 -0.289616 -0.291627 -0.277079 -0.312293 -0.426352 -0.521334 -0.404996 -0.251964 -0.397474 -0.384417 
-0.317562 -0.327455 -0.367170 -0.493964 -0.338671 -0.382812 -0.376427 -0.597111 -0.582445 -0.362945 -0.237628 -0.260222 -0.263868 -0.249899 -0.280239 -0.379659 -0.463151 -0.359994 -0.222082 -0.353772 -0.348490 
-0.282051 -0.287008 -0.323814 -0.432019 -0.294404 -0.331218 -0.334592 -0.524478 -0.506730 -0.320434 -0.208075 -0.229929 -0.234949 -0.221696 -0.247543 -0.332240 -0.404142 -0.314361 -0.192268 -0.309341 -0.310960 
-0.245254 -0.245775 -0.279478 -0.369162 -0.249971 -0.279679 -0.291309 -0.450286 -0.430369 -0.276871 -0.178078 -0.198760 -0.204871 -0.192489 -0.214157 -0.284128 -0.344383 -0.268146 -0.162518 -0.264234 -0.271819 
-0.207178 -0.203815 -0.234147 -0.305450 -0.205379 -0.228211 -0.246556 -0.374614 -0.353448 -0.232250 -0.147654 -0.166734 -0.173636 -0.162298 -0.180034 -0.235355 -0.283946 -0.221394 -0.132826 -0.218501 -0.231059 
-0.167831 -0.161185 -0.187809 -0.240940 -0.160628 -0.176827 -0.200308 -0.297542 -0.276051 -0.186560 -0.116820 -0.133871 -0.141247 -0.131141 -0.145129 -0.185952 -0.222904 -0.174146 -0.103187 -0.172194 -0.188673 
-0.127224 -0.117940 -0.140451 -0.175686 -0.115723 -0.125542 -0.152544 -0.219146 -0.198259 -0.139797 -0.085591 -0.100191 -0.107705 -0.099038 -0.109396 -0.135949 -0.161324 -0.126446 -0.073594 -0.125359 -0.144654 
-0.085367 -0.074133 -0.092064 -0.109740 -0.070661 -0.074368 -0.103241 -0.139504 -0.120149 -0.091952 -0.053981 -0.065713 -0.073015 -0.066006 -0.072792 -0.085374 -0.099273 -0.078333 -0.044039 -0.078044 -0.098996 
-0.042270 -0.029813 -0.042635 -0.043153 -0.025443 -0.023317 -0.052379 -0.058688 -0.041796 -0.043020 -0.022003 -0.030456 -0.037181 -0.032063 -0.035273 -0.034254 -0.036814 -0.029846 -0.014515 -0.030294 -0.051692 
0.002055 0.014970 0.007846 0.024028 0.019934 0.027603 0.000062 0.023230 0.036730 0.007004 0.010330 0.005563 -0.000208 0.002774 0.003202 0.017384 0.025992 0.018980 0.014987 0.017847 -0.002739 
0.047596 0.060170 0.059389 0.091755 0.065473 0.078383 0.054102 0.106178 0.115361 0.058125 0.043007 0.042325 0.037899 0.038488 0.042673 0.069515 0.089084 0.068109 0.044476 0.066337 0.047869 
0.094339 0.105742 0.112003 0.159985 0.111180 0.129015 0.109759 0.190089 0.194031 0.110347 0.076017 0.079813 0.077133 0.075063 0.083182 0.122115 0.152407 0.117509 0.073963 0.115135 0.100136 
0.142272 0.151644 0.165696 0.228676 0.157060 0.179494 0.167052 0.274895 0.272679 0.163672 0.109350 0.118010 0.117488 0.112483 0.124767 0.175162 0.215906 0.167149 0.103457 0.164202 0.154064 
0.191380 0.197835 0.220478 0.297786 0.203122 0.229815 0.225997 0.360531 0.351246 0.218104 0.142997 0.156900 0.158954 0.150732 0.167466 0.228633 0.279529 0.216998 0.132969 0.213500 0.209656 
0.241649 0.244277 0.276355 0.367277 0.249373 0.279975 0.286610 0.446934 0.429677 0.273645 0.176951 0.196466 0.201524 0.189795 0.211315 0.282509 0.343226 0.267030 0.162513 0.262992 0.266914 
0.293061 0.290932 0.333335 0.437114 0.295825 0.329971 0.348907 0.534042 0.507919 0.330296 0.211203 0.236692 0.245189 0.229658 0.256351 0.336770 0.406949 0.317218 0.192099 0.312644 0.325841 
0.345602 0.337767 0.391425 0.507261 0.342489 0.379803 0.412903 0.621795 0.585923 0.388058 0.245749 0.277564 0.289938 0.270306 0.302609 0.391398 0.470654 0.367538 0.221742 0.362422 0.386436 
0.399255 0.384749 0.450630 0.577685 0.389378 0.429471 0.478612 0.710135 0.663644 0.446930 0.280582 0.319066 0.335762 0.311725 0.350122 0.446376 0.534298 0.417967 0.251454 0.412294 0.448700 
0.454000 0.431847 0.510957 0.648357 0.436505 0.478977 0.546048 0.799005 0.741037 0.506912 0.315698 0.361184 0.382647 0.353903 0.398924 0.501688 0.597840 0.468485 0.281251 0.462231 0.512634 
0.509821 0.479033 0.572409 0.719247 0.483887 0.528325 0.615221 0.888350 0.818064 0.568003 0.351093 0.403904 0.430584 0.396825 0.449046 0.557319 0.661241 0.519074 0.311148 0.512202 0.578235 
0.566698 0.526281 0.634992 0.790330 0.531539 0.577517 0.686145 0.978118 0.894688 0.630201 0.386765 0.447212 0.479558 0.440480 0.500519 0.613256 0.724467 0.569714 0.341159 0.562180 0.645504 
0.624611 0.573565 0.698710 0.861580 0.579481 0.626561 0.758831 1.068258 0.970874 0.693503 0.422712 0.491095 0.529556 0.484854 0.553374 0.669487 0.787484 0.620392 0.371302 0.612140 0.714437 
0.683540 0.620864 0.763565 0.932974 0.627731 0.675462 0.833287 1.158719 1.046593 0.757906 0.458934 0.535540 0.580564 0.529937 0.607640 0.726001 0.850261 0.671093 0.401594 0.662057 0.785032 
0.743463 0.668157 0.829561 1.004492 0.676310 0.724229 0.909525 1.249453 1.121818 0.823406 0.495429 0.580535 0.632568 0.575718 0.663343 0.782787 0.912769 0.721805 0.432052 0.711909 0.857286 
0.804360 0.715425 0.896700 1.076116 0.725239 0.772872 0.987551 1.340416 1.196524 0.889999 0.532199 0.626068 0.685551 0.622184 0.720512 0.839836 0.974981 0.772518 0.462695 0.761672 0.931195 
0.866207 0.762652 0.964984 1.147828 0.774544 0.821401 1.067376 1.431562 1.270689 0.957680 0.569245 0.672127 0.739497 0.669326 0.779173 0.897141 1.036874 0.823223 0.493541 0.811328 1.006755 
0.928981 0.809824 1.034413 1.219613 0.824247 0.869827 1.149004 1.522849 1.344298 1.026442 0.606571 0.718701 0.794389 0.717133 0.839349 0.954695 1.098425 0.873914 0.524610 0.860858 1.083961 
0.992658 0.856927 1.104990 1.291459 0.874375 0.918165 1.232444 1.614235 1.417333 1.096280 0.644180 0.765780 0.850210 0.765596 0.901066 1.012493 1.159615 0.924585 0.555922 0.910245 1.162807 
1.057215 0.903953 1.176713 1.363355 0.924955 0.966429 1.317700 1.705683 1.489785 1.167185 0.682076 0.813353 0.906941 0.814706 0.964346 1.070530 1.220427 0.975233 0.587499 0.959473 1.243288 
1.122625 0.950891 1.249582 1.435291 0.976016 1.014634 1.404777 1.797154 1.561644 1.239151 0.720265 0.861410 0.964563 0.864454 1.029212 1.128804 1.280847 1.025857 0.619362 1.008528 1.325396 
1.188862 0.997736 1.323597 1.507262 1.027587 1.062797 1.493679 1.888612 1.632905 1.312169 0.758752 0.909942 1.023055 0.914831 1.095683 1.187312 1.340862 1.076457 0.651532 1.057398 1.409125 
1.255901 1.044484 1.398756 1.579261 1.079700 1.110938 1.584410 1.980025 1.703566 1.386230 0.797545 0.958940 1.082398 0.965829 1.163781 1.246053 1.400461 1.127034 0.684034 1.106071 1.494466 
1.323714 1.091132 1.475056 1.651287 1.132387 1.159075 1.676972 2.071359 1.773628 1.461324 0.836652 1.008395 1.142571 1.017441 1.233525 1.305029 1.459637 1.177592 0.716889 1.154538 1.581411 
1.392272 1.137679 1.552496 1.723337 1.185683 1.207230 1.771366 2.162584 1.843094 1.537440 0.876081 1.058299 1.203550 1.069660 1.304932 1.364239 1.518384 1.228137 0.750124 1.202791 1.669951 
1.461548 1.184128 1.631072 1.795413 1.239621 1.255424 1.867595 2.253672 1.911972 1.614569 0.915843 1.108644 1.265314 1.122479 1.378019 1.423689 1.576700 1.278675 0.783761 1.250822 1.760077 
1.531511 1.230481 1.710781 1.867517 1.294238 1.303681 1.965657 2.344596 1.980273 1.692697 0.955948 1.159423 1.327839 1.175891 1.452802 1.483379 1.634583 1.329216 0.817828 1.298628 1.851777 
1.602132 1.276745 1.791618 1.939655 1.349573 1.352027 2.065553 2.435329 2.048009 1.771814 0.996407 1.210629 1.391101 1.229891 1.529298 1.543317 1.692036 1.379770 0.852349 1.346204 1.945042 
1.673380 1.322927 1.873578 2.011833 1.405664 1.400486 2.167281 2.525850 2.115198 1.851905 1.037234 1.262256 1.455075 1.284473 1.607518 1.603508 1.749061 1.430350 0.887352 1.393547 2.039860 
1.745224 1.369037 1.956657 2.084061 1.462551 1.449086 2.270839 2.616135 2.181858 1.932957 1.078440 1.314296 1.519736 1.339633 1.687478 1.663960 1.805666 1.480969 0.922863 1.440658 2.136219 
1.817631 1.415086 2.040849 2.156348 1.520277 1.497856 2.376225 2.706165 2.248013 2.014956 1.120042 1.366745 1.585057 1.395365 1.769188 1.724680 1.861858 1.531644 0.958912 1.487537 2.234107 
1.890569 1.461089 2.126147 2.228708 1.578883 1.546825 2.483434 2.795922 2.313689 2.097888 1.162052 1.419598 1.651011 1.451665 1.852660 1.785678 1.917649 1.582391 0.995526 1.534186 2.333509 
1.964005 1.507060 2.212544 2.301155 1.638415 1.596025 2.592462 2.885390 2.378915 2.181736 1.204489 1.472848 1.717572 1.508530 1.937903 1.846966 1.973052 1.633231 1.032736 1.580609 2.434414 
2.037903 1.553018 2.300033 2.373707 1.698919 1.645488 2.703304 2.974552 2.443723 2.266484 1.247368 1.526493 1.784709 1.565956 2.024928 1.908554 2.028083 1.684184 1.070570 1.626811 2.536806 
2.112230 1.598982 2.388606 2.446380 1.760440 1.695248 2.815955 3.063397 2.508148 2.352115 1.290707 1.580528 1.852395 1.623940 2.113742 1.970457 2.082758 1.735273 1.109060 1.672799 2.640670 
2.186950 1.644974 2.478254 2.519197 1.823027 1.745339 2.930407 3.151913 2.572229 2.438612 1.334524 1.634949 1.920599 1.682479 2.204351 2.032688 2.137100 1.786523 1.148237 1.718581 2.745991 
2.262027 1.691018 2.568969 2.592180 1.886730 1.795798 3.046653 3.240090 2.636008 2.525957 1.378840 1.689754 1.989292 1.741572 2.296763 2.095263 2.191129 1.837960 1.188133 1.764167 2.852753 
2.337423 1.737139 2.660740 2.665353 1.951599 1.846662 3.164685 3.327920 2.699530 2.614131 1.423675 1.744938 2.058441 1.801217 2.390982 2.158198 2.244871 1.889611 1.228780 1.809568 2.960939 
2.413101 1.783365 2.753558 2.738743 2.017687 1.897971 3.284494 3.415398 2.762841 2.703114 1.469050 1.800501 2.128015 1.861413 2.487013 2.221511 2.298354 1.941508 1.270212 1.854796 3.070532 
2.489023 1.829726 2.847412 2.812378 2.085046 1.949763 3.406069 3.502519 2.825994 2.792887 1.514987 1.856440 2.197982 1.922158 2.584858 2.285221 2.351606 1.993680 1.312462 1.899866 3.181514 
2.565150 1.876254 2.942291 2.886289 2.153733 2.002081 3.529402 3.589280 2.889042 2.883428 1.561510 1.912754 2.268307 1.983452 2.684520 2.349348 2.404660 2.046162 1.355566 1.944793 3.293867 
2.641443 1.922982 3.038183 2.960509 2.223803 2.054968 3.654480 3.675680 2.952043 2.974716 1.608642 1.969441 2.338957 2.045295 2.785999 2.413912 2.457550 2.098988 1.399557 1.989595 3.407571 
2.717860 1.969947 3.135075 3.035070 2.295312 2.108466 3.781291 3.761720 3.015057 3.066730 1.656408 2.026501 2.409898 2.107688 2.889296 2.478937 2.510312 2.152196 1.444473 2.034290 3.522608 
2.794362 2.017185 3.232956 3.110011 2.368321 2.162621 3.909823 3.847403 3.078147 3.159445 1.704834 2.083934 2.481093 2.170631 2.994411 2.544446 2.562985 2.205823 1.490349 2.078898 3.638956 
2.870906 2.064737 3.331810 3.185368 2.442889 2.217479 4.040062 3.932733 3.141381 3.252840 1.753946 2.141740 2.552507 2.234126 3.101340 2.610463 2.615611 2.259910 1.537222 2.123440 3.756596 
2.947450 2.112645 3.431626 3.261184 2.519077 2.273089 4.171994 4.017717 3.204829 3.346890 1.803773 2.199919 2.624102 2.298174 3.210082 2.677015 2.668234 2.314499 1.585131 2.167940 3.875506 
3.023950 2.160953 3.532387 3.337498 2.596948 2.329500 4.305603 4.102361 3.268562 3.441570 1.854342 2.258472 2.695841 2.362777 3.320632 2.744127 2.720898 2.369633 1.634114 2.212423 3.995663 
3.100364 2.209705 3.634080 3.414357 2.676565 2.386760 4.440874 4.186675 3.332658 3.536855 1.905683 2.317401 2.767687 2.427938 3.432986 2.811829 2.773652 2.425358 1.684209 2.256913 4.117046 
3.176647 2.258951 3.736688 3.491806 2.757995 2.444923 4.577789 4.270671 3.397195 3.632719 1.957826 2.376708 2.839599 2.493659 3.547138 2.880149 2.826547 2.481721 1.735457 2.301439 4.239631 
3.252753 2.308739 3.840196 3.569894 2.841304 2.504040 4.716333 4.354361 3.462256 3.729136 2.010802 2.436394 2.911538 2.559945 3.663081 2.949118 2.879636 2.538771 1.787898 2.346030 4.363395 
3.328637 2.359123 3.944587 3.648669 2.926558 2.564167 4.856486 4.437760 3.527927 3.826077 2.064643 2.496464 2.983464 2.626798 3.780807 3.018768 2.932974 2.596559 1.841573 2.390716 4.488313 
3.404252 2.410154 4.049843 3.728186 3.013829 2.625357 4.998229 4.520885 3.594295 3.923516 2.119382 2.556918 3.055335 2.694223 3.900307 3.089130 2.986618 2.655137 1.896523 2.435530 4.614361 
3.479552 2.461891 4.155948 3.808497 3.103186 2.687669 5.141544 4.603754 3.661453 4.021424 2.175053 2.617762 3.127110 2.762224 4.021572 3.160240 3.040628 2.714558 1.952791 2.480504 4.741512 
3.554487 2.514390 4.262882 3.889658 3.194701 2.751159 5.286409 4.686387 3.729496 4.119771 2.231690 2.678999 3.198747 2.830807 4.144590 3.232132 3.095067 2.774880 2.010420 2.525673 4.869742 
3.629011 2.567711 4.370628 3.971728 3.288447 2.815887 5.432803 4.768805 3.798522 4.218528 2.289329 2.740634 3.270201 2.899977 4.269351 3.304842 3.150000 2.836160 2.069453 2.571074 4.999022 
3.703073 2.621916 4.479165 4.054767 3.384498 2.881914 5.580704 4.851033 3.868631 4.317664 2.348006 2.802671 3.341429 2.969739 4.395840 3.378407 3.205492 2.898457 2.129935 2.616746 5.129327 
3.776623 2.677069 4.588474 4.138836 3.482931 2.949302 5.730089 4.933094 3.939928 4.417148 2.407759 2.865115 3.412386 3.040100 4.524045 3.452867 3.261613 2.961832 2.191911 2.662726 5.260629 
3.849612 2.733237 4.698535 4.224000 3.583822 3.018112 5.880936 5.015016 4.012521 4.516948 2.468625 2.927972 3.483028 3.111067 4.653950 3.528261 3.318435 3.026348 2.255425 2.709056 5.392898 
3.921987 2.790486 4.809326 4.310324 3.687250 3.088410 6.033219 5.096827 4.086519 4.617032 2.530644 2.991248 3.553307 3.182647 4.785540 3.604629 3.376032 3.092069 2.320525 2.755779 5.526106 
3.993698 2.848887 4.920826 4.397876 3.793294 3.160261 6.186914 5.178558 4.162038 4.717366 2.593857 3.054949 3.623177 3.254846 4.918798 3.682013 3.434480 3.159063 2.387257 2.802938 5.660224 
4.064690 2.908512 5.033014 4.486726 3.902035 3.233732 6.341994 5.260241 4.239193 4.817917 2.658303 3.119083 3.692591 3.327674 5.053706 3.760457 3.493857 3.227396 2.455668 2.850579 5.795221 
4.134911 2.969434 5.145865 4.576946 4.013556 3.308892 6.498434 5.341910 4.318104 4.918651 2.724024 3.183656 3.761500 3.401138 5.190246 3.840006 3.554245 3.297140 2.525807 2.898748 5.931066 
4.204307 3.031731 5.259359 4.668609 4.127940 3.385808 6.656205 5.423600 4.398895 5.019532 2.791063 3.248677 3.829855 3.475248 5.328397 3.920703 3.615727 3.368364 2.597722 2.947494 6.067729 
4.272822 3.095479 5.373470 4.761792 4.245273 3.464554 6.815280 5.505348 4.481692 5.120524 2.859464 3.314153 3.897607 3.550012 5.468139 4.002597 3.678387 3.441144 2.671464 2.996866 6.205177 
4.340403 3.160759 5.488174 4.856571 4.365639 3.545199 6.975630 5.587195 4.566624 5.221592 2.929271 3.380093 3.964706 3.625439 5.609451 4.085734 3.742315 3.515553 2.747081 3.046916 6.343378 
4.406992 3.227652 5.603448 4.953027 4.489128 3.627817 7.137225 5.669179 4.653823 5.322698 3.000530 3.446505 4.031100 3.701541 5.752309 4.170164 3.807600 3.591669 2.824626 3.097697 6.482299 
4.472533 3.296243 5.719265 5.051241 4.615827 3.712484 7.300034 5.751344 4.743426 5.423805 3.073286 3.513400 4.096737 3.778327 5.896690 4.255936 3.874334 3.669569 2.904148 3.149262 6.621906 
4.536968 3.366618 5.835600 5.151297 4.745827 3.799275 7.464027 5.833735 4.835571 5.524874 3.147586 3.580787 4.161566 3.855809 6.042568 4.343102 3.942614 3.749335 2.985701 3.201668 6.762164 
4.600239 3.438864 5.952426 5.253280 4.879220 3.888266 7.629172 5.916396 4.930399 5.625867 3.223479 3.648676 4.225532 3.933997 6.189919 4.431715 4.012535 3.831049 3.069336 3.254971 6.903040 
4.662288 3.513072 6.069717 5.357278 5.016098 3.979536 7.795436 5.999377 5.028056 5.726743 3.301014 3.717078 4.288583 4.012904 6.338715 4.521827 4.084198 3.914793 3.155107 3.309231 7.044498 
4.723054 3.589334 6.187446 5.463380 5.156554 4.073165 7.962785 6.082725 5.128691 5.827463 3.380240 3.786003 4.350663 4.092541 6.488930 4.613494 4.157705 4.000654 3.243069 3.364508 7.186501 
4.782478 3.667744 6.305583 5.571678 5.300686 4.169234 8.131185 6.166493 5.232453 5.927985 3.461207 3.855464 4.411717 4.172920 6.640533 4.706771 4.233159 4.088719 3.333275 3.420862 7.329013 
4.840499 3.748397 6.424101 5.682265 5.448589 4.267824 8.300601 6.250733 5.339498 6.028269 3.543968 3.925473 4.471690 4.254056 6.793496 4.801716 4.310668 4.179076 3.425781 3.478358 7.471997 
4.897055 3.831393 6.542971 5.795237 5.600361 4.369020 8.470998 6.335501 5.449984 6.128271 3.628575 3.996040 4.530523 4.335961 6.947787 4.898386 4.390339 4.271817 3.520644 3.537060 7.615415 
4.952085 3.916830 6.662163 5.910690 5.756102 4.472906 8.642338 6.420851 5.564070 6.227949 3.715080 4.067180 4.588161 4.418649 7.103376 4.996840 4.472285 4.367034 3.617918 3.597034 7.759229 
5.005524 4.004812 6.781647 6.028725 5.915912 4.579568 8.814585 6.506844 5.681921 6.327260 3.803539 4.138905 4.644545 4.502134 7.260229 5.097140 4.556619 4.464822 3.717663 3.658348 7.903400 
5.057309 4.095441 6.901393 6.149443 6.079893 4.689093 8.987700 6.593538 5.803704 6.426159 3.894007 4.211229 4.699616 4.586431 7.418312 5.199347 4.643457 4.565275 3.819935 3.721070 8.047888 
5.107377 4.188825 7.021368 6.272946 6.248149 4.801570 9.161645 6.680994 5.929588 6.524601 3.986538 4.284166 4.753314 4.671556 7.577592 5.303523 4.732917 4.668492 3.924793 3.785272 8.192653 
5.155662 4.285071 7.141542 6.399341 6.420784 4.917089 9.336380 6.769277 6.059747 6.622542 4.081191 4.357729 4.805579 4.757522 7.738032 5.409733 4.825119 4.774572 4.032296 3.851026 8.337655 
5.202098 4.384290 7.261882 6.528734 6.597904 5.035740 9.511864 6.858452 6.194357 6.719934 4.178023 4.431935 4.856351 4.844347 7.899595 5.518041 4.920187 4.883616 4.142504 3.918404 8.482852 
5.246619 4.486594 7.382355 6.661234 6.779616 5.157617 9.688057 6.948585 6.333599 6.816732 4.277093 4.506798 4.905567 4.932046 8.062245 5.628514 5.018246 4.995728 4.255478 3.987483 8.628203 
5.289158 4.592096 7.502929 6.796953 6.966029 5.282812 9.864916 7.039745 6.477653 6.912887 4.378459 4.582334 4.953165 5.020637 8.225942 5.741220 5.119423 5.111012 4.371278 4.058338 8.773664 
5.329648 4.700913 7.623568 6.936004 7.157253 5.411421 10.042400 7.132002 6.626706 7.008352 4.482183 4.658559 4.999083 5.110136 8.390647 5.856226 5.223849 5.229574 4.489967 4.131048 8.919193 
5.368019 4.813163 7.744239 7.078502 7.353398 5.543541 10.220463 7.225428 6.780948 7.103079 4.588326 4.735490 5.043255 5.200561 8.556318 5.973602 5.331654 5.351522 4.611606 4.205691 9.064747 
5.404203 4.928966 7.864906 7.224563 7.554577 5.679267 10.399063 7.320097 6.940569 7.197016 4.696950 4.813142 5.085619 5.291930 8.722915 6.093421 5.442975 5.476967 4.736259 4.282350 9.210280 
5.438130 5.048445 7.985535 7.374307 7.760904 5.818700 10.578154 7.416084 7.105766 7.290116 4.808117 4.891534 5.126107 5.384262 8.890395 6.215752 5.557948 5.606020 4.863990 4.361106 9.355749 
5.469729 5.171724 8.106089 7.527856 7.972494 5.961939 10.757691 7.513467 7.276735 7.382326 4.921893 4.970684 5.164656 5.477575 9.058715 6.340670 5.676712 5.738794 4.994862 4.442044 9.501107 
5.498930 5.298928 8.226531 7.685331 8.189463 6.109086 10.937626 7.612325 7.453680 7.473597 5.038342 5.050608 5.201197 5.571888 9.227828 6.468249 5.799409 5.875404 5.128941 4.525249 9.646310 
5.525660 5.430186 8.346824 7.846858 8.411930 6.260243 11.117913 7.712739 7.636803 7.563874 5.157530 5.131327 5.235664 5.667221 9.397691 6.598564 5.926183 6.015968 5.266293 4.610807 9.791310 
5.549847 5.565628 8.466931 8.012563 8.640012 6.415514 11.298504 7.814790 7.826314 7.653108 5.279523 5.212859 5.267988 5.763595 9.568256 6.731693 6.057179 6.160603 5.406984 4.698807 9.936060 
5.571418 5.705387 8.586813 8.182576 8.873830 6.575004 11.479350 7.918563 8.022422 7.741243 5.404388 5.295223 5.298101 5.861029 9.739476 6.867712 6.192547 6.309431 5.551080 4.789340 10.080512 
NaN NaN NaN NaN NaN NaN NaN NaN NaN NaN NaN NaN NaN NaN NaN NaN NaN NaN NaN NaN NaN 
NaN NaN NaN NaN NaN NaN NaN NaN NaN NaN NaN NaN NaN NaN NaN NaN NaN NaN NaN NaN NaN 
NaN NaN NaN NaN NaN NaN NaN NaN NaN NaN NaN NaN NaN NaN NaN NaN NaN NaN NaN NaN NaN 
NaN NaN NaN NaN NaN NaN NaN NaN NaN NaN NaN NaN NaN NaN NaN NaN NaN NaN NaN NaN NaN 
