NaN NaN NaN NaN NaN NaN NaN NaN NaN NaN NaN NaN NaN NaN NaN NaN NaN NaN NaN NaN NaN NaN NaN NaN NaN NaN NaN NaN 
NaN NaN NaN NaN NaN NaN NaN NaN NaN NaN NaN NaN NaN NaN NaN NaN NaN NaN NaN NaN NaN NaN NaN NaN NaN NaN NaN NaN 
NaN NaN NaN NaN NaN NaN NaN NaN NaN NaN NaN NaN NaN NaN NaN NaN NaN NaN NaN NaN NaN NaN NaN NaN NaN NaN NaN NaN 
NaN NaN NaN NaN NaN NaN NaN NaN NaN NaN NaN NaN NaN NaN NaN NaN NaN NaN NaN NaN NaN NaN NaN NaN NaN NaN NaN NaN 
NaN NaN NaN NaN NaN NaN NaN NaN NaN NaN NaN NaN NaN NaN NaN NaN NaN NaN NaN NaN NaN NaN NaN NaN NaN NaN NaN NaN 
-0.928877 -0.790890 -0.811380 -1.031622 -0.878248 -0.446113 -0.368449 -0.359556 -0.993996 -1.145283 -0.914519 -0.364320 -0.747098 -0.715929 -0.390939 -0.324306 -0.304406 -0.493258 -0.950125 -1.162097 -0.226631 -0.654050 -0.589017 -1.068077 -1.024038 -0.305279 -0.597848 -0.589002 
-0.921703 -0.791493 -0.817402 -1.044557 -0.870318 -0.461711 -0.379136 -0.381859 -0.972610 -1.134306 -0.896542 -0.402258 -0.752376 -0.732551 -0.408222 -0.350384 -0.310790 -0.507771 -0.961378 -1.145156 -0.256526 -0.681190 -0.606542 -1.057819 -1.020949 -0.311935 -0.601632 -0.600912 
-0.914096 -0.791304 -0.822380 -1.055693 -0.862173 -0.476293 -0.389042 -0.402731 -0.951647 -1.122805 -0.878777 -0.438006 -0.756539 -0.747255 -0.424365 -0.374690 -0.317054 -0.521402 -0.971140 -1.128374 -0.284693 -0.706154 -0.622725 -1.047131 -1.017006 -0.318257 -0.604841 -0.611586 
-0.906051 -0.790331 -0.826321 -1.065059 -0.853797 -0.489859 -0.398169 -0.422187 -0.931082 -1.110780 -0.861209 -0.471585 -0.759608 -0.760088 -0.439374 -0.397254 -0.323167 -0.534140 -0.979430 -1.111719 -0.311153 -0.728981 -0.637574 -1.036011 -1.012221 -0.324230 -0.607467 -0.621041 
-0.897567 -0.788582 -0.829235 -1.072686 -0.845177 -0.502407 -0.406518 -0.440243 -0.910887 -1.098231 -0.843820 -0.503018 -0.761603 -0.771098 -0.453254 -0.418106 -0.329100 -0.545974 -0.986263 -1.095159 -0.335928 -0.749709 -0.651098 -1.024457 -1.006602 -0.329839 -0.609503 -0.629297 
-0.888638 -0.786066 -0.831129 -1.078601 -0.836297 -0.513937 -0.414092 -0.456916 -0.891035 -1.085160 -0.826594 -0.532327 -0.762544 -0.780332 -0.466013 -0.437277 -0.334823 -0.556893 -0.991656 -1.078663 -0.359039 -0.768376 -0.663307 -1.012466 -1.000159 -0.335070 -0.610944 -0.636372 
-0.879262 -0.782791 -0.832011 -1.082833 -0.827143 -0.524446 -0.420893 -0.472219 -0.871501 -1.071567 -0.809515 -0.559533 -0.762452 -0.787835 -0.477655 -0.454795 -0.340308 -0.566887 -0.995626 -1.062200 -0.380506 -0.785018 -0.674211 -1.000037 -0.992901 -0.339908 -0.611783 -0.642284 
-0.869436 -0.778764 -0.831889 -1.085410 -0.817702 -0.533936 -0.426924 -0.486168 -0.852259 -1.057453 -0.792568 -0.584658 -0.761346 -0.793653 -0.488188 -0.470690 -0.345525 -0.575946 -0.998190 -1.045740 -0.400351 -0.799672 -0.683818 -0.987168 -0.984837 -0.344341 -0.612014 -0.647052 
-0.859157 -0.773993 -0.830772 -1.086362 -0.807959 -0.542405 -0.432187 -0.498779 -0.833283 -1.042820 -0.775735 -0.607724 -0.759244 -0.797831 -0.497617 -0.484990 -0.350449 -0.584062 -0.999363 -1.029253 -0.418594 -0.812374 -0.692137 -0.973856 -0.975976 -0.348354 -0.611631 -0.650694 
-0.848421 -0.768487 -0.828668 -1.085715 -0.797901 -0.549852 -0.436684 -0.510065 -0.814549 -1.027668 -0.759003 -0.628753 -0.756168 -0.800412 -0.505949 -0.497726 -0.355050 -0.591224 -0.999162 -1.012709 -0.435257 -0.823160 -0.699178 -0.960100 -0.966328 -0.351935 -0.610629 -0.653227 
-0.837225 -0.762252 -0.825583 -1.083496 -0.787516 -0.556279 -0.440417 -0.520042 -0.796032 -1.011999 -0.742355 -0.647767 -0.752134 -0.801441 -0.513190 -0.508925 -0.359304 -0.597424 -0.997604 -0.996080 -0.450359 -0.832065 -0.704949 -0.945898 -0.955901 -0.355070 -0.609002 -0.654668 
-0.825568 -0.755296 -0.821528 -1.079735 -0.776791 -0.561684 -0.443389 -0.528725 -0.777707 -0.995814 -0.725777 -0.664786 -0.747162 -0.800960 -0.519347 -0.518617 -0.363183 -0.602654 -0.994703 -0.979338 -0.463921 -0.839125 -0.709460 -0.931248 -0.944703 -0.357747 -0.606744 -0.655037 
-0.813445 -0.747628 -0.816509 -1.074456 -0.765713 -0.566069 -0.445603 -0.536128 -0.759550 -0.979116 -0.709252 -0.679832 -0.741271 -0.799011 -0.524427 -0.526827 -0.366661 -0.606905 -0.990476 -0.962456 -0.475963 -0.844372 -0.712719 -0.916148 -0.932744 -0.359953 -0.603853 -0.654348 
-0.800856 -0.739254 -0.810535 -1.067688 -0.754271 -0.569433 -0.447062 -0.542265 -0.741539 -0.961905 -0.692768 -0.692928 -0.734477 -0.795637 -0.528437 -0.533586 -0.369715 -0.610171 -0.984939 -0.945405 -0.486507 -0.847842 -0.714736 -0.900596 -0.920033 -0.361676 -0.600321 -0.652620 
-0.787797 -0.730181 -0.803614 -1.059455 -0.742453 -0.571778 -0.447767 -0.547150 -0.723650 -0.944184 -0.676309 -0.704094 -0.726800 -0.790877 -0.531383 -0.538920 -0.372319 -0.612442 -0.978107 -0.928159 -0.495571 -0.849567 -0.715520 -0.884590 -0.906577 -0.362905 -0.596145 -0.649869 
-0.774265 -0.720417 -0.795755 -1.049786 -0.730247 -0.573104 -0.447722 -0.550797 -0.705859 -0.925953 -0.659860 -0.713351 -0.718257 -0.784772 -0.533273 -0.542857 -0.374449 -0.613714 -0.969995 -0.910692 -0.503176 -0.849580 -0.715080 -0.868128 -0.892385 -0.363628 -0.591321 -0.646111 
-0.760259 -0.709970 -0.786964 -1.038705 -0.717642 -0.573412 -0.446929 -0.553221 -0.688146 -0.907216 -0.643408 -0.720722 -0.708865 -0.777362 -0.534114 -0.545423 -0.376082 -0.613978 -0.960620 -0.892978 -0.509341 -0.847914 -0.713424 -0.851209 -0.877466 -0.363833 -0.585845 -0.641363 
-0.745777 -0.698845 -0.777251 -1.026238 -0.704628 -0.572703 -0.445391 -0.554436 -0.670486 -0.887974 -0.626939 -0.726227 -0.698642 -0.768685 -0.533913 -0.546647 -0.377195 -0.613228 -0.949996 -0.874993 -0.514088 -0.844600 -0.710562 -0.833831 -0.861828 -0.363511 -0.579712 -0.635642 
-0.730816 -0.687050 -0.766624 -1.012410 -0.691195 -0.570979 -0.443111 -0.554453 -0.652860 -0.868229 -0.610439 -0.729888 -0.687603 -0.758781 -0.532678 -0.546553 -0.377765 -0.611459 -0.938138 -0.856711 -0.517434 -0.839671 -0.706502 -0.815992 -0.845478 -0.362649 -0.572919 -0.628962 
-0.715375 -0.674593 -0.755090 -0.997247 -0.677332 -0.568241 -0.440092 -0.553289 -0.635245 -0.847984 -0.593894 -0.731725 -0.675766 -0.747686 -0.530416 -0.545169 -0.377771 -0.608665 -0.925062 -0.838109 -0.519401 -0.833156 -0.701253 -0.797689 -0.828425 -0.361238 -0.565463 -0.621340 
-0.699451 -0.661479 -0.742658 -0.980773 -0.663029 -0.564492 -0.436336 -0.550954 -0.617620 -0.827241 -0.577291 -0.731760 -0.663147 -0.735438 -0.527135 -0.542521 -0.377191 -0.604841 -0.910782 -0.819162 -0.520006 -0.825088 -0.694825 -0.778922 -0.810678 -0.359267 -0.557340 -0.612791 
-0.683043 -0.647715 -0.729337 -0.963012 -0.648278 -0.559733 -0.431848 -0.547464 -0.599964 -0.806002 -0.560617 -0.730014 -0.649763 -0.722073 -0.522843 -0.538635 -0.376005 -0.599981 -0.895313 -0.799848 -0.519271 -0.815495 -0.687225 -0.759689 -0.792242 -0.356727 -0.548547 -0.603331 
-0.666150 -0.633309 -0.715133 -0.943989 -0.633068 -0.553966 -0.426629 -0.542831 -0.582258 -0.784270 -0.543860 -0.726508 -0.635628 -0.707627 -0.517547 -0.533537 -0.374192 -0.594082 -0.878670 -0.780144 -0.517213 -0.804407 -0.678464 -0.739987 -0.773128 -0.353607 -0.539083 -0.592974 
-0.648769 -0.618266 -0.700056 -0.923729 -0.617392 -0.547193 -0.420683 -0.537067 -0.564482 -0.762048 -0.527005 -0.721263 -0.620760 -0.692135 -0.511255 -0.527251 -0.371733 -0.587139 -0.860866 -0.760028 -0.513853 -0.791854 -0.668549 -0.719816 -0.753341 -0.349900 -0.528943 -0.581736 
-0.630900 -0.602594 -0.684114 -0.902253 -0.601241 -0.539418 -0.414014 -0.530186 -0.546615 -0.739338 -0.510041 -0.714299 -0.605172 -0.675632 -0.503976 -0.519803 -0.368607 -0.579147 -0.841918 -0.739479 -0.509209 -0.777864 -0.657489 -0.699173 -0.732890 -0.345595 -0.518126 -0.569631 
-0.612541 -0.586298 -0.667314 -0.879587 -0.584606 -0.530643 -0.406623 -0.522201 -0.528639 -0.716144 -0.492956 -0.705638 -0.588880 -0.658150 -0.495717 -0.511217 -0.364798 -0.570104 -0.821838 -0.718475 -0.503300 -0.762465 -0.645293 -0.678056 -0.711782 -0.340684 -0.506629 -0.556673 
-0.593690 -0.569384 -0.649666 -0.855753 -0.567480 -0.520871 -0.398516 -0.513123 -0.510534 -0.692467 -0.475737 -0.695301 -0.571899 -0.639725 -0.486488 -0.501520 -0.360286 -0.560007 -0.800641 -0.696996 -0.496145 -0.745686 -0.631970 -0.656465 -0.690025 -0.335158 -0.494452 -0.542878 
-0.574348 -0.551860 -0.631177 -0.830773 -0.549855 -0.510105 -0.389694 -0.502965 -0.492283 -0.668312 -0.458372 -0.683307 -0.554244 -0.620387 -0.476296 -0.490734 -0.355053 -0.548852 -0.778340 -0.675022 -0.487763 -0.727552 -0.617529 -0.634397 -0.667625 -0.329010 -0.481591 -0.528259 
-0.554512 -0.533730 -0.611855 -0.804671 -0.531725 -0.498348 -0.380162 -0.491740 -0.473867 -0.643681 -0.440849 -0.669678 -0.535929 -0.600169 -0.465150 -0.478884 -0.349084 -0.536637 -0.754951 -0.652533 -0.478172 -0.708092 -0.601978 -0.611850 -0.644591 -0.322231 -0.468046 -0.512830 
-0.534183 -0.515002 -0.591709 -0.777468 -0.513081 -0.485604 -0.369922 -0.479460 -0.455269 -0.618578 -0.423158 -0.654435 -0.516968 -0.579102 -0.453058 -0.465995 -0.342360 -0.523360 -0.730486 -0.629511 -0.467391 -0.687332 -0.585325 -0.588824 -0.620929 -0.314814 -0.453815 -0.496605 
-0.513358 -0.495680 -0.570747 -0.749187 -0.493918 -0.471876 -0.358979 -0.466136 -0.436470 -0.593006 -0.405286 -0.637597 -0.497374 -0.557218 -0.440030 -0.452089 -0.334867 -0.509019 -0.704959 -0.605937 -0.455438 -0.665296 -0.567580 -0.565316 -0.596645 -0.306751 -0.438897 -0.479597 
-0.492038 -0.475772 -0.548977 -0.719850 -0.474230 -0.457168 -0.347335 -0.451781 -0.417454 -0.566968 -0.387223 -0.619186 -0.477162 -0.534544 -0.426074 -0.437190 -0.326589 -0.493612 -0.678383 -0.581792 -0.442331 -0.642012 -0.548751 -0.541325 -0.571748 -0.298035 -0.423291 -0.461819 
-0.470222 -0.455281 -0.526408 -0.689477 -0.454011 -0.441485 -0.334995 -0.436405 -0.398205 -0.540469 -0.368957 -0.599222 -0.456345 -0.511112 -0.411200 -0.421322 -0.317511 -0.477140 -0.650773 -0.557060 -0.428089 -0.617503 -0.528846 -0.516849 -0.546244 -0.288660 -0.406998 -0.443285 
-0.447909 -0.434216 -0.503047 -0.658090 -0.433254 -0.424831 -0.321962 -0.420022 -0.378705 -0.513511 -0.350479 -0.577725 -0.434935 -0.486950 -0.395415 -0.404507 -0.307618 -0.459600 -0.622141 -0.531724 -0.412730 -0.591795 -0.507875 -0.491887 -0.520139 -0.278619 -0.390015 -0.424008 
-0.425100 -0.412579 -0.478904 -0.625711 -0.411955 -0.407209 -0.308239 -0.402641 -0.358940 -0.486099 -0.331776 -0.554716 -0.412946 -0.462086 -0.378730 -0.386767 -0.296896 -0.440993 -0.592501 -0.505767 -0.396272 -0.564910 -0.485845 -0.466438 -0.493440 -0.267905 -0.372344 -0.404000 
-0.401793 -0.390379 -0.453985 -0.592358 -0.390109 -0.388626 -0.293831 -0.384275 -0.338893 -0.458236 -0.312840 -0.530215 -0.390390 -0.436546 -0.361153 -0.368127 -0.285333 -0.421318 -0.561864 -0.479173 -0.378732 -0.536873 -0.462765 -0.440499 -0.466154 -0.256514 -0.353984 -0.383273 
-0.377989 -0.367619 -0.428300 -0.558054 -0.367711 -0.369084 -0.278741 -0.364934 -0.318549 -0.429927 -0.293659 -0.504242 -0.367280 -0.410359 -0.342695 -0.348607 -0.272915 -0.400576 -0.530246 -0.451927 -0.360128 -0.507707 -0.438644 -0.414069 -0.438287 -0.244438 -0.334935 -0.361840 
-0.353687 -0.344305 -0.401857 -0.522817 -0.344757 -0.348590 -0.262973 -0.344629 -0.297893 -0.401175 -0.274224 -0.476818 -0.343628 -0.383549 -0.323364 -0.328230 -0.259630 -0.378768 -0.497657 -0.424013 -0.340479 -0.477435 -0.413489 -0.387146 -0.409846 -0.231673 -0.315199 -0.339713 
-0.328888 -0.320442 -0.374664 -0.486669 -0.321243 -0.327149 -0.246530 -0.323372 -0.276911 -0.371985 -0.254526 -0.447962 -0.319445 -0.356144 -0.303171 -0.307017 -0.245467 -0.355893 -0.464111 -0.395419 -0.319801 -0.446078 -0.387311 -0.359730 -0.380836 -0.218214 -0.294775 -0.316905 
-0.303592 -0.296035 -0.346730 -0.449627 -0.297165 -0.304766 -0.229418 -0.301173 -0.255589 -0.342361 -0.234554 -0.417695 -0.294743 -0.328166 -0.282124 -0.284989 -0.230413 -0.331955 -0.429620 -0.366129 -0.298112 -0.413657 -0.360116 -0.331819 -0.351264 -0.204056 -0.273664 -0.293425 
-0.277800 -0.271090 -0.318062 -0.411712 -0.272520 -0.281447 -0.211640 -0.278042 -0.233912 -0.312307 -0.214299 -0.386037 -0.269533 -0.299641 -0.260235 -0.262169 -0.214459 -0.306954 -0.394197 -0.336130 -0.275429 -0.380196 -0.331913 -0.303411 -0.321136 -0.189193 -0.251868 -0.269287 
-0.251510 -0.245612 -0.288669 -0.372942 -0.247305 -0.257197 -0.193199 -0.253991 -0.211868 -0.281828 -0.193753 -0.353007 -0.243827 -0.270592 -0.237512 -0.238577 -0.197595 -0.280893 -0.357853 -0.305410 -0.251769 -0.345713 -0.302711 -0.274504 -0.290458 -0.173623 -0.229388 -0.244501 
-0.224725 -0.219605 -0.258559 -0.333337 -0.221517 -0.232022 -0.174101 -0.229029 -0.189443 -0.250929 -0.172905 -0.318626 -0.217635 -0.241041 -0.213966 -0.214234 -0.179810 -0.253774 -0.320602 -0.273956 -0.227150 -0.310229 -0.272518 -0.245098 -0.259236 -0.157341 -0.206226 -0.219078 
-0.197444 -0.193073 -0.227741 -0.292914 -0.195154 -0.205929 -0.154349 -0.203166 -0.166625 -0.219613 -0.151748 -0.282914 -0.190968 -0.211012 -0.189607 -0.189160 -0.161095 -0.225599 -0.282455 -0.241757 -0.201588 -0.273765 -0.241342 -0.215192 -0.227475 -0.140342 -0.182382 -0.193029 
-0.169669 -0.166023 -0.196223 -0.251692 -0.168214 -0.178924 -0.133947 -0.176413 -0.143401 -0.187887 -0.130273 -0.245890 -0.163836 -0.180526 -0.164445 -0.163375 -0.141443 -0.196372 -0.243424 -0.208800 -0.175101 -0.236339 -0.209192 -0.184782 -0.195182 -0.122625 -0.157860 -0.166365 
-0.141399 -0.138458 -0.164013 -0.209688 -0.140695 -0.151013 -0.112900 -0.148779 -0.119760 -0.155754 -0.108472 -0.207574 -0.136249 -0.149603 -0.138491 -0.136901 -0.120845 -0.166097 -0.203521 -0.175076 -0.147705 -0.197970 -0.176076 -0.153870 -0.162361 -0.104185 -0.132662 -0.139097 
-0.112637 -0.110383 -0.131120 -0.166920 -0.112595 -0.122203 -0.091212 -0.120275 -0.095689 -0.123220 -0.086336 -0.167985 -0.108217 -0.118264 -0.111756 -0.109755 -0.099293 -0.134776 -0.162757 -0.140574 -0.119416 -0.158677 -0.142002 -0.122452 -0.129019 -0.085020 -0.106789 -0.111234 
-0.083382 -0.081802 -0.097552 -0.123406 -0.083914 -0.092501 -0.068887 -0.090909 -0.071178 -0.090290 -0.063858 -0.127144 -0.079750 -0.086529 -0.084249 -0.081958 -0.076781 -0.102415 -0.121144 -0.105284 -0.090252 -0.118478 -0.106977 -0.090527 -0.095160 -0.065126 -0.080245 -0.082786 
-0.053636 -0.052720 -0.063318 -0.079162 -0.054651 -0.061913 -0.045930 -0.060692 -0.046215 -0.056969 -0.041029 -0.085071 -0.050856 -0.054417 -0.055982 -0.053529 -0.053302 -0.069017 -0.078693 -0.069198 -0.060229 -0.077389 -0.071012 -0.058095 -0.060791 -0.044503 -0.053032 -0.053764 
-0.023401 -0.023141 -0.028425 -0.034205 -0.024804 -0.030449 -0.022345 -0.029632 -0.020790 -0.023263 -0.017843 -0.041783 -0.021546 -0.021946 -0.026965 -0.024488 -0.028850 -0.034588 -0.035416 -0.032305 -0.029362 -0.035429 -0.034113 -0.025154 -0.025915 -0.023147 -0.025153 -0.024177 
0.007323 0.006931 0.007118 0.011448 0.005624 0.001886 0.001863 0.002262 0.005106 0.010824 0.005709 0.002698 0.008173 0.010867 0.002790 0.005148 -0.003421 0.000868 0.008676 0.005401 0.002331 0.007388 0.003711 0.008297 0.009461 -0.001057 0.003388 0.005965 
0.038534 0.037492 0.043302 0.057781 0.036636 0.035084 0.026689 0.034979 0.031485 0.045285 0.029632 0.048353 0.038292 0.044003 0.033273 0.035360 0.022992 0.037344 0.053573 0.043929 0.034834 0.051043 0.042452 0.042260 0.045333 0.021768 0.032587 0.036654 
0.070230 0.068537 0.080120 0.104779 0.068230 0.069137 0.052130 0.068512 0.058355 0.080116 0.053935 0.095164 0.068802 0.077447 0.064473 0.066128 0.050392 0.074835 0.099263 0.083285 0.068132 0.095523 0.082103 0.076735 0.081695 0.045330 0.062442 0.067880 
0.102410 0.100063 0.117562 0.152425 0.100405 0.104036 0.078180 0.102851 0.085725 0.115309 0.078624 0.143110 0.099695 0.111183 0.096377 0.097436 0.078782 0.113334 0.145735 0.123478 0.102209 0.140811 0.122654 0.111725 0.118543 0.069630 0.092949 0.099635 
0.135072 0.132066 0.155620 0.200705 0.133160 0.139773 0.104834 0.137988 0.113605 0.150861 0.103705 0.192173 0.130964 0.145196 0.128975 0.129266 0.108167 0.152836 0.192979 0.164511 0.137048 0.186893 0.164098 0.147230 0.155873 0.094668 0.124102 0.131909 
0.168215 0.164543 0.194287 0.249602 0.166494 0.176341 0.132089 0.173915 0.142002 0.186763 0.129185 0.242332 0.162601 0.179471 0.162256 0.161599 0.138549 0.193332 0.240984 0.206392 0.172635 0.233755 0.206427 0.183251 0.193679 0.120445 0.155898 0.164695 
0.201836 0.197489 0.233553 0.299103 0.200405 0.213730 0.159938 0.210622 0.170925 0.223012 0.155070 0.293570 0.194599 0.213994 0.196207 0.194419 0.169929 0.234817 0.289740 0.249126 0.208954 0.281384 0.249632 0.219790 0.231957 0.146961 0.188332 0.197984 
0.235933 0.230901 0.273409 0.349193 0.234891 0.251932 0.188378 0.248103 0.200380 0.259600 0.181366 0.345867 0.226951 0.248752 0.230816 0.227709 0.202311 0.277281 0.339237 0.292716 0.245988 0.329765 0.293707 0.256848 0.270702 0.174215 0.221399 0.231768 
0.270504 0.264776 0.313849 0.399857 0.269949 0.290938 0.217402 0.286348 0.230377 0.296521 0.208078 0.399204 0.259649 0.283733 0.266073 0.261451 0.235694 0.320718 0.389464 0.337168 0.283724 0.378887 0.338642 0.294425 0.309911 0.202208 0.255095 0.266039 
0.305547 0.299110 0.354863 0.451082 0.305576 0.330738 0.247007 0.325350 0.260920 0.333770 0.235213 0.453561 0.292688 0.318924 0.301965 0.295630 0.270079 0.365119 0.440411 0.382485 0.322145 0.428737 0.384431 0.332524 0.349579 0.230938 0.289414 0.300790 
0.341059 0.333899 0.396442 0.502854 0.341771 0.371324 0.277187 0.365101 0.292017 0.371338 0.262774 0.508921 0.326061 0.354315 0.338480 0.330228 0.305467 0.410475 0.492069 0.428669 0.361236 0.479303 0.431064 0.371144 0.389701 0.260404 0.324351 0.336013 
0.377039 0.369142 0.438579 0.555160 0.378528 0.412685 0.307937 0.405593 0.323675 0.409221 0.290769 0.565263 0.359762 0.389894 0.375606 0.365230 0.341856 0.456777 0.544427 0.475724 0.400983 0.530573 0.478534 0.410288 0.430274 0.290606 0.359899 0.371702 
0.413483 0.404834 0.481265 0.607985 0.415845 0.454812 0.339252 0.446819 0.355898 0.447411 0.319201 0.622569 0.393785 0.425651 0.413331 0.400620 0.379246 0.504015 0.597477 0.523651 0.441370 0.582537 0.526834 0.449957 0.471293 0.321541 0.396054 0.407848 
0.450389 0.440972 0.524491 0.661318 0.453717 0.497696 0.371126 0.488772 0.388693 0.485902 0.348075 0.680821 0.428125 0.461578 0.451641 0.436382 0.417636 0.552181 0.651207 0.572452 0.482383 0.635185 0.575956 0.490151 0.512755 0.353208 0.432809 0.444446 
0.487754 0.477554 0.568249 0.715146 0.492140 0.541325 0.403555 0.531443 0.422064 0.524687 0.377396 0.739999 0.462777 0.497665 0.490526 0.472502 0.457022 0.601264 0.705610 0.622128 0.524007 0.688506 0.625890 0.530871 0.554657 0.385604 0.470157 0.481489 
0.525575 0.514576 0.612531 0.769456 0.531110 0.585689 0.436533 0.574827 0.456016 0.563759 0.407169 0.800085 0.497735 0.533904 0.529971 0.508963 0.497403 0.651253 0.760675 0.672680 0.566228 0.742491 0.676631 0.572118 0.596993 0.418727 0.508093 0.518969 
0.563848 0.552037 0.657327 0.824237 0.570621 0.630779 0.470055 0.618916 0.490553 0.603110 0.437396 0.861060 0.532995 0.570289 0.569965 0.545751 0.538775 0.702138 0.816394 0.724108 0.609030 0.797131 0.728170 0.613894 0.639761 0.452575 0.546610 0.556882 
0.602572 0.589932 0.702630 0.879477 0.610668 0.676584 0.504115 0.663704 0.525681 0.642734 0.468083 0.922906 0.568551 0.606811 0.610495 0.582852 0.581135 0.753908 0.872757 0.776410 0.652399 0.852417 0.780499 0.656200 0.682958 0.487144 0.585699 0.595221 
0.641743 0.628261 0.748431 0.935163 0.651246 0.723091 0.538708 0.709183 0.561401 0.682624 0.499232 0.985604 0.604401 0.643466 0.651547 0.620251 0.624478 0.806551 0.929756 0.829587 0.696322 0.908342 0.833611 0.699036 0.726579 0.522432 0.625356 0.633981 
0.681357 0.667019 0.794722 0.991286 0.692348 0.770292 0.573828 0.755346 0.597718 0.722772 0.530849 1.049136 0.640539 0.680247 0.693109 0.657934 0.668800 0.860055 0.987381 0.883636 0.740784 0.964897 0.887497 0.742404 0.770621 0.558434 0.665571 0.673155 
0.721412 0.706205 0.841493 1.047834 0.733968 0.818174 0.609470 0.802189 0.634634 0.763170 0.562934 1.113483 0.676963 0.717149 0.735167 0.695887 0.714095 0.914408 1.045624 0.938555 0.785772 1.022075 0.942151 0.786304 0.815082 0.595147 0.706338 0.712738 
0.761903 0.745816 0.888737 1.104796 0.776100 0.866725 0.645628 0.849704 0.672153 0.803812 0.595493 1.178627 0.713668 0.754169 0.777709 0.734096 0.760357 0.969598 1.104477 0.994343 0.831270 1.079870 0.997564 0.830737 0.859958 0.632567 0.747648 0.752726 
0.802826 0.785850 0.936445 1.162162 0.818737 0.915935 0.682296 0.897885 0.710275 0.844689 0.628528 1.244549 0.750652 0.791303 0.820720 0.772549 0.807581 1.025612 1.163931 1.050995 0.877265 1.138276 1.053730 0.875704 0.905245 0.670689 0.789494 0.793113 
0.844179 0.826306 0.984608 1.219922 0.861871 0.965791 0.719470 0.946727 0.749004 0.885794 0.662041 1.311231 0.787910 0.828547 0.864188 0.811231 0.855758 1.082437 1.223977 1.108509 0.923744 1.197287 1.110639 0.921207 0.950942 0.709509 0.831867 0.833894 
0.885958 0.867180 1.033218 1.278066 0.905495 1.016281 0.757142 0.996223 0.788340 0.927119 0.696036 1.378656 0.825442 0.865900 0.908098 0.850130 0.904883 1.140058 1.284607 1.166879 0.970693 1.256896 1.168285 0.967246 0.997045 0.749022 0.874759 0.875065 
0.928157 0.908470 1.082267 1.336584 0.949601 1.067394 0.795307 1.046368 0.828284 0.968656 0.730514 1.446804 0.863243 0.903360 0.952437 0.889234 0.954946 1.198463 1.345815 1.226103 1.018098 1.317101 1.226661 1.013821 1.043552 0.789222 0.918161 0.916622 
0.970775 0.950176 1.131745 1.395468 0.994181 1.119117 0.833960 1.097155 0.868838 1.010397 0.765477 1.515658 0.901312 0.940926 0.997192 0.928530 1.005939 1.257636 1.407590 1.286174 1.065947 1.377896 1.285758 1.060935 1.090459 0.830105 0.962064 0.958559 
1.013805 0.992295 1.181644 1.454708 1.039226 1.171436 0.873094 1.148581 0.910002 1.052334 0.800928 1.585200 0.939647 0.978598 1.042348 0.968006 1.057854 1.317564 1.469926 1.347086 1.114225 1.439277 1.345569 1.108586 1.137765 0.871664 1.006460 1.000875 
1.057244 1.034825 1.231956 1.514296 1.084728 1.224341 0.912703 1.200638 0.951776 1.094459 0.836869 1.655412 0.978246 1.016375 1.087891 1.007650 1.110680 1.378231 1.532815 1.408834 1.162919 1.501241 1.406087 1.156778 1.185466 0.913893 1.051338 1.043563 
1.101088 1.077765 1.282672 1.574222 1.130677 1.277816 0.952781 1.253324 0.994159 1.136762 0.873300 1.726275 1.017107 1.054259 1.133807 1.047450 1.164408 1.439622 1.596249 1.471412 1.212018 1.563786 1.467304 1.205509 1.233561 0.956786 1.096689 1.086622 
1.145332 1.121113 1.333783 1.634480 1.177064 1.331850 0.993323 1.306631 1.037151 1.179236 0.910223 1.797772 1.056229 1.092251 1.180082 1.087395 1.219027 1.501722 1.660222 1.534811 1.261506 1.626908 1.529213 1.254781 1.282047 1.000337 1.142504 1.130048 
1.189972 1.164868 1.385281 1.695060 1.223879 1.386430 1.034321 1.360555 1.080750 1.221873 0.947640 1.869886 1.095612 1.130354 1.226702 1.127473 1.274526 1.564513 1.724724 1.599024 1.311372 1.690605 1.591806 1.304595 1.330921 1.044538 1.188773 1.173837 
1.235003 1.209028 1.437158 1.755956 1.271112 1.441541 1.075771 1.415092 1.124956 1.264663 0.985551 1.942597 1.135254 1.168570 1.273651 1.167675 1.330893 1.627981 1.789751 1.664043 1.361604 1.754876 1.655076 1.354952 1.380183 1.089382 1.235485 1.217987 
1.280420 1.253592 1.489404 1.817160 1.318752 1.497169 1.117665 1.470238 1.169767 1.307597 1.023956 2.015889 1.175156 1.206904 1.320916 1.207988 1.388116 1.692108 1.855293 1.729859 1.412187 1.819721 1.719016 1.405852 1.429829 1.134863 1.282629 1.262494 
1.326218 1.298559 1.542012 1.878664 1.366789 1.553302 1.159997 1.525986 1.215180 1.350668 1.062857 2.089745 1.215316 1.245358 1.368481 1.248403 1.446181 1.756877 1.921345 1.796463 1.463110 1.885137 1.783618 1.457296 1.479858 1.180971 1.330196 1.307357 
1.372392 1.343928 1.594972 1.940463 1.415212 1.609924 1.202762 1.582334 1.261192 1.393865 1.102254 2.164145 1.255734 1.283938 1.416333 1.288910 1.505077 1.822271 1.987899 1.863846 1.514361 1.951126 1.848874 1.509284 1.530269 1.227700 1.378175 1.352573 
1.418938 1.389697 1.648275 2.002550 1.464009 1.667022 1.245951 1.639277 1.307802 1.437181 1.142147 2.239073 1.296412 1.322649 1.464455 1.329498 1.564789 1.888273 2.054949 1.931996 1.565926 2.017687 1.914779 1.561818 1.581058 1.275041 1.426553 1.398139 
1.465849 1.435866 1.701914 2.064918 1.513168 1.724582 1.289560 1.696811 1.355006 1.480604 1.182536 2.314511 1.337350 1.361498 1.512833 1.370158 1.625302 1.954863 2.122488 2.000904 1.617795 2.084821 1.981323 1.614897 1.632226 1.322985 1.475321 1.444055 
1.513121 1.482434 1.755880 2.127561 1.562678 1.782587 1.333582 1.754931 1.402800 1.524128 1.223420 2.390442 1.378547 1.400491 1.561452 1.410880 1.686603 2.022023 2.190509 2.070557 1.669954 2.152530 2.048501 1.668524 1.683770 1.371523 1.524467 1.490317 
1.560749 1.529401 1.810163 2.190474 1.612526 1.841025 1.378009 1.813635 1.451180 1.567741 1.264800 2.466849 1.420006 1.439635 1.610297 1.451656 1.748674 2.089736 2.259007 2.140945 1.722392 2.220815 2.116304 1.722697 1.735688 1.420647 1.573978 1.536925 
1.608726 1.576764 1.864756 2.253652 1.662699 1.899878 1.422836 1.872919 1.500142 1.611435 1.306674 2.543713 1.461728 1.478938 1.659352 1.492475 1.811501 2.157981 2.327976 2.212054 1.775096 2.289679 2.184726 1.777419 1.787980 1.470347 1.623843 1.583878 
1.657048 1.624525 1.919649 2.317089 1.713185 1.959134 1.468055 1.932779 1.549681 1.655200 1.349041 2.621018 1.503713 1.518410 1.708601 1.533330 1.875067 2.226739 2.397408 2.283873 1.828056 2.359123 2.253760 1.832689 1.840644 1.520613 1.674051 1.631173 
1.705707 1.672681 1.974834 2.380780 1.763970 2.018775 1.513660 1.993212 1.599792 1.699027 1.391901 2.698747 1.545965 1.558059 1.758030 1.574212 1.939355 2.295991 2.467298 2.356387 1.881259 2.429152 2.323397 1.888508 1.893679 1.571436 1.724587 1.678811 
1.754700 1.721234 2.030303 2.444721 1.815040 2.078787 1.559645 2.054214 1.650471 1.742904 1.435253 2.776881 1.588484 1.597895 1.807622 1.615113 2.004347 2.365715 2.537641 2.429583 1.934694 2.499769 2.393632 1.944876 1.947085 1.622805 1.775441 1.726790 
1.804019 1.770183 2.086046 2.508908 1.866382 2.139153 1.606002 2.115783 1.701710 1.786824 1.479094 2.855405 1.631274 1.637929 1.857361 1.656025 2.070025 2.435893 2.608430 2.503447 1.988350 2.570977 2.464457 2.001795 2.000859 1.674710 1.826598 1.775111 
1.853659 1.819526 2.142055 2.573336 1.917981 2.199858 1.652724 2.177915 1.753505 1.830775 1.523423 2.934301 1.674336 1.678173 1.907233 1.696939 2.136371 2.506501 2.679660 2.577963 2.042214 2.642782 2.535865 2.059265 2.055001 1.727139 1.878047 1.823772 
1.903613 1.869265 2.198321 2.638001 1.969822 2.260885 1.699805 2.240608 1.805848 1.874748 1.568238 3.013552 1.717674 1.718637 1.957220 1.737849 2.203365 2.577521 2.751326 2.653116 2.096277 2.715188 2.607849 2.117286 2.109511 1.780082 1.929773 1.872773 
1.953876 1.919399 2.254836 2.702901 2.021891 2.322218 1.747238 2.303860 1.858732 1.918732 1.613538 3.093141 1.761290 1.759334 2.007306 1.778748 2.270988 2.648929 2.823421 2.728890 2.150526 2.788202 2.680401 2.175858 2.164388 1.833528 1.981764 1.922115 
2.004440 1.969929 2.311591 2.768032 2.074173 2.383841 1.795015 2.367666 1.912151 1.962717 1.659319 3.173051 1.805188 1.800279 2.057476 1.819627 2.339220 2.720704 2.895942 2.805270 2.204951 2.861828 2.753515 2.234983 2.219630 1.887464 2.034006 1.971798 
2.055300 2.020853 2.368577 2.833392 2.126651 2.445737 1.843130 2.432026 1.966097 2.006693 1.705580 3.253265 1.849371 1.841484 2.107713 1.860482 2.408040 2.792824 2.968882 2.882237 2.259541 2.936073 2.827185 2.294660 2.275239 1.941880 2.086484 2.021823 
2.106449 2.072173 2.425785 2.898976 2.179311 2.507889 1.891574 2.496938 2.020562 2.050649 1.752318 3.333767 1.893843 1.882963 2.158001 1.901304 2.477426 2.865266 3.042237 2.959775 2.314285 3.010944 2.901402 2.354891 2.331212 1.996762 2.139186 2.072190 
2.157880 2.123889 2.483207 2.964784 2.232135 2.570279 1.940342 2.562398 2.075537 2.094575 1.799529 3.414539 1.938608 1.924733 2.208322 1.942088 2.547357 2.938006 3.116001 3.037866 2.369172 3.086449 2.976159 2.415675 2.387551 2.052098 2.192096 2.122900 
2.209586 2.176001 2.540834 3.030813 2.285107 2.632891 1.989426 2.628404 2.131015 2.138460 1.847212 3.495566 1.983671 1.966808 2.258661 1.982828 2.617810 3.011023 3.190171 3.116491 2.424192 3.162594 3.051451 2.477014 2.444254 2.107876 2.245199 2.173954 
2.261561 2.228510 2.598657 3.097062 2.338211 2.695707 2.038819 2.694956 2.186985 2.182293 1.895361 3.576829 2.029036 2.009205 2.309000 2.023517 2.688763 3.084292 3.264742 3.195630 2.479334 3.239390 3.127270 2.538906 2.501322 2.164083 2.298483 2.225353 
2.313798 2.281415 2.656668 3.163528 2.391429 2.758709 2.088513 2.762052 2.243439 2.226063 1.943975 3.658314 2.074707 2.051942 2.359322 2.064152 2.760192 3.157788 3.339709 3.275266 2.534589 3.316843 3.203609 2.601354 2.558754 2.220704 2.351930 2.277099 
2.366289 2.334719 2.714857 3.230210 2.444743 2.821880 2.138500 2.829689 2.300367 2.269759 1.993050 3.740002 2.120691 2.095035 2.409611 2.104725 2.832073 3.231488 3.415067 3.355377 2.589945 3.394964 3.280461 2.664357 2.616551 2.277728 2.405526 2.329194 
2.419027 2.388420 2.773216 3.297108 2.498137 2.885201 2.188774 2.897867 2.357759 2.313371 2.042581 3.821878 2.166991 2.138503 2.459850 2.145232 2.904381 3.305368 3.490813 3.435943 2.645392 3.473762 3.357820 2.727915 2.674713 2.335139 2.459257 2.381640 
2.472006 2.442522 2.831737 3.364221 2.551591 2.948654 2.239327 2.966584 2.415604 2.356886 2.092564 3.903926 2.213614 2.182365 2.510020 2.185669 2.977092 3.379401 3.566942 3.516943 2.700922 3.553247 3.435679 2.792029 2.733240 2.392924 2.513105 2.434438 
2.525217 2.497023 2.890409 3.431548 2.605087 3.012221 2.290151 3.035839 2.473891 2.400294 2.142996 3.986128 2.260565 2.226641 2.560106 2.226030 3.050181 3.453562 3.643450 3.598356 2.756523 3.633430 3.514030 2.856699 2.792132 2.451067 2.567056 2.487592 
2.578653 2.551926 2.949226 3.499089 2.658607 3.075883 2.341239 3.105631 2.532610 2.443583 2.193871 4.068469 2.307851 2.271350 2.610088 2.266312 3.123620 3.527826 3.720334 3.680160 2.812185 3.714322 3.592868 2.921926 2.851391 2.509556 2.621093 2.541103 
2.632307 2.607230 3.008177 3.566845 2.712132 3.139621 2.392583 3.175959 2.591748 2.486742 2.245185 4.150932 2.355477 2.316514 2.659951 2.306510 3.197384 3.602167 3.797590 3.762331 2.867900 3.795935 3.672185 2.987709 2.911016 2.568374 2.675200 2.594974 
2.686171 2.662939 3.067255 3.634816 2.765641 3.203417 2.444175 3.246823 2.651294 2.529760 2.296934 4.233501 2.403451 2.362155 2.709676 2.346621 3.271445 3.676558 3.875214 3.844847 2.923658 3.878280 3.751975 3.054050 2.971008 2.627506 2.729360 2.649209 
2.740236 2.719052 3.126449 3.703001 2.819116 3.267250 2.496007 3.318221 2.711236 2.572623 2.349111 4.316160 2.451779 2.408293 2.759245 2.386641 3.345776 3.750972 3.953202 3.927685 2.979448 3.961370 3.832230 3.120948 3.031367 2.686937 2.783558 2.703809 
2.794496 2.775571 3.185752 3.771404 2.872536 3.331102 2.548073 3.390154 2.771560 2.615321 2.401713 4.398892 2.500468 2.454953 2.808640 2.426566 3.420348 3.825382 4.031552 4.010819 3.035262 4.045218 3.912945 3.188403 3.092096 2.746651 2.837775 2.758780 
2.848942 2.832497 3.245155 3.840023 2.925881 3.394954 2.600363 3.462622 2.832255 2.657842 2.454732 4.481683 2.549526 2.502158 2.857844 2.466394 3.495133 3.899761 4.110260 4.094226 3.091091 4.129837 3.994113 3.256416 3.153194 2.806632 2.891995 2.814124 
2.903565 2.889832 3.304648 3.908862 2.979130 3.458784 2.652871 3.535623 2.893306 2.700173 2.508165 4.564515 2.598960 2.549931 2.906838 2.506122 3.570101 3.974080 4.189323 4.177881 3.146925 4.215241 4.075727 3.324987 3.214663 2.866864 2.946201 2.869844 
2.958359 2.947578 3.364224 3.977922 3.032262 3.522574 2.705587 3.609159 2.954700 2.742303 2.562004 4.647372 2.648777 2.598298 2.955605 2.545747 3.645223 4.048313 4.268737 4.261757 3.202755 4.301445 4.157780 3.394117 3.276503 2.927329 3.000375 2.925946 
3.013313 3.005736 3.423872 4.047205 3.085256 3.586303 2.758504 3.683228 3.016422 2.784219 2.616244 4.730240 2.698987 2.647283 3.004125 2.585267 3.720468 4.122429 4.348500 4.345829 3.258572 4.388463 4.240267 3.463804 3.338716 2.988011 3.054499 2.982433 
3.068421 3.064308 3.483585 4.116713 3.138090 3.649952 2.811614 3.757832 3.078459 2.825909 2.670879 4.813101 2.749596 2.696914 3.052380 2.624679 3.795805 4.196400 4.428610 4.430069 3.314367 4.476311 4.323179 3.534050 3.401304 3.048893 3.108555 3.039309 
3.123673 3.123295 3.543354 4.186449 3.190742 3.713498 2.864909 3.832971 3.140796 2.867361 2.725901 4.895941 2.800615 2.747216 3.100352 2.663983 3.871203 4.270197 4.509063 4.514452 3.370133 4.565005 4.406512 3.604855 3.464267 3.109957 3.162526 3.096579 
3.179060 3.182701 3.603169 4.256416 3.243190 3.776923 2.918380 3.908645 3.203416 2.908562 2.781305 4.978743 2.852051 2.798216 3.148022 2.703176 3.946631 4.343790 4.589858 4.598948 3.425859 4.654560 4.490257 3.676218 3.527607 3.171185 3.216392 3.154247 
3.234575 3.242526 3.663021 4.326617 3.295412 3.840204 2.972020 3.984856 3.266306 2.949499 2.837083 5.061491 2.903913 2.849944 3.195371 2.742256 4.022055 4.417149 4.670991 4.683530 3.481538 4.744993 4.574410 3.748140 3.591326 3.232560 3.270135 3.212320 
3.290207 3.302773 3.722903 4.397055 3.347384 3.903321 3.025819 4.061603 3.329448 2.990160 2.893229 5.144171 2.956212 2.902427 3.242381 2.781224 4.097442 4.490245 4.752460 4.768170 3.537161 4.836322 4.658963 3.820621 3.655426 3.294063 3.323736 3.270801 
3.345949 3.363445 3.782804 4.467735 3.399082 3.966252 3.079770 4.138888 3.392827 3.030531 2.949734 5.226767 3.008957 2.955694 3.289032 2.820077 4.172759 4.563045 4.834264 4.852837 3.592720 4.928564 4.743910 3.893661 3.719907 3.355676 3.377176 3.329696 
3.401790 3.424543 3.842717 4.538659 3.450485 4.028976 3.133865 4.216711 3.456426 3.070601 3.006593 5.309262 3.062156 3.009776 3.335305 2.858816 4.247973 4.635520 4.916400 4.937502 3.648207 5.021737 4.829245 3.967261 3.784773 3.417379 3.430436 3.389011 
3.457723 3.486069 3.902631 4.609833 3.501567 4.091472 3.188094 4.295075 3.520228 3.110355 3.063796 5.391642 3.115821 3.064704 3.381182 2.897440 4.323048 4.707638 4.998866 5.022135 3.703613 5.115860 4.914961 4.041419 3.850024 3.479153 3.483497 3.448752 
3.513737 3.548027 3.962540 4.681261 3.552304 4.153717 3.242450 4.373981 3.584216 3.149782 3.121336 5.473891 3.169962 3.120507 3.426642 2.935948 4.397949 4.779368 5.081661 5.106705 3.758931 5.210952 5.001051 4.116136 3.915664 3.540980 3.536338 3.508924 
3.569823 3.610419 4.022432 4.752948 3.602672 4.215689 3.296923 4.453429 3.648372 3.188866 3.179206 5.555994 3.224590 3.177218 3.471667 2.974341 4.472640 4.850676 5.164783 5.191181 3.814153 5.307032 5.087510 4.191413 3.981694 3.602838 3.588939 3.569533 
3.625972 3.673247 4.082300 4.824899 3.652646 4.277367 3.351506 4.533422 3.712678 3.227596 3.237396 5.637935 3.279714 3.234870 3.516236 3.012620 4.547086 4.921531 5.248230 5.275531 3.869270 5.404120 5.174331 4.267248 4.048116 3.664709 3.641282 3.630587 
3.682173 3.736515 4.142134 4.897119 3.702201 4.338728 3.406189 4.613962 3.777115 3.265957 3.295898 5.719699 3.335347 3.293496 3.560330 3.050784 4.621249 4.991901 5.332001 5.359722 3.924277 5.502237 5.261509 4.343643 4.114933 3.726573 3.693344 3.692092 
3.738419 3.800225 4.201927 4.969614 3.751311 4.399749 3.460963 4.695049 3.841665 3.303937 3.354704 5.801271 3.391500 3.353129 3.603930 3.088836 4.695093 5.061751 5.416096 5.443722 3.979164 5.601404 5.349035 4.420596 4.182147 3.788407 3.745106 3.754053 
3.794697 3.864379 4.261667 5.042390 3.799950 4.460407 3.515821 4.776688 3.906308 3.341521 3.413805 5.882637 3.448184 3.413803 3.647015 3.126774 4.768580 5.131049 5.500511 5.527498 4.033924 5.701641 5.436905 4.498109 4.249761 3.850192 3.796547 3.816479 
3.850999 3.928982 4.321348 5.115452 3.848093 4.520680 3.570753 4.858879 3.971026 3.378696 3.473191 5.963780 3.505410 3.475555 3.689565 3.164603 4.841670 5.199761 5.585248 5.611015 4.088551 5.802971 5.525113 4.576181 4.317778 3.911907 3.847646 3.879377 
3.907315 3.994035 4.380960 5.188809 3.895713 4.580544 3.625751 4.941625 4.035797 3.415448 3.532854 6.044685 3.563192 3.538419 3.731561 3.202321 4.914326 5.267852 5.670304 5.694240 4.143036 5.905417 5.613651 4.654811 4.386199 3.973530 3.898381 3.942754 
3.963635 4.059543 4.440493 5.262466 3.942783 4.639976 3.680805 5.024928 4.100603 3.451763 3.592783 6.125338 3.621542 3.602432 3.772982 3.239933 4.986508 5.335289 5.755679 5.777137 4.197374 6.009000 5.702514 4.734000 4.455028 4.035039 3.948731 4.006617 
4.019947 4.125508 4.499939 5.336430 3.989275 4.698952 3.735906 5.108792 4.165422 3.487627 3.652970 6.205724 3.680471 3.667630 3.813807 3.277439 5.058176 5.402036 5.841372 5.859670 4.251556 6.113744 5.791696 4.813748 4.524269 4.096412 3.998675 4.070974 
4.076243 4.191934 4.559289 5.410709 4.035164 4.757449 3.791046 5.193218 4.230233 3.523025 3.713404 6.285828 3.739994 3.734052 3.854017 3.314842 5.129290 5.468058 5.927383 5.941805 4.305576 6.219673 5.881190 4.894054 4.593923 4.157628 4.048191 4.135834 
4.132511 4.258824 4.618534 5.485311 4.080420 4.815443 3.846215 5.278210 4.295016 3.557944 3.774075 6.365635 3.800122 3.801735 3.893591 3.352144 5.199808 5.533319 6.013711 6.023505 4.359427 6.326811 5.970990 4.974918 4.663993 4.218664 4.097256 4.201204 
4.188741 4.326182 4.677666 5.560242 4.125016 4.872909 3.901404 5.363771 4.359748 3.592369 3.834973 6.445130 3.860870 3.870719 3.932508 3.389349 5.269689 5.597785 6.100356 6.104732 4.413103 6.435183 6.061091 5.056340 4.734484 4.279496 4.145848 4.267094 
4.244922 4.394012 4.736674 5.635512 4.168923 4.929824 3.956605 5.449904 4.424407 3.626286 3.896088 6.524299 3.922251 3.941043 3.970747 3.426459 5.338892 5.661417 6.187318 6.185449 4.466597 6.544813 6.151486 5.138321 4.805399 4.340103 4.193945 4.333510 
4.301044 4.462316 4.795550 5.711129 4.212113 4.986162 4.011807 5.536613 4.488971 3.659680 3.957409 6.603127 3.984279 4.012748 4.008288 3.463478 5.407372 5.724181 6.274597 6.265619 4.519902 6.655727 6.242170 5.220859 4.876740 4.400460 4.241524 4.400464 
NaN NaN NaN NaN NaN NaN NaN NaN NaN NaN NaN NaN NaN NaN NaN NaN NaN NaN NaN NaN NaN NaN NaN NaN NaN NaN NaN NaN 
NaN NaN NaN NaN NaN NaN NaN NaN NaN NaN NaN NaN NaN NaN NaN NaN NaN NaN NaN NaN NaN NaN NaN NaN NaN NaN NaN NaN 
NaN NaN NaN NaN NaN NaN NaN NaN NaN NaN NaN NaN NaN NaN NaN NaN NaN NaN NaN NaN NaN NaN NaN NaN NaN NaN NaN NaN 
NaN NaN NaN NaN NaN NaN NaN NaN NaN NaN NaN NaN NaN NaN NaN NaN NaN NaN NaN NaN NaN NaN NaN NaN NaN NaN NaN NaN 
