-0.563868 -0.071220 -1.093384 -0.396230 -1.625409 -1.807882 -0.303626 -0.604997 -1.139664 -0.740906 0.303512 0.051826 -0.467076 -0.119584 -0.856928 -0.864267 -0.359968 -0.816329 -0.362348 -0.060170 -0.660363 
-0.577056 -0.075093 -1.105529 -0.437355 -1.547035 -1.785349 -0.351403 -0.722387 -1.154873 -0.716322 0.207873 0.024988 -0.430312 -0.165747 -0.830310 -0.868829 -0.391811 -0.817745 -0.353744 -0.135834 -0.704021 
-0.589199 -0.079074 -1.115206 -0.475327 -1.471558 -1.761354 -0.396614 -0.831940 -1.167642 -0.692817 0.117868 -0.000536 -0.395806 -0.209001 -0.804811 -0.872433 -0.421664 -0.817962 -0.345371 -0.206438 -0.744471 
-0.600305 -0.083141 -1.122503 -0.510240 -1.398910 -1.735977 -0.439294 -0.933861 -1.178050 -0.670345 0.033343 -0.024770 -0.363476 -0.249423 -0.780384 -0.875093 -0.449565 -0.817021 -0.337221 -0.272131 -0.781792 
-0.610383 -0.087274 -1.127508 -0.542186 -1.329021 -1.709295 -0.479480 -1.028351 -1.186171 -0.648861 -0.045856 -0.047737 -0.333240 -0.287087 -0.756983 -0.876822 -0.475549 -0.814966 -0.329284 -0.333062 -0.816061 
-0.619441 -0.091449 -1.130308 -0.571255 -1.261823 -1.681385 -0.517211 -1.115612 -1.192082 -0.628321 -0.119879 -0.069459 -0.305017 -0.322065 -0.734562 -0.877631 -0.499651 -0.811838 -0.321551 -0.389377 -0.847353 
-0.627489 -0.095649 -1.130989 -0.597536 -1.197248 -1.652320 -0.552522 -1.195841 -1.195856 -0.608681 -0.188875 -0.089958 -0.278728 -0.354431 -0.713074 -0.877533 -0.521908 -0.807677 -0.314013 -0.441221 -0.875743 
-0.634535 -0.099850 -1.129634 -0.621117 -1.135230 -1.622174 -0.585449 -1.269232 -1.197567 -0.589896 -0.252992 -0.109257 -0.254294 -0.384256 -0.692474 -0.876542 -0.542355 -0.802524 -0.306661 -0.488736 -0.901305 
-0.640588 -0.104035 -1.126326 -0.642085 -1.075701 -1.591018 -0.616027 -1.335979 -1.197285 -0.571925 -0.312374 -0.127377 -0.231638 -0.411610 -0.672719 -0.874669 -0.561026 -0.796418 -0.299486 -0.532063 -0.924112 
-0.645657 -0.108183 -1.121147 -0.660525 -1.018595 -1.558922 -0.644294 -1.396273 -1.195081 -0.554726 -0.367166 -0.144341 -0.210683 -0.436563 -0.653763 -0.871927 -0.577955 -0.789397 -0.292478 -0.571341 -0.944236 
-0.649751 -0.112276 -1.114177 -0.676522 -0.963848 -1.525956 -0.670282 -1.450300 -1.191026 -0.538256 -0.417508 -0.160169 -0.191355 -0.459184 -0.635564 -0.868326 -0.593176 -0.781500 -0.285630 -0.606705 -0.961747 
-0.652880 -0.116293 -1.105493 -0.690158 -0.911395 -1.492186 -0.694029 -1.498247 -1.185185 -0.522476 -0.463540 -0.174884 -0.173580 -0.479540 -0.618079 -0.863881 -0.606724 -0.772762 -0.278931 -0.638291 -0.976715 
-0.655053 -0.120218 -1.095174 -0.701515 -0.861171 -1.457678 -0.715567 -1.540296 -1.177627 -0.507343 -0.505398 -0.188505 -0.157285 -0.497699 -0.601265 -0.858602 -0.618631 -0.763221 -0.272373 -0.666230 -0.989209 
-0.656279 -0.124032 -1.083295 -0.710673 -0.813112 -1.422498 -0.734932 -1.576628 -1.168417 -0.492820 -0.543218 -0.201054 -0.142398 -0.513725 -0.585080 -0.852500 -0.628931 -0.752912 -0.265947 -0.690655 -0.999295 
-0.656567 -0.127718 -1.069931 -0.717712 -0.767157 -1.386707 -0.752157 -1.607421 -1.157620 -0.478867 -0.577134 -0.212551 -0.128849 -0.527683 -0.569484 -0.845589 -0.637655 -0.741870 -0.259643 -0.711693 -1.007042 
-0.655929 -0.131257 -1.055156 -0.722708 -0.723241 -1.350367 -0.767277 -1.632851 -1.145298 -0.465446 -0.607277 -0.223016 -0.116569 -0.539639 -0.554434 -0.837878 -0.644836 -0.730129 -0.253454 -0.729471 -1.012513 
-0.654373 -0.134634 -1.039040 -0.725739 -0.681305 -1.313539 -0.780323 -1.653091 -1.131515 -0.452518 -0.633777 -0.232470 -0.105488 -0.549653 -0.539892 -0.829380 -0.650507 -0.717723 -0.247369 -0.744114 -1.015773 
-0.651908 -0.137832 -1.021654 -0.726880 -0.641286 -1.276281 -0.791331 -1.668312 -1.116330 -0.440047 -0.656760 -0.240932 -0.095540 -0.557789 -0.525818 -0.820105 -0.654698 -0.704683 -0.241381 -0.755745 -1.016886 
-0.648546 -0.140835 -1.003068 -0.726205 -0.603123 -1.238650 -0.800331 -1.678682 -1.099803 -0.427996 -0.676352 -0.248422 -0.086659 -0.564107 -0.512171 -0.810066 -0.657440 -0.691043 -0.235480 -0.764485 -1.015913 
-0.644297 -0.143627 -0.983350 -0.723787 -0.566758 -1.200702 -0.807357 -1.684368 -1.081994 -0.416330 -0.692677 -0.254958 -0.078779 -0.568667 -0.498915 -0.799272 -0.658765 -0.676833 -0.229658 -0.770453 -1.012917 
-0.639169 -0.146193 -0.962565 -0.719697 -0.532129 -1.162492 -0.812440 -1.685532 -1.062958 -0.405012 -0.705856 -0.260560 -0.071838 -0.571529 -0.486010 -0.787734 -0.658703 -0.662084 -0.223905 -0.773765 -1.007956 
-0.633174 -0.148517 -0.940780 -0.714005 -0.499179 -1.124072 -0.815614 -1.682336 -1.042754 -0.394008 -0.716009 -0.265248 -0.065772 -0.572751 -0.473419 -0.775464 -0.657284 -0.646825 -0.218213 -0.774537 -1.001091 
-0.626322 -0.150586 -0.918057 -0.706781 -0.467850 -1.085494 -0.816908 -1.674938 -1.021434 -0.383284 -0.723253 -0.269038 -0.060519 -0.572389 -0.461106 -0.762473 -0.654537 -0.631085 -0.212573 -0.772882 -0.992379 
-0.618624 -0.152385 -0.894459 -0.698092 -0.438083 -1.046808 -0.816355 -1.663495 -0.999054 -0.372807 -0.727705 -0.271950 -0.056020 -0.570500 -0.449034 -0.748770 -0.650492 -0.614894 -0.206976 -0.768910 -0.981877 
-0.610089 -0.153900 -0.870047 -0.688005 -0.409821 -1.008063 -0.813985 -1.648161 -0.975665 -0.362543 -0.729477 -0.274002 -0.052215 -0.567140 -0.437166 -0.734365 -0.645179 -0.598278 -0.201414 -0.762732 -0.969641 
-0.600729 -0.155119 -0.844881 -0.676584 -0.383008 -0.969305 -0.809829 -1.629086 -0.951320 -0.352462 -0.728681 -0.275211 -0.049046 -0.562362 -0.425469 -0.719270 -0.638625 -0.581263 -0.195878 -0.754453 -0.955726 
-0.590555 -0.156027 -0.819019 -0.663894 -0.357588 -0.930580 -0.803918 -1.606420 -0.926067 -0.342530 -0.725428 -0.275596 -0.046455 -0.556220 -0.413906 -0.703495 -0.630859 -0.563878 -0.190359 -0.744180 -0.940186 
-0.579576 -0.156612 -0.792518 -0.649998 -0.333507 -0.891933 -0.796280 -1.580309 -0.899957 -0.332717 -0.719824 -0.275173 -0.044388 -0.548766 -0.402444 -0.687049 -0.621909 -0.546145 -0.184849 -0.732015 -0.923073 
-0.567805 -0.156862 -0.765434 -0.634956 -0.310708 -0.853406 -0.786947 -1.550897 -0.873037 -0.322993 -0.711976 -0.273959 -0.042788 -0.540052 -0.391048 -0.669942 -0.611802 -0.528091 -0.179338 -0.718060 -0.904440 
-0.555252 -0.156765 -0.737821 -0.618829 -0.289138 -0.815041 -0.775946 -1.518326 -0.845353 -0.313327 -0.701987 -0.271972 -0.041603 -0.530129 -0.379687 -0.652185 -0.600567 -0.509739 -0.173819 -0.702414 -0.884336 
-0.541929 -0.156310 -0.709732 -0.601675 -0.268744 -0.776879 -0.763309 -1.482735 -0.816951 -0.303692 -0.689959 -0.269228 -0.040779 -0.519045 -0.368327 -0.633786 -0.588228 -0.491112 -0.168282 -0.685174 -0.862812 
-0.527846 -0.155485 -0.681219 -0.583554 -0.249472 -0.738956 -0.749062 -1.444260 -0.787876 -0.294057 -0.675992 -0.265744 -0.040266 -0.506850 -0.356936 -0.614756 -0.574814 -0.472232 -0.162719 -0.666436 -0.839916 
-0.513016 -0.154279 -0.652331 -0.564519 -0.231270 -0.701311 -0.733235 -1.403037 -0.758169 -0.284396 -0.660184 -0.261535 -0.040012 -0.493591 -0.345482 -0.595104 -0.560350 -0.453122 -0.157122 -0.646293 -0.815696 
-0.497449 -0.152683 -0.623117 -0.544628 -0.214086 -0.663979 -0.715856 -1.359196 -0.727874 -0.274682 -0.642631 -0.256618 -0.039970 -0.479314 -0.333936 -0.574839 -0.544863 -0.433803 -0.151481 -0.624837 -0.790197 
-0.481157 -0.150687 -0.593626 -0.523933 -0.197870 -0.626994 -0.696953 -1.312867 -0.697030 -0.264886 -0.623427 -0.251008 -0.040090 -0.464066 -0.322265 -0.553971 -0.528376 -0.414293 -0.145789 -0.602157 -0.763466 
-0.464152 -0.148280 -0.563903 -0.502487 -0.182571 -0.590389 -0.676553 -1.264178 -0.665677 -0.254985 -0.602663 -0.244721 -0.040326 -0.447892 -0.310441 -0.532508 -0.510917 -0.394614 -0.140037 -0.578341 -0.735546 
-0.446445 -0.145453 -0.533993 -0.480342 -0.168138 -0.554196 -0.654683 -1.213252 -0.633854 -0.244951 -0.580430 -0.237772 -0.040631 -0.430834 -0.298434 -0.510459 -0.492508 -0.374784 -0.134216 -0.553474 -0.706481 
-0.428049 -0.142199 -0.503939 -0.457547 -0.154523 -0.518444 -0.631371 -1.160212 -0.601597 -0.234760 -0.556816 -0.230175 -0.040962 -0.412937 -0.286214 -0.487834 -0.473176 -0.354820 -0.128318 -0.527640 -0.676314 
-0.408975 -0.138507 -0.473784 -0.434151 -0.141676 -0.483161 -0.606644 -1.105177 -0.568942 -0.224389 -0.531906 -0.221946 -0.041275 -0.394241 -0.273755 -0.464642 -0.452943 -0.334740 -0.122334 -0.500920 -0.645084 
-0.389235 -0.134371 -0.443568 -0.410202 -0.129549 -0.448376 -0.580526 -1.048265 -0.535925 -0.213813 -0.505786 -0.213099 -0.041527 -0.374788 -0.261028 -0.440889 -0.431833 -0.314561 -0.116257 -0.473395 -0.612833 
-0.368842 -0.129782 -0.413331 -0.385746 -0.118095 -0.414112 -0.553046 -0.989590 -0.502577 -0.203010 -0.478536 -0.203648 -0.041677 -0.354618 -0.248006 -0.416586 -0.409871 -0.294299 -0.110077 -0.445142 -0.579600 
-0.347808 -0.124733 -0.383111 -0.360827 -0.107267 -0.380396 -0.524227 -0.929265 -0.468933 -0.191957 -0.450237 -0.193608 -0.041684 -0.333771 -0.234663 -0.391741 -0.387078 -0.273968 -0.103786 -0.416236 -0.545422 
-0.326145 -0.119217 -0.352944 -0.335491 -0.097018 -0.347248 -0.494097 -0.867400 -0.435022 -0.180633 -0.420968 -0.182991 -0.041510 -0.312283 -0.220971 -0.366362 -0.363477 -0.253583 -0.097376 -0.386752 -0.510337 
-0.303866 -0.113228 -0.322866 -0.309778 -0.087303 -0.314690 -0.462679 -0.804102 -0.400875 -0.169016 -0.390804 -0.171812 -0.041117 -0.290192 -0.206907 -0.340456 -0.339090 -0.233158 -0.090839 -0.356762 -0.474379 
-0.280983 -0.106759 -0.292911 -0.283730 -0.078075 -0.282743 -0.429999 -0.739476 -0.366520 -0.157087 -0.359820 -0.160083 -0.040467 -0.267534 -0.192444 -0.314033 -0.313940 -0.212705 -0.084166 -0.326335 -0.437585 
-0.257509 -0.099806 -0.263111 -0.257388 -0.069291 -0.251425 -0.396081 -0.673625 -0.331986 -0.144825 -0.328088 -0.147818 -0.039525 -0.244346 -0.177558 -0.287099 -0.288048 -0.192237 -0.077349 -0.295539 -0.399988 
-0.233457 -0.092361 -0.233497 -0.230790 -0.060907 -0.220752 -0.360949 -0.606649 -0.297297 -0.132211 -0.295678 -0.135030 -0.038257 -0.220660 -0.162226 -0.259663 -0.261435 -0.171766 -0.070379 -0.264440 -0.361621 
-0.208839 -0.084421 -0.204100 -0.203972 -0.052878 -0.190740 -0.324628 -0.538646 -0.262481 -0.119226 -0.262658 -0.121731 -0.036629 -0.196510 -0.146424 -0.231733 -0.234122 -0.151301 -0.063249 -0.233102 -0.322515 
-0.183669 -0.075980 -0.174949 -0.176972 -0.045163 -0.161403 -0.287141 -0.469711 -0.227559 -0.105853 -0.229096 -0.107933 -0.034609 -0.171929 -0.130129 -0.203315 -0.206130 -0.130853 -0.055950 -0.201588 -0.282701 
-0.157959 -0.067035 -0.146069 -0.149824 -0.037718 -0.132753 -0.248510 -0.399937 -0.192556 -0.092074 -0.195055 -0.093649 -0.032165 -0.146948 -0.113318 -0.174418 -0.177478 -0.110431 -0.048473 -0.169957 -0.242209 
-0.131723 -0.057581 -0.117488 -0.122562 -0.030503 -0.104803 -0.208761 -0.329414 -0.157493 -0.077873 -0.160597 -0.078889 -0.029268 -0.121598 -0.095971 -0.145049 -0.148186 -0.090044 -0.040812 -0.138268 -0.201066 
-0.104974 -0.047616 -0.089230 -0.095218 -0.023476 -0.077561 -0.167914 -0.258231 -0.122389 -0.063233 -0.125784 -0.063667 -0.025888 -0.095907 -0.078066 -0.115214 -0.118273 -0.069699 -0.032957 -0.106576 -0.159302 
-0.077725 -0.037135 -0.061318 -0.067823 -0.016596 -0.051037 -0.125992 -0.186472 -0.087265 -0.048139 -0.090673 -0.047993 -0.021998 -0.069906 -0.059582 -0.084921 -0.087759 -0.049404 -0.024900 -0.074936 -0.116941 
-0.049991 -0.026137 -0.033773 -0.040407 -0.009823 -0.025236 -0.083017 -0.114222 -0.052139 -0.032576 -0.055321 -0.031878 -0.017570 -0.043620 -0.040499 -0.054177 -0.056663 -0.029164 -0.016634 -0.043400 -0.074010 
-0.021783 -0.014618 -0.006616 -0.012998 -0.003119 -0.000164 -0.039012 -0.041560 -0.017026 -0.016529 -0.019783 -0.015333 -0.012580 -0.017077 -0.020797 -0.022989 -0.025002 -0.008986 -0.008149 -0.012018 -0.030532 
0.006883 -0.002577 0.020133 0.014376 0.003556 0.024175 0.006003 0.031435 0.018057 0.000014 0.015889 0.001631 -0.007003 0.009697 -0.000459 0.008637 0.007205 0.011126 0.000561 0.019161 0.013469 
0.035994 0.009987 0.046458 0.041688 0.010239 0.047777 0.052005 0.104687 0.053095 0.017068 0.051644 0.019004 -0.000815 0.036678 0.020536 0.040694 0.039941 0.031167 0.009506 0.050090 0.057971 
0.065537 0.023076 0.072341 0.068916 0.016969 0.070643 0.098976 0.178123 0.088076 0.034643 0.087434 0.036775 0.006005 0.063842 0.042205 0.073176 0.073189 0.051135 0.018692 0.080727 0.102952 
0.095496 0.036691 0.097768 0.096034 0.023782 0.092772 0.146893 0.251671 0.122988 0.052753 0.123212 0.054936 0.013479 0.091166 0.064565 0.106075 0.106931 0.071026 0.028129 0.111028 0.148393 
0.125860 0.050833 0.122724 0.123021 0.030714 0.114167 0.195737 0.325265 0.157820 0.071408 0.158933 0.073476 0.021628 0.118628 0.087633 0.139387 0.141151 0.090838 0.037824 0.140952 0.194275 
0.156612 0.065500 0.147198 0.149856 0.037802 0.134830 0.245487 0.398836 0.192562 0.090619 0.194555 0.092385 0.030468 0.146207 0.111426 0.173105 0.175833 0.110571 0.047785 0.170461 0.240580 
0.187739 0.080693 0.171179 0.176518 0.045080 0.154766 0.296124 0.472323 0.227205 0.110395 0.230037 0.111655 0.040019 0.173883 0.135959 0.207222 0.210962 0.130224 0.058020 0.199519 0.287290 
0.219226 0.096412 0.194656 0.202991 0.052584 0.173981 0.347629 0.545663 0.261742 0.130747 0.265340 0.131277 0.050297 0.201638 0.161248 0.241733 0.246521 0.149797 0.068538 0.228091 0.334390 
0.251059 0.112655 0.217623 0.229256 0.060346 0.192482 0.399983 0.618797 0.296168 0.151682 0.300427 0.151241 0.061318 0.229453 0.187306 0.276633 0.282495 0.169291 0.079345 0.256145 0.381865 
0.283224 0.129420 0.240071 0.255297 0.068402 0.210280 0.453167 0.691670 0.330478 0.173209 0.335265 0.171541 0.073095 0.257311 0.214150 0.311915 0.318870 0.188709 0.090450 0.283649 0.429701 
0.315705 0.146706 0.261995 0.281100 0.076782 0.227383 0.507162 0.764228 0.364666 0.195335 0.369818 0.192166 0.085643 0.285196 0.241791 0.347575 0.355632 0.208051 0.101861 0.310575 0.477886 
0.348488 0.164510 0.283391 0.306652 0.085521 0.243804 0.561951 0.836419 0.398733 0.218067 0.404058 0.213110 0.098972 0.313092 0.270243 0.383605 0.392765 0.227322 0.113586 0.336897 0.526407 
0.381558 0.182831 0.304257 0.331940 0.094648 0.259556 0.617515 0.908194 0.432675 0.241412 0.437955 0.234364 0.113094 0.340986 0.299518 0.420003 0.430258 0.246525 0.125633 0.362589 0.575255 
0.414901 0.201664 0.324589 0.356953 0.104196 0.274655 0.673837 0.979506 0.466492 0.265374 0.471482 0.255922 0.128020 0.368864 0.329629 0.456761 0.468095 0.265665 0.138008 0.387629 0.624420 
0.448500 0.221007 0.344390 0.381683 0.114195 0.289115 0.730900 1.050312 0.500187 0.289959 0.504614 0.277775 0.143757 0.396714 0.360587 0.493876 0.506265 0.284748 0.150721 0.411995 0.673893 
0.482341 0.240856 0.363659 0.406120 0.124675 0.302954 0.788687 1.120570 0.533760 0.315171 0.537328 0.299917 0.160313 0.424524 0.392403 0.531342 0.544755 0.303780 0.163779 0.435670 0.723666 
0.516409 0.261206 0.382399 0.430257 0.135664 0.316193 0.847182 1.190240 0.567217 0.341014 0.569603 0.322341 0.177696 0.452284 0.425086 0.569154 0.583552 0.322766 0.177190 0.458635 0.773734 
0.550687 0.282054 0.400614 0.454090 0.147192 0.328850 0.906367 1.259285 0.600560 0.367491 0.601420 0.345041 0.195909 0.479985 0.458648 0.607308 0.622645 0.341716 0.190961 0.480877 0.824091 
0.585162 0.303393 0.418309 0.477612 0.159287 0.340949 0.966228 1.327672 0.633796 0.394604 0.632762 0.368010 0.214958 0.507617 0.493097 0.645800 0.662021 0.360637 0.205100 0.502381 0.874733 
0.619817 0.325220 0.435492 0.500821 0.171976 0.352512 1.026748 1.395368 0.666933 0.422355 0.663614 0.391242 0.234845 0.535174 0.528442 0.684624 0.701670 0.379538 0.219615 0.523137 0.925656 
0.654636 0.347528 0.452169 0.523715 0.185287 0.363564 1.087913 1.462344 0.699977 0.450746 0.693963 0.414732 0.255572 0.562649 0.564691 0.723776 0.741581 0.398430 0.234514 0.543137 0.976859 
0.689603 0.370311 0.468350 0.546294 0.199244 0.374131 1.149706 1.528572 0.732939 0.479778 0.723797 0.438473 0.277141 0.590035 0.601852 0.763253 0.781744 0.417322 0.249804 0.562372 1.028340 
0.724704 0.393562 0.484047 0.568556 0.213876 0.384241 1.212114 1.594029 0.765830 0.509449 0.753108 0.462461 0.299551 0.617329 0.639931 0.803050 0.822148 0.436225 0.265492 0.580837 1.080099 
0.759921 0.417276 0.499270 0.590506 0.229205 0.393924 1.275121 1.658691 0.798661 0.539760 0.781888 0.486691 0.322801 0.644527 0.678936 0.843163 0.862783 0.455153 0.281588 0.598530 1.132137 
0.795239 0.441445 0.514033 0.612144 0.245257 0.403209 1.338715 1.722539 0.831444 0.570710 0.810132 0.511157 0.346887 0.671625 0.718872 0.883588 0.903640 0.474117 0.298097 0.615449 1.184456 
0.830642 0.466060 0.528351 0.633477 0.262057 0.412129 1.402880 1.785555 0.864195 0.602295 0.837836 0.535855 0.371808 0.698622 0.759745 0.924322 0.944711 0.493131 0.315028 0.631594 1.237059 
0.866112 0.491115 0.542241 0.654509 0.279626 0.420717 1.467603 1.847726 0.896929 0.634515 0.865000 0.560780 0.397557 0.725517 0.801560 0.965361 0.985986 0.512208 0.332389 0.646969 1.289951 
0.901635 0.516601 0.555719 0.675247 0.297989 0.429008 1.532872 1.909038 0.929661 0.667366 0.891624 0.585929 0.424128 0.752310 0.844321 1.006701 1.027456 0.531365 0.350186 0.661579 1.343137 
0.937193 0.542509 0.568804 0.695699 0.317167 0.437038 1.598672 1.969481 0.962411 0.700844 0.917710 0.611298 0.451516 0.779002 0.888031 1.048340 1.069115 0.550617 0.368427 0.675429 1.396622 
0.972770 0.568830 0.581516 0.715875 0.337181 0.444845 1.664992 2.029048 0.995196 0.734945 0.943264 0.636882 0.479712 0.805596 0.932695 1.090273 1.110954 0.569979 0.387121 0.688528 1.450415 
1.008349 0.595554 0.593877 0.735785 0.358054 0.452469 1.731819 2.087733 1.028038 0.769664 0.968291 0.662679 0.508706 0.832093 0.978315 1.132498 1.152967 0.589469 0.406273 0.700887 1.504523 
1.043914 0.622673 0.605910 0.755441 0.379804 0.459949 1.799142 2.145534 1.060957 0.804995 0.992801 0.688686 0.538488 0.858497 1.024893 1.175011 1.195145 0.609105 0.425893 0.712518 1.558956 
1.079447 0.650174 0.617639 0.774856 0.402453 0.467328 1.866948 2.202450 1.093975 0.840933 1.016804 0.714899 0.569046 0.884815 1.072430 1.217810 1.237483 0.628906 0.445986 0.723436 1.613725 
1.114931 0.678049 0.629089 0.794045 0.426019 0.474649 1.935226 2.258484 1.127117 0.877469 1.040312 0.741316 0.600369 0.911051 1.120929 1.260893 1.279974 0.648890 0.466561 0.733657 1.668840 
1.150350 0.706285 0.640288 0.813023 0.450521 0.481958 2.003965 2.313640 1.160408 0.914598 1.063340 0.767934 0.632442 0.937212 1.170389 1.304255 1.322613 0.669078 0.487625 0.743199 1.724315 
1.185686 0.734872 0.651263 0.831807 0.475976 0.489300 2.073154 2.367926 1.193873 0.952311 1.085904 0.794751 0.665250 0.963306 1.220810 1.347896 1.365394 0.689490 0.509185 0.752083 1.780163 
1.220922 0.763797 0.662044 0.850416 0.502403 0.496724 2.142783 2.421350 1.227540 0.990599 1.108023 0.821766 0.698778 0.989341 1.272193 1.391811 1.408312 0.710148 0.531250 0.760332 1.836399 
1.256041 0.793049 0.672663 0.868869 0.529819 0.504278 2.212841 2.473925 1.261437 1.029453 1.129717 0.848976 0.733007 1.015327 1.324535 1.436000 1.451362 0.731074 0.553825 0.767968 1.893038 
1.291025 0.822614 0.683150 0.887187 0.558239 0.512014 2.283319 2.525665 1.295595 1.068863 1.151008 0.876380 0.767921 1.041275 1.377836 1.480460 1.494540 0.752291 0.576918 0.775019 1.950098 
1.325856 0.852481 0.693541 0.905391 0.587679 0.519983 2.354207 2.576586 1.330043 1.108819 1.171921 0.903977 0.803499 1.067196 1.432093 1.525188 1.537841 0.773823 0.600537 0.781513 2.007596 
1.360518 0.882635 0.703871 0.923505 0.618155 0.528239 2.425496 2.626708 1.364814 1.149309 1.192482 0.931765 0.839722 1.093102 1.487303 1.570183 1.581263 0.795694 0.624689 0.787480 2.065551 
1.394991 0.913063 0.714174 0.941553 0.649680 0.536838 2.497177 2.676053 1.399941 1.190322 1.212719 0.959745 0.876567 1.119008 1.543464 1.615444 1.624800 0.817929 0.649381 0.792951 2.123984 
1.429258 0.943752 0.724490 0.959562 0.682269 0.545835 2.569241 2.724645 1.435458 1.231845 1.232663 0.987915 0.914011 1.144926 1.600571 1.660967 1.668452 0.840554 0.674621 0.797962 2.182914 
1.463302 0.974685 0.734857 0.977557 0.715935 0.555288 2.641679 2.772509 1.471402 1.273865 1.252345 1.016275 0.952032 1.170874 1.658620 1.706753 1.712214 0.863596 0.700415 0.802547 2.242364 
1.497104 1.005850 0.745316 0.995569 0.750691 0.565257 2.714485 2.819676 1.507809 1.316369 1.271800 1.044826 0.990603 1.196866 1.717606 1.752799 1.756085 0.887082 0.726771 0.806746 2.302358 
1.530645 1.037230 0.755908 1.013625 0.786548 0.575803 2.787649 2.866176 1.544717 1.359342 1.291064 1.073567 1.029700 1.222920 1.777525 1.799103 1.800062 0.911039 0.753696 0.810597 2.362918 
1.563909 1.068809 0.766676 1.031757 0.823519 0.586987 2.861165 2.912043 1.582165 1.402770 1.310176 1.102499 1.069293 1.249054 1.838369 1.845665 1.844145 0.935498 0.781197 0.814143 2.424072 
1.596875 1.100573 0.777666 1.049998 0.861615 0.598874 2.935026 2.957314 1.620194 1.446637 1.329174 1.131622 1.109356 1.275288 1.900132 1.892484 1.888331 0.960487 0.809281 0.817428 2.485844 
1.629527 1.132504 0.788923 1.068379 0.900845 0.611528 3.009224 3.002027 1.658845 1.490927 1.348101 1.160938 1.149859 1.301642 1.962809 1.939559 1.932620 0.986037 0.837956 0.820497 2.548263 
1.661844 1.164586 0.800494 1.086937 0.941219 0.625016 3.083753 3.046224 1.698161 1.535624 1.367002 1.190447 1.190770 1.328135 2.026389 1.986888 1.977012 1.012178 0.867228 0.823399 2.611356 
1.693809 1.196801 0.812427 1.105706 0.982748 0.639406 3.158607 3.089947 1.738186 1.580709 1.385922 1.220152 1.232059 1.354792 2.090867 2.034471 2.021506 1.038943 0.897104 0.826182 2.675153 
1.725403 1.229133 0.824774 1.124725 1.025438 0.654767 3.233780 3.133243 1.778965 1.626165 1.404909 1.250053 1.273693 1.381634 2.156233 2.082307 2.066103 1.066363 0.927592 0.828899 2.739685 
1.756607 1.261563 0.837583 1.144031 1.069299 0.671170 3.309266 3.176161 1.820544 1.671974 1.424014 1.280153 1.315637 1.408685 2.222477 2.130396 2.110803 1.094472 0.958698 0.831604 2.804983 
1.787401 1.294073 0.850910 1.163664 1.114337 0.688687 3.385060 3.218751 1.862972 1.718116 1.443287 1.310453 1.357856 1.435970 2.289591 2.178738 2.155607 1.123304 0.990431 0.834351 2.871080 
1.817767 1.326644 0.864806 1.183665 1.160560 0.707393 3.461158 3.261066 1.906296 1.764572 1.462783 1.340957 1.400314 1.463516 2.357563 2.227331 2.200516 1.152894 1.022795 0.837200 2.938008 
1.847686 1.359258 0.879329 1.204077 1.207974 0.727362 3.537554 3.303163 1.950567 1.811320 1.482558 1.371666 1.442975 1.491348 2.426384 2.276177 2.245532 1.183276 1.055799 0.840208 3.005804 
1.877138 1.391894 0.894533 1.224942 1.256584 0.748671 3.614243 3.345099 1.995835 1.858341 1.502670 1.402584 1.485798 1.519494 2.496040 2.325274 2.290657 1.214488 1.089450 0.843438 3.074503 
1.906104 1.424534 0.910478 1.246306 1.306395 0.771397 3.691223 3.386935 2.042154 1.905611 1.523177 1.433713 1.528745 1.547984 2.566522 2.374624 2.335893 1.246565 1.123753 0.846953 3.144141 
1.934564 1.457156 0.927222 1.268214 1.357412 0.795621 3.768489 3.428735 2.089576 1.953110 1.544143 1.465058 1.571775 1.576847 2.637816 2.424226 2.381243 1.279546 1.158717 0.850818 3.214757 
1.962499 1.489741 0.944827 1.290714 1.409638 0.821424 3.846037 3.470563 2.138157 2.000814 1.565631 1.496621 1.614847 1.606113 2.709909 2.474080 2.426710 1.313468 1.194349 0.855101 3.286389 
1.989889 1.522267 0.963355 1.313854 1.463078 0.848886 3.923865 3.512487 2.187951 2.048699 1.587707 1.528407 1.657916 1.635813 2.782788 2.524187 2.472298 1.348371 1.230654 0.859872 3.359077 
2.016715 1.554714 0.982868 1.337684 1.517733 0.878093 4.001969 3.554579 2.239017 2.096742 1.610437 1.560419 1.700939 1.665982 2.856438 2.574547 2.518010 1.384295 1.267640 0.865201 3.432863 
2.042956 1.587059 1.003432 1.362255 1.573605 0.909130 4.080347 3.596910 2.291413 2.144917 1.633893 1.592661 1.743872 1.696651 2.930845 2.625162 2.563850 1.421280 1.305313 0.871162 3.507788 
2.068592 1.619280 1.025113 1.387619 1.630697 0.942083 4.158998 3.639556 2.345197 2.193200 1.658145 1.625139 1.786666 1.727855 3.005994 2.676032 2.609822 1.459366 1.343681 0.877831 3.583896 
2.093604 1.651355 1.047978 1.413831 1.689009 0.977040 4.237918 3.682595 2.400431 2.241564 1.683267 1.657857 1.829276 1.759629 3.081869 2.727157 2.655933 1.498597 1.382750 0.885283 3.661231 
2.117971 1.683261 1.072096 1.440944 1.748541 1.014091 4.317106 3.726107 2.457176 2.289982 1.709335 1.690820 1.871652 1.792011 3.158453 2.778540 2.702186 1.539015 1.422528 0.893599 3.739837 
2.141673 1.714975 1.097538 1.469015 1.809293 1.053327 4.396561 3.770174 2.515496 2.338428 1.736425 1.724034 1.913745 1.825037 3.235731 2.830180 2.748587 1.580663 1.463019 0.902860 3.819762 
2.164690 1.746473 1.124374 1.498101 1.871265 1.094840 4.476282 3.814881 2.575455 2.386873 1.764619 1.757503 1.955503 1.858744 3.313684 2.882080 2.795143 1.623586 1.504233 0.913148 3.901053 
2.187000 1.777731 1.152678 1.528262 1.934454 1.138725 4.556267 3.860316 2.637118 2.435290 1.793997 1.791233 1.996876 1.893174 3.392295 2.934241 2.841859 1.667827 1.546174 0.924549 3.983757 
2.208584 1.808725 1.182524 1.559556 1.998858 1.185075 4.636518 3.906568 2.700551 2.483648 1.824642 1.825232 2.037809 1.928365 3.471545 2.986663 2.888742 1.713434 1.588850 0.937150 4.067926 
2.229420 1.839430 1.213988 1.592044 2.064476 1.233989 4.717033 3.953730 2.765823 2.531919 1.856640 1.859504 2.078249 1.964358 3.551415 3.039350 2.935799 1.760452 1.632268 0.951039 4.153608 
2.249489 1.869821 1.247146 1.625790 2.131303 1.285565 4.797813 4.001897 2.833003 2.580072 1.890078 1.894056 2.118140 2.001196 3.631886 3.092302 2.983038 1.808929 1.676433 0.966308 4.240856 
2.268768 1.899873 1.282077 1.660858 2.199337 1.339901 4.878858 4.051166 2.902160 2.628075 1.925047 1.928896 2.157425 2.038922 3.712938 3.145522 3.030466 1.858911 1.721353 0.983050 4.329722 
2.287238 1.929559 1.318860 1.697311 2.268571 1.397099 4.960169 4.101635 2.973366 2.675898 1.961636 1.964029 2.196048 2.077580 3.794550 3.199011 3.078091 1.910448 1.767035 1.001358 4.420260 
2.304876 1.958853 1.357577 1.735216 2.339003 1.457261 5.041747 4.153409 3.046694 2.723508 1.999939 1.999463 2.233949 2.117213 3.876701 3.252771 3.125921 1.963590 1.813484 1.021331 4.512524 
2.321662 1.987728 1.398310 1.774641 2.410625 1.520492 5.123593 4.206590 3.122218 2.770872 2.040052 2.035206 2.271069 2.157870 3.959369 3.306806 3.173966 2.018385 1.860708 1.043067 4.606571 
2.337575 2.016158 1.441142 1.815654 2.483431 1.586897 5.205710 4.261285 3.200011 2.817957 2.082072 2.071264 2.307346 2.199595 4.042532 3.361116 3.222234 2.074885 1.908712 1.066667 4.702457 
2.352593 2.044116 1.486159 1.858326 2.557416 1.656582 5.288099 4.317605 3.280152 2.864729 2.126098 2.107647 2.342719 2.242437 4.126167 3.415705 3.270735 2.133141 1.957504 1.092233 4.800241 
2.366694 2.071572 1.533447 1.902727 2.632571 1.729657 5.370763 4.375661 3.362716 2.911153 2.172231 2.144363 2.377124 2.286444 4.210251 3.470575 3.319478 2.193206 2.007090 1.119870 4.899980 
2.379857 2.098500 1.583094 1.948930 2.708889 1.806229 5.453704 4.435567 3.447782 2.957194 2.220575 2.181418 2.410498 2.331667 4.294760 3.525729 3.368475 2.255132 2.057476 1.149684 5.001736 
2.392061 2.124870 1.635189 1.997010 2.786360 1.886411 5.536925 4.497439 3.535431 3.002816 2.271234 2.218823 2.442773 2.378156 4.379670 3.581169 3.417735 2.318973 2.108669 1.181785 5.105568 
2.403283 2.150653 1.689822 2.047040 2.864976 1.970316 5.620429 4.561398 3.625742 3.047982 2.324316 2.256586 2.473885 2.425961 4.464955 3.636900 3.467269 2.384783 2.160675 1.216283 5.211540 
2.413502 2.175821 1.747085 2.099097 2.944728 2.058056 5.704220 4.627564 3.718799 3.092656 2.379929 2.294716 2.503765 2.475137 4.550591 3.692922 3.517089 2.452618 2.213501 1.253289 5.319714 
2.422695 2.200343 1.807072 2.153260 3.025604 2.149749 5.788302 4.696061 3.814684 3.136799 2.438185 2.333223 2.532345 2.525736 4.636551 3.749241 3.567205 2.522533 2.267153 1.292920 5.430155 
2.430841 2.224190 1.869877 2.209606 3.107594 2.245509 5.872678 4.767015 3.913481 3.180373 2.499196 2.372116 2.559553 2.577813 4.722808 3.805859 3.617631 2.594585 2.321637 1.335290 5.542928 
2.437917 2.247330 1.935596 2.268216 3.190686 2.345457 5.957354 4.840557 4.015278 3.223339 2.563078 2.411405 2.585321 2.631423 4.809335 3.862779 3.668378 2.668832 2.376960 1.380520 5.658098 
2.443901 2.269734 2.004326 2.329171 3.274868 2.449711 6.042334 4.916816 4.120159 3.265658 2.629948 2.451100 2.609574 2.686622 4.896106 3.920005 3.719460 2.745331 2.433127 1.428728 5.775735 
2.448770 2.291369 2.076166 2.392554 3.360127 2.558393 6.127624 4.995927 4.228214 3.307289 2.699924 2.491211 2.632240 2.743468 4.983091 3.977541 3.770888 2.824141 2.490147 1.480037 5.895905 
2.452503 2.312205 2.151215 2.458448 3.446451 2.671625 6.213227 5.078025 4.339532 3.348191 2.773128 2.531749 2.653245 2.802019 5.070261 4.035390 3.822677 2.905322 2.548023 1.534571 6.018679 
2.455076 2.332208 2.229575 2.526939 3.533825 2.789532 6.299151 5.163249 4.454203 3.388323 2.849681 2.572725 2.672513 2.862334 5.157589 4.093557 3.874840 2.988933 2.606764 1.592457 6.144126 
2.456467 2.351348 2.311349 2.598114 3.622235 2.912238 6.385402 5.251741 4.572319 3.427643 2.929710 2.614150 2.689966 2.924474 5.245042 4.152045 3.927391 3.075037 2.666375 1.653824 6.272319 
2.456653 2.369590 2.396641 2.672060 3.711665 3.039872 6.471984 5.343644 4.693972 3.466108 3.013341 2.656034 2.705528 2.988498 5.332592 4.210859 3.980346 3.163694 2.726862 1.718800 6.403331 
2.455612 2.386902 2.485555 2.748865 3.802101 3.172561 6.558906 5.439103 4.819257 3.503674 3.100702 2.698390 2.719119 3.054471 5.420208 4.270002 4.033717 3.254967 2.788231 1.787518 6.537234 
2.453319 2.403251 2.578200 2.828621 3.893525 3.310435 6.646173 5.538267 4.948269 3.540298 3.191925 2.741230 2.730660 3.122454 5.507857 4.329480 4.087522 3.348919 2.850489 1.860112 6.674104 
2.449752 2.418602 2.674682 2.911418 3.985921 3.453625 6.733794 5.641287 5.081103 3.575935 3.287142 2.784564 2.740068 3.192511 5.595508 4.389296 4.141775 3.445615 2.913642 1.936719 6.814016 
