NaN NaN NaN NaN NaN NaN NaN NaN NaN NaN NaN NaN NaN NaN NaN NaN NaN NaN NaN NaN NaN NaN NaN NaN NaN NaN NaN NaN 
NaN NaN NaN NaN NaN NaN NaN NaN NaN NaN NaN NaN NaN NaN NaN NaN NaN NaN NaN NaN NaN NaN NaN NaN NaN NaN NaN NaN 
NaN NaN NaN NaN NaN NaN NaN NaN NaN NaN NaN NaN NaN NaN NaN NaN NaN NaN NaN NaN NaN NaN NaN NaN NaN NaN NaN NaN 
NaN NaN NaN NaN NaN NaN NaN NaN NaN NaN NaN NaN NaN NaN NaN NaN NaN NaN NaN NaN NaN NaN NaN NaN NaN NaN NaN NaN 
NaN NaN NaN NaN NaN NaN NaN NaN NaN NaN NaN NaN NaN NaN NaN NaN NaN NaN NaN NaN NaN NaN NaN NaN NaN NaN NaN NaN 
NaN NaN NaN NaN NaN NaN NaN NaN NaN NaN NaN NaN NaN NaN NaN NaN NaN NaN NaN NaN NaN NaN NaN NaN NaN NaN NaN NaN 
-0.690031 -1.445750 -1.290848 -0.707911 -0.674524 -0.844132 -1.250558 -0.375682 -0.719680 -1.229162 -0.666961 -1.003103 -0.678199 -0.045226 -0.654446 -1.408510 -1.299977 -1.605119 -0.426435 -1.070803 -0.388829 -0.566745 -0.992603 -1.299858 -1.272531 -0.671481 -0.412791 -0.483917 
-0.705649 -1.450625 -1.244360 -0.725482 -0.661436 -0.803746 -1.224580 -0.424908 -0.744286 -1.186977 -0.672583 -1.020598 -0.685555 -0.118044 -0.683948 -1.377587 -1.291795 -1.604101 -0.491674 -1.050751 -0.451904 -0.595946 -1.012610 -1.267419 -1.234997 -0.614550 -0.412733 -0.505722 
-0.719414 -1.452809 -1.199908 -0.741155 -0.648700 -0.765737 -1.198764 -0.470653 -0.766110 -1.146315 -0.676326 -1.035927 -0.691330 -0.186179 -0.710964 -1.347100 -1.282390 -1.600879 -0.552495 -1.030887 -0.510227 -0.622929 -1.030272 -1.235472 -1.198393 -0.561227 -0.412575 -0.525642 
-0.731371 -1.452399 -1.157396 -0.754969 -0.636283 -0.729995 -1.173099 -0.512998 -0.785241 -1.107113 -0.678276 -1.049129 -0.695579 -0.249748 -0.735544 -1.317022 -1.271798 -1.595518 -0.608994 -1.011191 -0.563932 -0.647731 -1.045637 -1.204001 -1.162683 -0.511375 -0.412296 -0.543717 
-0.741564 -1.449490 -1.116735 -0.766965 -0.624158 -0.696411 -1.147574 -0.552024 -0.801763 -1.069313 -0.678519 -1.060246 -0.698356 -0.308867 -0.757736 -1.287323 -1.260052 -1.588085 -0.661267 -0.991641 -0.613153 -0.670387 -1.058752 -1.172985 -1.127835 -0.464858 -0.411876 -0.559989 
-0.750036 -1.444177 -1.077833 -0.777183 -0.612293 -0.664877 -1.122177 -0.587811 -0.815762 -1.032854 -0.677137 -1.069317 -0.699714 -0.363651 -0.777588 -1.257975 -1.247187 -1.578643 -0.709410 -0.972217 -0.658018 -0.690934 -1.069662 -1.142407 -1.093816 -0.421544 -0.411295 -0.574497 
-0.756832 -1.436552 -1.040601 -0.785662 -0.600661 -0.635288 -1.096897 -0.620437 -0.827320 -0.997677 -0.674213 -1.076382 -0.699705 -0.414213 -0.795148 -1.228950 -1.233237 -1.567255 -0.753516 -0.952900 -0.698658 -0.709408 -1.078413 -1.112250 -1.060593 -0.381301 -0.410536 -0.587281 
-0.761994 -1.426705 -1.004953 -0.792441 -0.589233 -0.607541 -1.071725 -0.649981 -0.836521 -0.963725 -0.669826 -1.081481 -0.698380 -0.460665 -0.810463 -1.200223 -1.218233 -1.553984 -0.793678 -0.933670 -0.735200 -0.725844 -1.085051 -1.082495 -1.028135 -0.344000 -0.409578 -0.598379 
-0.765563 -1.414727 -0.970803 -0.797559 -0.577981 -0.581535 -1.046648 -0.676518 -0.843443 -0.930941 -0.664055 -1.084652 -0.695790 -0.503118 -0.823580 -1.171765 -1.202208 -1.538892 -0.829986 -0.914508 -0.767768 -0.740276 -1.089620 -1.053125 -0.996409 -0.309513 -0.408404 -0.607830 
-0.767583 -1.400704 -0.938065 -0.801054 -0.566878 -0.557168 -1.021657 -0.700125 -0.848168 -0.899269 -0.656978 -1.085934 -0.691983 -0.541682 -0.834545 -1.143553 -1.185193 -1.522038 -0.862533 -0.895394 -0.796486 -0.752740 -1.092165 -1.024122 -0.965385 -0.277715 -0.406996 -0.615673 
-0.768093 -1.384724 -0.906658 -0.802963 -0.555897 -0.534343 -0.996740 -0.720875 -0.850773 -0.868652 -0.648668 -1.085365 -0.687009 -0.576464 -0.843404 -1.115559 -1.167220 -1.503483 -0.891406 -0.876311 -0.821476 -0.763269 -1.092729 -0.995470 -0.935032 -0.248482 -0.405335 -0.621944 
-0.767135 -1.366870 -0.876499 -0.803324 -0.545013 -0.512965 -0.971889 -0.738844 -0.851335 -0.839037 -0.639201 -1.082984 -0.680913 -0.607571 -0.850203 -1.087761 -1.148319 -1.483284 -0.916696 -0.857240 -0.842858 -0.771898 -1.091357 -0.967152 -0.905319 -0.221692 -0.403406 -0.626682 
-0.764748 -1.347226 -0.847508 -0.802173 -0.534199 -0.492937 -0.947093 -0.754103 -0.849929 -0.810368 -0.628647 -1.078828 -0.673743 -0.635109 -0.854987 -1.060132 -1.128520 -1.461500 -0.938488 -0.838162 -0.860749 -0.778661 -1.088091 -0.939150 -0.876216 -0.197226 -0.401191 -0.629922 
-0.760972 -1.325873 -0.819608 -0.799546 -0.523430 -0.474169 -0.922341 -0.766725 -0.846630 -0.782594 -0.617078 -1.072933 -0.665543 -0.659182 -0.857801 -1.032651 -1.107851 -1.438186 -0.956870 -0.819061 -0.875266 -0.783590 -1.082973 -0.911448 -0.847694 -0.174967 -0.398673 -0.631702 
-0.755846 -1.302890 -0.792720 -0.795479 -0.512682 -0.456568 -0.897624 -0.776780 -0.841510 -0.755662 -0.604561 -1.065337 -0.656359 -0.679893 -0.858689 -1.005294 -1.086343 -1.413399 -0.971926 -0.799918 -0.886524 -0.786719 -1.076045 -0.884030 -0.819723 -0.154798 -0.395837 -0.632057 
-0.749408 -1.278357 -0.766770 -0.790008 -0.501931 -0.440046 -0.872933 -0.784339 -0.834641 -0.729520 -0.591166 -1.056077 -0.646234 -0.697343 -0.857695 -0.978039 -1.064022 -1.387192 -0.983742 -0.780717 -0.894635 -0.788080 -1.067350 -0.856879 -0.792276 -0.136605 -0.392667 -0.631022 
-0.741697 -1.252350 -0.741682 -0.783166 -0.491153 -0.424516 -0.848258 -0.789469 -0.826094 -0.704117 -0.576956 -1.045187 -0.635210 -0.711632 -0.854862 -0.950863 -1.040917 -1.359620 -0.992399 -0.761442 -0.899710 -0.787705 -1.056928 -0.829980 -0.765322 -0.120278 -0.389148 -0.628633 
-0.732750 -1.224943 -0.717385 -0.774990 -0.480326 -0.409893 -0.823589 -0.792240 -0.815937 -0.679405 -0.561996 -1.032705 -0.623328 -0.722859 -0.850233 -0.923745 -1.017054 -1.330736 -0.997981 -0.742075 -0.901857 -0.785627 -1.044820 -0.803316 -0.738835 -0.105705 -0.385265 -0.624923 
-0.722603 -1.196211 -0.693807 -0.765512 -0.469425 -0.396092 -0.798918 -0.792717 -0.804237 -0.655333 -0.546348 -1.018665 -0.610630 -0.731122 -0.843852 -0.896665 -0.992459 -1.300590 -1.000567 -0.722601 -0.901185 -0.781877 -1.031067 -0.776873 -0.712787 -0.092779 -0.381003 -0.619928 
-0.711293 -1.166225 -0.670878 -0.754765 -0.458431 -0.383032 -0.774234 -0.790967 -0.791062 -0.631853 -0.530073 -1.003103 -0.597155 -0.736517 -0.835760 -0.869603 -0.967159 -1.269234 -1.000239 -0.703004 -0.897799 -0.776486 -1.015707 -0.750634 -0.687151 -0.081394 -0.376349 -0.613680 
-0.698856 -1.135056 -0.648530 -0.742784 -0.447321 -0.370633 -0.749531 -0.787055 -0.776476 -0.608919 -0.513230 -0.986053 -0.582942 -0.739139 -0.825998 -0.842539 -0.941179 -1.236717 -0.997075 -0.683268 -0.891803 -0.769486 -0.998781 -0.724584 -0.661900 -0.071445 -0.371288 -0.606214 
-0.685326 -1.102773 -0.626696 -0.729601 -0.436075 -0.358817 -0.724797 -0.781045 -0.760543 -0.586482 -0.495877 -0.967549 -0.568028 -0.739082 -0.814609 -0.815453 -0.914544 -1.203089 -0.991152 -0.663379 -0.883297 -0.760907 -0.980327 -0.698708 -0.637007 -0.062831 -0.365807 -0.597560 
-0.670739 -1.069442 -0.605310 -0.715247 -0.424672 -0.347508 -0.700026 -0.772999 -0.743325 -0.564498 -0.478069 -0.947625 -0.552450 -0.736437 -0.801634 -0.788328 -0.887277 -1.168397 -0.982548 -0.643322 -0.872383 -0.750778 -0.960383 -0.672992 -0.612447 -0.055452 -0.359894 -0.587753 
-0.655129 -1.035130 -0.584309 -0.699754 -0.413092 -0.336631 -0.675208 -0.762981 -0.724884 -0.542920 -0.459861 -0.926315 -0.536244 -0.731297 -0.787112 -0.761145 -0.859402 -1.132687 -0.971339 -0.623081 -0.859159 -0.739131 -0.938987 -0.647421 -0.588195 -0.049208 -0.353536 -0.576823 
-0.638529 -0.999901 -0.563630 -0.683153 -0.401316 -0.326113 -0.650336 -0.751050 -0.705279 -0.521706 -0.441305 -0.903652 -0.519445 -0.723750 -0.771083 -0.733887 -0.830942 -1.096007 -0.957599 -0.602644 -0.843721 -0.725994 -0.916178 -0.621979 -0.564224 -0.044004 -0.346720 -0.564802 
-0.620973 -0.963816 -0.543212 -0.665476 -0.389325 -0.315884 -0.625400 -0.737267 -0.684568 -0.500811 -0.422452 -0.879669 -0.502086 -0.713884 -0.753589 -0.706537 -0.801919 -1.058400 -0.941402 -0.581996 -0.826164 -0.711397 -0.891991 -0.596653 -0.540512 -0.039746 -0.339435 -0.551720 
-0.602492 -0.926938 -0.522995 -0.646752 -0.377101 -0.305875 -0.600393 -0.721692 -0.662809 -0.480192 -0.403352 -0.854399 -0.484201 -0.701788 -0.734667 -0.679079 -0.772356 -1.019911 -0.922820 -0.561124 -0.806581 -0.695369 -0.866464 -0.571429 -0.517032 -0.036340 -0.331669 -0.537609 
-0.583119 -0.889324 -0.502922 -0.627012 -0.364627 -0.296017 -0.575308 -0.704382 -0.640058 -0.459808 -0.384053 -0.827872 -0.465822 -0.687546 -0.714356 -0.651498 -0.742272 -0.980582 -0.901925 -0.540014 -0.785063 -0.677938 -0.839632 -0.546293 -0.493762 -0.033698 -0.323412 -0.522499 
-0.562886 -0.851034 -0.482935 -0.606284 -0.351884 -0.286247 -0.550135 -0.685394 -0.616369 -0.439618 -0.364600 -0.800122 -0.446979 -0.671243 -0.692695 -0.623778 -0.711690 -0.940456 -0.878787 -0.518654 -0.761699 -0.659133 -0.811532 -0.521231 -0.470678 -0.031729 -0.314652 -0.506418 
-0.541823 -0.812123 -0.462980 -0.584597 -0.338858 -0.276499 -0.524869 -0.664785 -0.591795 -0.419580 -0.345039 -0.771179 -0.427703 -0.652962 -0.669722 -0.595904 -0.680629 -0.899574 -0.853476 -0.497031 -0.736577 -0.638982 -0.782197 -0.496230 -0.447756 -0.030347 -0.305380 -0.489396 
-0.519961 -0.772646 -0.443002 -0.561980 -0.325530 -0.266713 -0.499500 -0.642609 -0.566389 -0.399657 -0.325412 -0.741075 -0.408023 -0.632785 -0.645475 -0.567863 -0.649108 -0.857976 -0.826060 -0.475133 -0.709782 -0.617511 -0.751664 -0.471275 -0.424975 -0.029468 -0.295586 -0.471461 
-0.497330 -0.732656 -0.422950 -0.538461 -0.311887 -0.256828 -0.474023 -0.618922 -0.540200 -0.379809 -0.305760 -0.709840 -0.387966 -0.610791 -0.619990 -0.539642 -0.617147 -0.815700 -0.796607 -0.452948 -0.681399 -0.594749 -0.719966 -0.446354 -0.402312 -0.029010 -0.285260 -0.452643 
-0.473958 -0.692204 -0.402772 -0.514068 -0.297912 -0.246787 -0.448429 -0.593776 -0.513279 -0.359998 -0.286124 -0.677505 -0.367561 -0.587062 -0.593304 -0.511226 -0.584763 -0.772786 -0.765182 -0.430464 -0.651509 -0.570722 -0.687137 -0.421455 -0.379745 -0.028890 -0.274393 -0.432968 
-0.449875 -0.651341 -0.382420 -0.488826 -0.283592 -0.236532 -0.422712 -0.567224 -0.485673 -0.340186 -0.266541 -0.644099 -0.346832 -0.561673 -0.565454 -0.482605 -0.551975 -0.729270 -0.731851 -0.407670 -0.620193 -0.545456 -0.653210 -0.396563 -0.357252 -0.029031 -0.262976 -0.412463 
-0.425109 -0.610114 -0.361845 -0.462764 -0.268912 -0.226009 -0.396865 -0.539317 -0.457428 -0.320339 -0.247048 -0.609652 -0.325807 -0.534702 -0.536475 -0.453766 -0.518799 -0.685189 -0.696677 -0.384556 -0.587529 -0.518979 -0.618218 -0.371668 -0.334814 -0.029356 -0.251001 -0.391157 
-0.399688 -0.568570 -0.341000 -0.435907 -0.253858 -0.215166 -0.370881 -0.510105 -0.428591 -0.300420 -0.227680 -0.574193 -0.304508 -0.506223 -0.506403 -0.424698 -0.485253 -0.640577 -0.659725 -0.361110 -0.553595 -0.491315 -0.582194 -0.346755 -0.312408 -0.029789 -0.238461 -0.369074 
-0.373639 -0.526755 -0.319842 -0.408281 -0.238419 -0.203951 -0.344754 -0.479638 -0.399205 -0.280394 -0.208470 -0.537752 -0.282960 -0.476312 -0.475272 -0.395391 -0.451352 -0.595469 -0.621056 -0.337323 -0.518464 -0.462491 -0.545170 -0.321813 -0.290016 -0.030258 -0.225347 -0.346241 
-0.346988 -0.484712 -0.298326 -0.379911 -0.222581 -0.192316 -0.318476 -0.447963 -0.369313 -0.260228 -0.189449 -0.500356 -0.261184 -0.445039 -0.443118 -0.365834 -0.417112 -0.549898 -0.580731 -0.313184 -0.482211 -0.432531 -0.507176 -0.296830 -0.267617 -0.030692 -0.211652 -0.322684 
-0.319762 -0.442483 -0.276410 -0.350821 -0.206333 -0.180213 -0.292043 -0.415129 -0.338957 -0.239888 -0.170648 -0.462033 -0.239202 -0.412477 -0.409974 -0.336018 -0.382547 -0.503897 -0.538809 -0.288683 -0.444906 -0.401461 -0.468245 -0.271794 -0.245191 -0.031022 -0.197370 -0.298428 
-0.291986 -0.400108 -0.254054 -0.321037 -0.189663 -0.167596 -0.265447 -0.381182 -0.308176 -0.219343 -0.152094 -0.422812 -0.217035 -0.378695 -0.375875 -0.305934 -0.347672 -0.457497 -0.495351 -0.263812 -0.406619 -0.369305 -0.428406 -0.246694 -0.222721 -0.031180 -0.182495 -0.273496 
-0.263685 -0.357626 -0.231219 -0.290582 -0.172560 -0.154422 -0.238684 -0.346168 -0.277009 -0.198560 -0.133816 -0.382720 -0.194702 -0.343761 -0.340853 -0.275574 -0.312501 -0.410728 -0.450412 -0.238560 -0.367418 -0.336087 -0.387690 -0.221517 -0.200186 -0.031102 -0.167019 -0.247914 
-0.234884 -0.315075 -0.207866 -0.259479 -0.155015 -0.140649 -0.211746 -0.310130 -0.245494 -0.177509 -0.115838 -0.341784 -0.172222 -0.307744 -0.304941 -0.244930 -0.277047 -0.363620 -0.404051 -0.212921 -0.327368 -0.301830 -0.346126 -0.196253 -0.177570 -0.030723 -0.150939 -0.221704 
-0.205607 -0.272491 -0.183960 -0.227752 -0.137017 -0.126237 -0.184628 -0.273112 -0.213667 -0.156160 -0.098183 -0.300030 -0.149612 -0.270709 -0.268173 -0.213994 -0.241321 -0.316201 -0.356323 -0.186885 -0.286534 -0.266560 -0.303744 -0.170891 -0.154854 -0.029984 -0.134247 -0.194891 
-0.175876 -0.229906 -0.159466 -0.195422 -0.118558 -0.111148 -0.157325 -0.235157 -0.181563 -0.134484 -0.080873 -0.257485 -0.126889 -0.232721 -0.230579 -0.182760 -0.205338 -0.268499 -0.307282 -0.160443 -0.244979 -0.230298 -0.260572 -0.145420 -0.132022 -0.028824 -0.116940 -0.167497 
-0.145716 -0.187355 -0.134351 -0.162512 -0.099628 -0.095345 -0.129831 -0.196306 -0.149216 -0.112453 -0.063930 -0.214175 -0.104069 -0.193842 -0.192192 -0.151223 -0.169107 -0.220540 -0.256982 -0.133589 -0.202762 -0.193067 -0.216638 -0.119828 -0.109055 -0.027185 -0.099013 -0.139544 
-0.115148 -0.144868 -0.108582 -0.129043 -0.080219 -0.078794 -0.102141 -0.156601 -0.116658 -0.090038 -0.047371 -0.170125 -0.081166 -0.154136 -0.153043 -0.119375 -0.132639 -0.172350 -0.205475 -0.106315 -0.159943 -0.154891 -0.171971 -0.094106 -0.085938 -0.025014 -0.080462 -0.111054 
-0.084194 -0.102473 -0.082130 -0.095037 -0.060324 -0.061461 -0.074250 -0.116080 -0.083919 -0.067214 -0.031213 -0.125360 -0.058194 -0.113662 -0.113162 -0.087213 -0.095946 -0.123953 -0.152814 -0.078614 -0.116578 -0.115790 -0.126597 -0.068243 -0.062655 -0.022256 -0.061283 -0.082049 
-0.052876 -0.060200 -0.054965 -0.060514 -0.039936 -0.043316 -0.046153 -0.074782 -0.051029 -0.043955 -0.015472 -0.079907 -0.035166 -0.072480 -0.072581 -0.054731 -0.059036 -0.075374 -0.099048 -0.050479 -0.072723 -0.075788 -0.080545 -0.042229 -0.039190 -0.018859 -0.041474 -0.052549 
-0.021213 -0.018074 -0.027060 -0.025495 -0.019048 -0.024330 -0.017845 -0.032745 -0.018018 -0.020235 -0.000162 -0.033788 -0.012094 -0.030648 -0.031328 -0.021927 -0.021918 -0.026633 -0.044226 -0.021903 -0.028431 -0.034905 -0.033839 -0.016054 -0.015527 -0.014774 -0.021030 -0.022575 
0.010772 0.023880 0.001610 0.010002 0.002346 -0.004475 0.010679 0.009995 0.015090 0.003970 0.014704 0.012972 0.011011 0.011777 0.010567 0.011203 0.015398 0.022245 0.011603 0.007119 0.016247 0.006837 0.013494 0.010292 0.008348 -0.009953 0.000050 0.007852 
0.043062 0.065639 0.031071 0.045956 0.024251 0.016275 0.039422 0.053402 0.048266 0.028684 0.029117 0.060349 0.034139 0.054740 0.053074 0.044663 0.052905 0.071242 0.068391 0.036594 0.061260 0.049418 0.061429 0.036818 0.032450 -0.004351 0.021769 0.038714 
0.075637 0.107181 0.061346 0.082349 0.046673 0.037942 0.068391 0.097440 0.081488 0.053928 0.043067 0.108320 0.057282 0.098187 0.096165 0.078454 0.090595 0.120337 0.126094 0.066527 0.106562 0.092816 0.109940 0.063534 0.056792 0.002077 0.044129 0.069990 
0.108478 0.148487 0.092456 0.119162 0.069616 0.060550 0.097588 0.142077 0.114732 0.079726 0.056547 0.156861 0.080431 0.142064 0.139811 0.112578 0.128463 0.169511 0.184665 0.096923 0.152104 0.137013 0.159003 0.090448 0.081389 0.009371 0.067130 0.101663 
0.141568 0.189538 0.124421 0.156378 0.093083 0.084117 0.127018 0.187280 0.147976 0.106098 0.069552 0.205951 0.103579 0.186321 0.183986 0.147035 0.166500 0.218747 0.244060 0.127787 0.197844 0.181988 0.208593 0.117571 0.106254 0.017573 0.090774 0.133714 
0.174888 0.230318 0.157260 0.193979 0.117079 0.108664 0.156684 0.233017 0.181200 0.133064 0.082076 0.255566 0.126720 0.230908 0.228661 0.181827 0.204702 0.268028 0.304238 0.159123 0.243738 0.227721 0.258688 0.144910 0.131399 0.026720 0.115061 0.166125 
0.208421 0.270810 0.190991 0.231949 0.141605 0.134205 0.186591 0.279256 0.214385 0.160645 0.094117 0.305684 0.149849 0.275774 0.273809 0.216953 0.243064 0.317338 0.365155 0.190936 0.289746 0.274194 0.309264 0.172474 0.156837 0.036847 0.139992 0.198879 
0.242152 0.311003 0.225628 0.270270 0.166665 0.160756 0.216743 0.325969 0.247513 0.188858 0.105675 0.356285 0.172961 0.320874 0.319404 0.252413 0.281581 0.366662 0.426771 0.223230 0.335829 0.321387 0.360297 0.200272 0.182581 0.047990 0.165567 0.231959 
0.276064 0.350883 0.261187 0.308926 0.192260 0.188329 0.247142 0.373126 0.280567 0.217722 0.116751 0.407347 0.196054 0.366161 0.365420 0.288206 0.320250 0.415986 0.489046 0.256008 0.381950 0.369283 0.411767 0.228312 0.208640 0.060180 0.191785 0.265348 
0.310143 0.390440 0.297680 0.347902 0.218391 0.216936 0.277792 0.420700 0.313532 0.247254 0.127345 0.458849 0.219125 0.411590 0.411831 0.324329 0.359066 0.465297 0.551941 0.289274 0.428073 0.417863 0.463651 0.256602 0.235028 0.073447 0.218645 0.299030 
0.344372 0.429665 0.335119 0.387183 0.245060 0.246586 0.308697 0.468663 0.346394 0.277470 0.137463 0.510770 0.242172 0.457117 0.458612 0.360780 0.398027 0.514583 0.615419 0.323030 0.474164 0.467109 0.515927 0.285150 0.261754 0.087819 0.246145 0.332991 
0.378738 0.468551 0.373513 0.426754 0.272265 0.277286 0.339859 0.516989 0.379140 0.308385 0.147111 0.563091 0.265196 0.502700 0.505737 0.397557 0.437131 0.563834 0.679443 0.357279 0.520192 0.517004 0.568575 0.313963 0.288828 0.103324 0.274285 0.367214 
0.413228 0.507093 0.412871 0.466601 0.300008 0.309042 0.371281 0.565655 0.411760 0.340015 0.156294 0.615791 0.288197 0.548299 0.553183 0.434656 0.476377 0.613038 0.743978 0.392024 0.566127 0.567531 0.621574 0.343050 0.316262 0.119984 0.303061 0.401685 
0.447827 0.545285 0.453200 0.506710 0.328287 0.341857 0.402966 0.614635 0.444243 0.372373 0.165022 0.668852 0.311177 0.593873 0.600926 0.472073 0.515762 0.662188 0.808988 0.427266 0.611941 0.618673 0.674905 0.372416 0.344064 0.137824 0.332472 0.436390 
0.482523 0.583126 0.494505 0.547068 0.357100 0.375735 0.434917 0.663906 0.476581 0.405473 0.173305 0.722253 0.334137 0.639384 0.648941 0.509803 0.555288 0.711274 0.874441 0.463007 0.657607 0.670414 0.728547 0.402070 0.372244 0.156862 0.362515 0.471315 
0.517305 0.620614 0.536791 0.587661 0.386447 0.410674 0.467137 0.713448 0.508766 0.439326 0.181156 0.775977 0.357082 0.684796 0.697206 0.547842 0.594953 0.760290 0.940303 0.499249 0.703100 0.722737 0.782482 0.432019 0.400810 0.177117 0.393186 0.506447 
0.552160 0.657750 0.580060 0.628478 0.416324 0.446674 0.499626 0.763237 0.540792 0.473944 0.188587 0.830005 0.380015 0.730073 0.745698 0.586183 0.634758 0.809230 1.006545 0.535992 0.748399 0.775627 0.836691 0.462268 0.429771 0.198607 0.424482 0.541773 
0.587077 0.694537 0.624314 0.669507 0.446728 0.483730 0.532389 0.813256 0.572654 0.509338 0.195615 0.884318 0.402943 0.775180 0.794395 0.624821 0.674706 0.858088 1.073135 0.573237 0.793481 0.829068 0.891156 0.492825 0.459134 0.221345 0.456398 0.577280 
0.622046 0.730977 0.669552 0.710735 0.477656 0.521838 0.565426 0.863483 0.604349 0.545518 0.202256 0.938901 0.425871 0.820084 0.843274 0.663748 0.714797 0.906860 1.140043 0.610985 0.838327 0.883045 0.945860 0.523696 0.488907 0.245344 0.488931 0.612956 
0.657056 0.767076 0.715772 0.752152 0.509104 0.560991 0.598740 0.913902 0.635876 0.582493 0.208528 0.993734 0.448806 0.864754 0.892314 0.702957 0.755033 0.955543 1.207243 0.649235 0.882921 0.937544 1.000784 0.554887 0.519098 0.270616 0.522076 0.648791 
0.692099 0.802842 0.762971 0.793748 0.541067 0.601179 0.632332 0.964496 0.667232 0.620272 0.214452 1.048802 0.471758 0.909160 0.941495 0.742441 0.795419 1.004134 1.274707 0.687988 0.927246 0.992550 1.055912 0.586404 0.549712 0.297168 0.555827 0.684773 
0.727166 0.838282 0.811144 0.835511 0.573540 0.642392 0.666204 1.015247 0.698418 0.658861 0.220049 1.104088 0.494735 0.953271 0.990795 0.782190 0.835958 1.052632 1.342408 0.727243 0.971289 1.048049 1.111229 0.618252 0.580757 0.325008 0.590179 0.720891 
0.762247 0.873406 0.860286 0.877434 0.606518 0.684618 0.700358 1.066140 0.729437 0.698267 0.225343 1.159575 0.517747 0.997061 1.040194 0.822196 0.876653 1.101037 1.410323 0.766999 1.015038 1.104028 1.166717 0.650438 0.612238 0.354140 0.625126 0.757135 
0.797336 0.908227 0.910388 0.919505 0.639995 0.727842 0.734794 1.117163 0.760292 0.738497 0.230358 1.215248 0.540806 1.040503 1.089673 0.862449 0.917509 1.149350 1.478426 0.807254 1.058482 1.160472 1.222362 0.682967 0.644160 0.384568 0.660662 0.793495 
0.832424 0.942757 0.961443 0.961717 0.673963 0.772048 0.769515 1.168300 0.790986 0.779556 0.235121 1.271092 0.563923 1.083572 1.139212 0.902939 0.958532 1.197572 1.546695 0.848008 1.101613 1.217369 1.278149 0.715844 0.676529 0.416292 0.696779 0.829963 
0.867505 0.977011 1.013438 1.004062 0.708415 0.817217 0.804520 1.219541 0.821525 0.821447 0.239660 1.327090 0.587112 1.126245 1.188792 0.943654 0.999727 1.245705 1.615108 0.889258 1.144425 1.274706 1.334063 0.749074 0.709349 0.449311 0.733471 0.866530 
0.902573 1.011006 1.066362 1.046531 0.743345 0.863332 0.839811 1.270873 0.851918 0.864175 0.244006 1.383230 0.610386 1.168497 1.238395 0.984585 1.041102 1.293753 1.683644 0.931002 1.186911 1.332471 1.390091 0.782662 0.742624 0.483623 0.770731 0.903186 
0.937623 1.044759 1.120202 1.089117 0.778742 0.910369 0.875389 1.322287 0.882171 0.907742 0.248189 1.439495 0.633760 1.210310 1.288002 1.025718 1.082662 1.341720 1.752284 0.973238 1.229071 1.390651 1.446218 0.816612 0.776359 0.519222 0.808550 0.939924 
0.972648 1.078290 1.174943 1.131813 0.814600 0.958305 0.911254 1.373773 0.912295 0.952150 0.252242 1.495873 0.657251 1.251662 1.337596 1.067041 1.124416 1.389612 1.821009 1.015963 1.270902 1.449236 1.502431 0.850929 0.810557 0.556103 0.846921 0.976738 
1.007644 1.111620 1.230568 1.174613 0.850908 1.007115 0.947406 1.425323 0.942300 0.997400 0.256201 1.552349 0.680875 1.292535 1.387160 1.108542 1.166371 1.437436 1.889801 1.059173 1.312404 1.508213 1.558719 0.885617 0.845220 0.594255 0.885834 1.013618 
1.042607 1.144771 1.287060 1.217510 0.887656 1.056773 0.983846 1.476928 0.972200 1.043493 0.260101 1.608911 0.704650 1.332911 1.436677 1.150207 1.208537 1.485198 1.958644 1.102866 1.353580 1.567572 1.615068 0.920680 0.880352 0.633669 0.925281 1.050560 
1.077534 1.177768 1.344399 1.260500 0.924834 1.107249 1.020575 1.528584 1.002006 1.090428 0.263980 1.665545 0.728594 1.372776 1.486130 1.192021 1.250922 1.532907 2.027522 1.147038 1.394435 1.627301 1.671467 0.956123 0.915954 0.674332 0.965252 1.087558 
1.112422 1.210637 1.402565 1.303577 0.962431 1.158513 1.057591 1.580284 1.031735 1.138203 0.267878 1.722239 0.752728 1.412115 1.535503 1.233971 1.293537 1.580573 2.096421 1.191684 1.434974 1.687391 1.727905 0.991948 0.952029 0.716229 1.005737 1.124604 
1.147267 1.243405 1.461535 1.346736 1.000436 1.210532 1.094895 1.632025 1.061403 1.186817 0.271835 1.778981 0.777072 1.450913 1.584781 1.276040 1.336393 1.628205 2.165328 1.236800 1.475205 1.747831 1.784371 1.028159 0.988578 0.759343 1.046727 1.161695 
1.182069 1.276100 1.521286 1.389973 1.038837 1.263272 1.132487 1.683801 1.091027 1.236267 0.275895 1.835759 0.801648 1.489160 1.633949 1.318212 1.379499 1.675815 2.234229 1.282381 1.515138 1.808613 1.840855 1.064760 1.025601 0.803657 1.088211 1.198825 
1.216825 1.308754 1.581792 1.433285 1.077621 1.316697 1.170366 1.735612 1.120626 1.286548 0.280102 1.892561 0.826478 1.526844 1.682992 1.360473 1.422868 1.723415 2.303115 1.328423 1.554783 1.869725 1.897347 1.101754 1.063100 0.849150 1.130177 1.235990 
1.251535 1.341399 1.643027 1.476668 1.116774 1.370769 1.208531 1.787455 1.150220 1.337658 0.284502 1.949376 0.851586 1.563956 1.731895 1.402803 1.466512 1.771018 2.371974 1.374919 1.594154 1.931161 1.953837 1.139144 1.101074 0.895799 1.172614 1.273187 
1.286198 1.374068 1.704963 1.520119 1.156285 1.425449 1.246982 1.839330 1.179830 1.389589 0.289142 2.006194 0.876996 1.600489 1.780645 1.445187 1.510443 1.818639 2.440797 1.421865 1.633266 1.992909 2.010316 1.176931 1.139523 0.943580 1.215512 1.310412 
1.320816 1.406796 1.767571 1.563637 1.196137 1.480694 1.285718 1.891238 1.209480 1.442337 0.294071 2.063005 0.902734 1.636435 1.829229 1.487606 1.554676 1.866292 2.509577 1.469254 1.672136 2.054964 2.066776 1.215120 1.178447 0.992467 1.258857 1.347662 
1.355387 1.439621 1.830819 1.607219 1.236318 1.536462 1.324738 1.943179 1.239193 1.495895 0.299341 2.119797 0.928827 1.671790 1.877633 1.530041 1.599223 1.913994 2.578307 1.517080 1.710781 2.117315 2.123209 1.253712 1.217844 1.042432 1.302637 1.384934 
1.389914 1.472581 1.894675 1.650863 1.276811 1.592708 1.364040 1.995156 1.268994 1.550254 0.305004 2.176563 0.955301 1.706549 1.925844 1.572473 1.644100 1.961762 2.646980 1.565336 1.749224 2.179957 2.179608 1.292709 1.257713 1.093444 1.346839 1.422226 
1.424399 1.505715 1.959105 1.694570 1.317601 1.649384 1.403624 2.047173 1.298911 1.605406 0.311113 2.233291 0.982185 1.740709 1.973851 1.614883 1.689322 2.009613 2.715591 1.614016 1.787484 2.242881 2.235964 1.332114 1.298052 1.145472 1.391451 1.459538 
1.458843 1.539066 2.024074 1.738337 1.358672 1.706442 1.443488 2.099233 1.328972 1.661342 0.317725 2.289974 1.009508 1.774270 2.021642 1.657249 1.734903 2.057567 2.784137 1.663112 1.825588 2.306080 2.292272 1.371928 1.338859 1.198481 1.436457 1.496867 
1.493250 1.572676 2.089545 1.782166 1.400006 1.763831 1.483630 2.151343 1.359206 1.718052 0.324896 2.346603 1.037301 1.807230 2.069205 1.699552 1.780861 2.105644 2.852614 1.712616 1.863559 2.369548 2.348525 1.412153 1.380132 1.252436 1.481845 1.534213 
1.527623 1.606590 2.155480 1.826057 1.441587 1.821498 1.524049 2.203507 1.389642 1.775525 0.332687 2.403169 1.065594 1.839591 2.116529 1.741769 1.827212 2.153864 2.921022 1.762520 1.901426 2.433279 2.404718 1.452790 1.421866 1.307298 1.527600 1.571577 
1.561966 1.640855 2.221838 1.870010 1.483397 1.879391 1.564742 2.255735 1.420314 1.833749 0.341156 2.459666 1.094421 1.871357 2.163605 1.783879 1.873974 2.202250 2.989359 1.812817 1.939218 2.497266 2.460845 1.493840 1.464059 1.363028 1.573708 1.608957 
1.596283 1.675518 2.288580 1.914027 1.525417 1.937452 1.605708 2.308033 1.451255 1.892713 0.350366 2.516085 1.123813 1.902530 2.210421 1.825859 1.921164 2.250824 3.057626 1.863497 1.976966 2.561504 2.516902 1.535305 1.506706 1.419583 1.620152 1.646355 
1.630580 1.710629 2.355661 1.958109 1.567629 1.995623 1.646944 2.360411 1.482499 1.952401 0.360381 2.572419 1.153806 1.933115 2.256969 1.867686 1.968801 2.299610 3.125824 1.914553 2.014704 2.625987 2.572884 1.577185 1.549803 1.476921 1.666917 1.683771 
1.664862 1.746239 2.423038 2.002259 1.610013 2.053846 1.688449 2.412880 1.514082 2.012802 0.371266 2.628661 1.184433 1.963120 2.303238 1.909336 2.016904 2.348633 3.193956 1.965973 2.052465 2.690711 2.628787 1.619481 1.593346 1.534995 1.713988 1.721209 
1.699135 1.782400 2.490666 2.046480 1.652549 2.112059 1.730219 2.465450 1.546041 2.073898 0.383089 2.684806 1.215732 1.992552 2.349221 1.950785 2.065493 2.397920 3.262024 2.017750 2.090286 2.755671 2.684607 1.662194 1.637329 1.593758 1.761349 1.758668 
1.733406 1.819167 2.558498 2.090775 1.695217 2.170198 1.772251 2.518133 1.578414 2.135676 0.395917 2.740846 1.247739 2.021420 2.394909 1.992009 2.114588 2.447495 3.330035 2.069873 2.128205 2.820863 2.740342 1.705323 1.681747 1.653160 1.808981 1.796153 
1.767682 1.856595 2.626484 2.135146 1.737995 2.228198 1.814544 2.570943 1.611242 2.198118 0.409821 2.796778 1.280492 2.049735 2.440293 2.032981 2.164210 2.497389 3.397993 2.122333 2.166263 2.886282 2.795990 1.748869 1.726594 1.713150 1.856869 1.833665 
1.801970 1.894742 2.694575 2.179599 1.780863 2.285993 1.857094 2.623893 1.644566 2.261208 0.424874 2.852594 1.314029 2.077509 2.485367 2.073676 2.214380 2.547627 3.465905 2.175117 2.204502 2.951926 2.851548 1.792832 1.771863 1.773673 1.904995 1.871208 
1.836279 1.933667 2.762720 2.224138 1.823798 2.343514 1.899899 2.676999 1.678427 2.324926 0.441147 2.908291 1.348391 2.104754 2.530123 2.114067 2.265121 2.598242 3.533779 2.228217 2.242964 3.017790 2.907014 1.837211 1.817547 1.834676 1.953340 1.908787 
1.870618 1.973430 2.830865 2.268767 1.866777 2.400690 1.942954 2.730278 1.712870 2.389255 0.458716 2.963863 1.383619 2.131484 2.574554 2.154128 2.316454 2.649263 3.601623 2.281620 2.281696 3.083872 2.962388 1.882006 1.863640 1.896099 2.001887 1.946404 
1.904996 2.014093 2.898956 2.313493 1.909777 2.457449 1.986256 2.783744 1.747940 2.454175 0.477659 3.019306 1.419754 2.157717 2.618655 2.193830 2.368403 2.700721 3.669448 2.335316 2.320746 3.150170 3.017668 1.927216 1.910134 1.957885 2.050618 1.984066 
1.939423 2.055720 2.966939 2.358321 1.952776 2.513716 2.029803 2.837418 1.783683 2.519664 0.498052 3.074618 1.456838 2.183468 2.662419 2.233146 2.420992 2.752650 3.737265 2.389292 2.360161 3.216680 3.072855 1.972840 1.957020 2.019971 2.099512 2.021777 
1.973909 2.098375 3.034754 2.403258 1.995748 2.569417 2.073590 2.891317 1.820147 2.585702 0.519977 3.129793 1.494917 2.208756 2.705842 2.272046 2.474244 2.805083 3.805085 2.443536 2.399993 3.283402 3.127949 2.018878 2.004291 2.082295 2.148550 2.059542 
2.008465 2.142127 3.102344 2.448309 2.038668 2.624473 2.117614 2.945462 1.857380 2.652268 0.543514 3.184830 1.534033 2.233601 2.748917 2.310501 2.528186 2.858054 3.872921 2.498036 2.440294 3.350333 3.182950 2.065328 2.051937 2.144791 2.197714 2.097369 
2.043103 2.187043 3.169648 2.493484 2.081513 2.678804 2.161870 2.999874 1.895434 2.719337 0.568746 3.239724 1.574233 2.258023 2.791640 2.348482 2.582842 2.911600 3.940789 2.552780 2.481119 3.417472 3.237860 2.112188 2.099949 2.207392 2.246982 2.135263 
2.077834 2.233193 3.236605 2.538788 2.124255 2.732330 2.206355 3.054574 1.934358 2.786886 0.595760 3.294475 1.615563 2.282045 2.834008 2.385958 2.638238 2.965755 4.008702 2.607754 2.522525 3.484819 3.292680 2.159457 2.148318 2.270029 2.296334 2.173231 
2.112671 2.280649 3.303151 2.584231 2.166868 2.784966 2.251064 3.109585 1.974208 2.854891 0.624640 3.349079 1.658071 2.305691 2.876016 2.422898 2.694400 3.020558 4.076677 2.662944 2.564569 3.552372 3.347412 2.207134 2.197033 2.332632 2.345749 2.211281 
2.147628 2.329484 3.369223 2.629821 2.209326 2.836629 2.295993 3.164931 2.015036 2.923326 0.655474 3.403536 1.701805 2.328986 2.917662 2.459271 2.751357 3.076047 4.144731 2.718338 2.607311 3.620132 3.402060 2.255215 2.246085 2.395127 2.395206 2.249421 
2.182717 2.379772 3.434753 2.675567 2.251602 2.887231 2.341137 3.220638 2.056898 2.992166 0.688353 3.457843 1.746814 2.351955 2.958941 2.495043 2.809135 3.132261 4.212883 2.773921 2.650812 3.688098 3.456624 2.303700 2.295461 2.457439 2.444682 2.287659 
2.217953 2.431590 3.499676 2.721479 2.293667 2.936683 2.386492 3.276730 2.099851 3.061383 0.723368 3.512000 1.793150 2.374626 2.999853 2.530183 2.867764 3.189241 4.281152 2.829679 2.695137 3.756272 3.511111 2.352585 2.345152 2.519491 2.494157 2.326004 
2.253351 2.485015 3.563920 2.767567 2.335493 2.984895 2.432052 3.333235 2.143953 3.130950 0.760611 3.566006 1.840862 2.397029 3.040394 2.564658 2.927271 3.247028 4.349559 2.885597 2.740351 3.824653 3.565522 2.401868 2.395144 2.581205 2.543607 2.364464 
2.288926 2.540127 3.627417 2.813841 2.377051 3.031775 2.477814 3.390180 2.189264 3.200839 0.800177 3.619862 1.890004 2.419193 3.080564 2.598433 2.987687 3.305665 4.418124 2.941660 2.786520 3.893243 3.619863 2.451546 2.445427 2.642501 2.593009 2.403051 
2.324693 2.597008 3.690094 2.860312 2.418311 3.077229 2.523771 3.447594 2.235844 3.271019 0.842161 3.673567 1.940629 2.441150 3.120360 2.631474 3.049041 3.365193 4.486871 2.997853 2.833713 3.962044 3.674138 2.501616 2.495987 2.703294 2.642341 2.441773 
2.360670 2.655739 3.751878 2.906991 2.459244 3.121160 2.569919 3.505507 2.283756 3.341462 0.886662 3.727121 1.992790 2.462933 3.159783 2.663746 3.111365 3.425658 4.555823 3.054161 2.882001 4.031057 3.728353 2.552076 2.546812 2.763502 2.691578 2.480642 
2.396871 2.716404 3.812695 2.953891 2.499819 3.163472 2.616252 3.563949 2.333062 3.412136 0.933779 3.780526 2.046544 2.484576 3.198832 2.695214 3.174688 3.487105 4.625005 3.110567 2.931457 4.100284 3.782513 2.602921 2.597888 2.823036 2.740696 2.519669 
2.433316 2.779090 3.872467 3.001024 2.540005 3.204065 2.662764 3.622952 2.383828 3.483010 0.983612 3.833783 2.101946 2.506114 3.237506 2.725841 3.239044 3.549580 4.694443 3.167055 2.982155 4.169727 3.836625 2.654149 2.649201 2.881809 2.789672 2.558864 
2.470022 2.843884 3.931118 3.048401 2.579770 3.242836 2.709450 3.682549 2.436119 3.554050 1.036265 3.886893 2.159052 2.527584 3.275807 2.755591 3.304464 3.613130 4.764163 3.223609 3.034170 4.239390 3.890696 2.705755 2.700738 2.939731 2.838480 2.598240 
2.507008 2.910874 3.988568 3.096038 2.619082 3.279684 2.756304 3.742774 2.490003 3.625224 1.091841 3.939859 2.217922 2.549025 3.313735 2.784427 3.370981 3.677802 4.834193 3.280212 3.087580 4.309276 3.944731 2.757736 2.752484 2.996708 2.887095 2.637810 
2.544291 2.980151 4.044736 3.143947 2.657909 3.314503 2.803319 3.803660 2.545548 3.696498 1.150446 3.992682 2.278614 2.570475 3.351291 2.812311 3.438629 3.743647 4.904562 3.336846 3.142466 4.379388 3.998740 2.810087 2.804424 3.052646 2.935491 2.677586 
2.581893 3.051807 4.099540 3.192142 2.696217 3.347187 2.850491 3.865243 2.602825 3.767837 1.212188 4.045366 2.341188 2.591976 3.388479 2.839204 3.507441 3.810713 4.975301 3.393495 3.198909 4.449729 4.052730 2.862805 2.856542 3.107450 2.983643 2.717581 
2.619832 3.125936 4.152898 3.240638 2.733973 3.377627 2.897812 3.927561 2.661904 3.839205 1.277175 4.097913 2.405705 2.613569 3.425298 2.865069 3.577454 3.879053 5.046439 3.450139 3.256991 4.520305 4.106709 2.915884 2.908823 3.161021 3.031524 2.757810 
2.658130 3.202633 4.204723 3.289451 2.771142 3.405712 2.945276 3.990649 2.722858 3.910566 1.345518 4.150327 2.472226 2.635299 3.461753 2.889864 3.648701 3.948717 5.118010 3.506762 3.316798 4.591119 4.160687 2.969321 2.961250 3.213258 3.079107 2.798286 
2.696808 3.281994 4.254929 3.338595 2.807689 3.431330 2.992877 4.054548 2.785761 3.981882 1.417329 4.202611 2.540816 2.657208 3.497846 2.913551 3.721218 4.019759 5.190046 3.563344 3.378417 4.662177 4.214673 3.023110 3.013807 3.264060 3.126366 2.839024 
2.735887 3.364118 4.303429 3.388086 2.843580 3.454368 3.040607 4.119296 2.850689 4.053115 1.492723 4.254770 2.611536 2.679345 3.533581 2.936088 3.795043 4.092233 5.262581 3.619867 3.441936 4.733483 4.268677 3.077246 3.066477 3.313323 3.173272 2.880039 
2.775389 3.449105 4.350133 3.437941 2.878777 3.474709 3.088460 4.184934 2.917717 4.124227 1.571814 4.306808 2.684453 2.701755 3.568961 2.957435 3.870211 4.166193 5.335652 3.676312 3.507445 4.805043 4.322708 3.131724 3.119242 3.360940 3.219799 2.921347 
2.815337 3.537056 4.394950 3.488177 2.913246 3.492236 3.136429 4.251504 2.986923 4.195178 1.654719 4.358730 2.759631 2.724488 3.603991 2.977550 3.946760 4.241695 5.409293 3.732658 3.575038 4.876863 4.376779 3.186539 3.172085 3.406804 3.265917 2.962963 
2.855755 3.628075 4.437788 3.538811 2.946949 3.506829 3.184506 4.319047 3.058387 4.265927 1.741558 4.410542 2.837137 2.747593 3.638676 2.996390 4.024729 4.318797 5.483543 3.788888 3.644807 4.948949 4.430901 3.241685 3.224988 3.450804 3.311598 3.004905 
2.896667 3.722265 4.478553 3.589862 2.979849 3.518368 3.232685 4.387606 3.132189 4.336433 1.832450 4.462248 2.917040 2.771122 3.673020 3.013914 4.104157 4.397555 5.558439 3.844979 3.716849 5.021307 4.485084 3.297155 3.277931 3.492829 3.356812 3.047189 
2.938096 3.819734 4.517150 3.641346 3.011907 3.526728 3.280958 4.457227 3.208410 4.406655 1.927518 4.513854 2.999407 2.795128 3.707030 3.030076 4.185081 4.478029 5.634022 3.900913 3.791261 5.093944 4.539341 3.352945 3.330896 3.532766 3.401532 3.089832 
2.980067 3.920589 4.553482 3.693283 3.043085 3.531786 3.329317 4.527955 3.287134 4.476548 2.026885 4.565368 3.084307 2.819664 3.740710 3.044834 4.267543 4.560277 5.710332 3.956668 3.868143 5.166868 4.593685 3.409049 3.383863 3.570497 3.445726 3.132852 
3.022606 4.024939 4.587451 3.745692 3.073345 3.533414 3.377755 4.599836 3.368445 4.546070 2.130676 4.616796 3.171812 2.844785 3.774069 3.058143 4.351582 4.644362 5.787410 4.012224 3.947595 5.240087 4.648130 3.465458 3.436812 3.605906 3.489364 3.176268 
3.065739 4.132895 4.618957 3.798593 3.102645 3.531484 3.426263 4.672917 3.452428 4.615176 2.239018 4.668144 3.261993 2.870548 3.807111 3.069958 4.437241 4.730344 5.865299 4.067558 4.029722 5.313606 4.702687 3.522168 3.489724 3.638874 3.532416 3.220098 
3.109493 4.244570 4.647900 3.852006 3.130948 3.525866 3.474833 4.747246 3.539171 4.683821 2.352039 4.719421 3.354922 2.897012 3.839846 3.080233 4.524559 4.818286 5.944043 4.122649 4.114627 5.387436 4.757372 3.579171 3.542576 3.669277 3.574851 3.264362 
3.153894 4.360078 4.674176 3.905950 3.158211 3.516427 3.523458 4.822873 3.628762 4.751958 2.469869 4.770633 3.450673 2.924234 3.872280 3.088922 4.613579 4.908251 6.023687 4.177476 4.202417 5.461585 4.812200 3.636461 3.595349 3.696993 3.616637 3.309078 
3.198969 4.479535 4.697682 3.960449 3.184394 3.503034 3.572130 4.899848 3.721291 4.819542 2.592640 4.821789 3.549319 2.952276 3.904421 3.095978 4.704345 5.000304 6.104276 4.232015 4.293201 5.536061 4.867184 3.694030 3.648021 3.721897 3.657744 3.354267 
3.244748 4.603057 4.718313 4.015521 3.209455 3.485550 3.620838 4.978222 3.816848 4.886523 2.720486 4.872898 3.650936 2.981200 3.936279 3.101354 4.796899 5.094511 6.185857 4.286245 4.387088 5.610873 4.922340 3.751870 3.700569 3.743861 3.698138 3.399950 
NaN NaN NaN NaN NaN NaN NaN NaN NaN NaN NaN NaN NaN NaN NaN NaN NaN NaN NaN NaN NaN NaN NaN NaN NaN NaN NaN NaN 
NaN NaN NaN NaN NaN NaN NaN NaN NaN NaN NaN NaN NaN NaN NaN NaN NaN NaN NaN NaN NaN NaN NaN NaN NaN NaN NaN NaN 
NaN NaN NaN NaN NaN NaN NaN NaN NaN NaN NaN NaN NaN NaN NaN NaN NaN NaN NaN NaN NaN NaN NaN NaN NaN NaN NaN NaN 
NaN NaN NaN NaN NaN NaN NaN NaN NaN NaN NaN NaN NaN NaN NaN NaN NaN NaN NaN NaN NaN NaN NaN NaN NaN NaN NaN NaN 
