NaN NaN NaN NaN NaN NaN NaN NaN NaN NaN NaN NaN NaN NaN NaN NaN NaN NaN NaN NaN NaN 
NaN NaN NaN NaN NaN NaN NaN NaN NaN NaN NaN NaN NaN NaN NaN NaN NaN NaN NaN NaN NaN 
NaN NaN NaN NaN NaN NaN NaN NaN NaN NaN NaN NaN NaN NaN NaN NaN NaN NaN NaN NaN NaN 
NaN NaN NaN NaN NaN NaN NaN NaN NaN NaN NaN NaN NaN NaN NaN NaN NaN NaN NaN NaN NaN 
NaN NaN NaN NaN NaN NaN NaN NaN NaN NaN NaN NaN NaN NaN NaN NaN NaN NaN NaN NaN NaN 
NaN NaN NaN NaN NaN NaN NaN NaN NaN NaN NaN NaN NaN NaN NaN NaN NaN NaN NaN NaN NaN 
-0.714690 -1.675153 0.204376 0.298322 -1.627285 -0.394102 -1.698209 -1.692407 -1.449003 -1.939082 -0.924202 -1.211735 -0.451031 1.428651 1.173853 -1.887895 0.735387 -0.630580 0.088735 -1.661045 0.082119 
-0.730111 -1.699740 0.273301 0.174348 -1.628020 -0.498661 -1.682407 -1.683208 -1.454666 -1.854354 -0.957488 -1.158055 -0.421889 1.367953 1.080093 -1.866945 0.664976 -0.650218 -0.032423 -1.655455 0.006512 
-0.744626 -1.719251 0.335356 0.057861 -1.626258 -0.596064 -1.666233 -1.671864 -1.457625 -1.773143 -0.988194 -1.107860 -0.393912 1.308117 0.988662 -1.845034 0.597212 -0.667957 -0.146056 -1.648049 -0.066059 
-0.758205 -1.733890 0.390831 -0.051330 -1.622087 -0.686493 -1.649654 -1.658462 -1.457976 -1.695325 -1.016345 -1.060968 -0.367086 1.249180 0.899617 -1.822177 0.532074 -0.683840 -0.252355 -1.638875 -0.135582 
-0.770821 -1.743859 0.440014 -0.153417 -1.615592 -0.770131 -1.632638 -1.643089 -1.455815 -1.620778 -1.041969 -1.017202 -0.341394 1.191178 0.813010 -1.798390 0.469541 -0.697909 -0.351507 -1.627977 -0.202047 
-0.782445 -1.749356 0.483185 -0.248588 -1.606858 -0.847155 -1.615153 -1.625831 -1.451236 -1.549382 -1.065090 -0.976389 -0.316821 1.134147 0.728893 -1.773688 0.409592 -0.710207 -0.443695 -1.615401 -0.265444 
-0.793050 -1.750574 0.520624 -0.337027 -1.595967 -0.917742 -1.597167 -1.606769 -1.444329 -1.481019 -1.085736 -0.938357 -0.293349 1.078121 0.647315 -1.748088 0.352206 -0.720773 -0.529103 -1.601194 -0.325763 
-0.802609 -1.747704 0.552603 -0.418918 -1.583000 -0.982067 -1.578650 -1.585986 -1.435185 -1.415571 -1.103932 -0.902938 -0.270961 1.023135 0.568324 -1.721603 0.297361 -0.729647 -0.607909 -1.585397 -0.382996 
-0.811096 -1.740935 0.579392 -0.494441 -1.568036 -1.040300 -1.559570 -1.563561 -1.423892 -1.352923 -1.119704 -0.869967 -0.249641 0.969222 0.491967 -1.694249 0.245037 -0.736869 -0.680292 -1.568056 -0.437135 
-0.818485 -1.730449 0.601256 -0.563774 -1.551152 -1.092611 -1.539897 -1.539573 -1.410538 -1.292963 -1.133078 -0.839283 -0.229369 0.916413 0.418289 -1.666040 0.195211 -0.742478 -0.746426 -1.549213 -0.488174 
-0.824751 -1.716429 0.618457 -0.627092 -1.532424 -1.139166 -1.519604 -1.514097 -1.395208 -1.235577 -1.144080 -0.810727 -0.210126 0.864741 0.347331 -1.636991 0.147863 -0.746510 -0.806485 -1.528910 -0.536106 
-0.829871 -1.699051 0.631250 -0.684568 -1.511926 -1.180132 -1.498660 -1.487208 -1.377984 -1.180656 -1.152735 -0.784143 -0.191894 0.814235 0.279137 -1.607117 0.102969 -0.749004 -0.860639 -1.507190 -0.580927 
-0.833821 -1.678489 0.639889 -0.736371 -1.489731 -1.215668 -1.477038 -1.458978 -1.358949 -1.128090 -1.159069 -0.759378 -0.174652 0.764926 0.213745 -1.576431 0.060509 -0.749995 -0.909054 -1.484093 -0.622632 
-0.836578 -1.654915 0.644622 -0.782670 -1.465908 -1.245936 -1.454709 -1.429478 -1.338183 -1.077774 -1.163109 -0.736283 -0.158380 0.716842 0.151193 -1.544947 0.020461 -0.749518 -0.951898 -1.459660 -0.661217 
-0.838120 -1.628494 0.645692 -0.823629 -1.440527 -1.271093 -1.431647 -1.398778 -1.315765 -1.029600 -1.164879 -0.714712 -0.143057 0.670011 0.091519 -1.512679 -0.017199 -0.747609 -0.989334 -1.433930 -0.696681 
-0.838424 -1.599392 0.643340 -0.859411 -1.413654 -1.291294 -1.407825 -1.366946 -1.291771 -0.983466 -1.164405 -0.694521 -0.128662 0.624461 0.034756 -1.479640 -0.052491 -0.744302 -1.021522 -1.406943 -0.729020 
-0.837471 -1.567769 0.637801 -0.890176 -1.385356 -1.306692 -1.383217 -1.334045 -1.266276 -0.939270 -1.161713 -0.675570 -0.115172 0.580218 -0.019063 -1.445844 -0.085439 -0.739629 -1.048620 -1.378738 -0.758234 
-0.835240 -1.533782 0.629307 -0.916081 -1.355695 -1.317437 -1.357798 -1.300142 -1.239355 -0.896910 -1.156828 -0.657722 -0.102565 0.537307 -0.069905 -1.411304 -0.116064 -0.733624 -1.070785 -1.349352 -0.784323 
-0.831711 -1.497585 0.618084 -0.937281 -1.324734 -1.323677 -1.331541 -1.265298 -1.211078 -0.856289 -1.149775 -0.640842 -0.090818 0.495753 -0.117742 -1.376032 -0.144389 -0.726318 -1.088171 -1.318822 -0.807287 
-0.826865 -1.459328 0.604356 -0.953929 -1.292533 -1.325558 -1.304424 -1.229573 -1.181516 -0.817308 -1.140581 -0.624801 -0.079907 0.455580 -0.162546 -1.340041 -0.170437 -0.717742 -1.100929 -1.287185 -0.827127 
-0.820683 -1.419158 0.588341 -0.966174 -1.259151 -1.323223 -1.276422 -1.193026 -1.150738 -0.779872 -1.129269 -0.609468 -0.069808 0.416810 -0.204289 -1.303345 -0.194230 -0.707927 -1.109208 -1.254478 -0.843846 
-0.813149 -1.377219 0.570254 -0.974163 -1.224644 -1.316813 -1.247511 -1.155714 -1.118810 -0.743887 -1.115865 -0.594721 -0.060497 0.379467 -0.242948 -1.265954 -0.215792 -0.696901 -1.113155 -1.220735 -0.857446 
-0.804245 -1.333651 0.550305 -0.978042 -1.189067 -1.306467 -1.217669 -1.117692 -1.085798 -0.709261 -1.100395 -0.580437 -0.051948 0.343570 -0.278499 -1.227881 -0.235145 -0.684694 -1.112913 -1.185992 -0.867932 
-0.793954 -1.288592 0.528699 -0.977952 -1.152475 -1.292320 -1.186873 -1.079014 -1.051765 -0.675903 -1.082884 -0.566497 -0.044136 0.309141 -0.310921 -1.189139 -0.252312 -0.671334 -1.108625 -1.150282 -0.875307 
-0.782261 -1.242174 0.505639 -0.974033 -1.114918 -1.274508 -1.155102 -1.039731 -1.016774 -0.643724 -1.063356 -0.552786 -0.037034 0.276200 -0.340195 -1.149738 -0.267317 -0.656848 -1.100431 -1.113639 -0.879578 
-0.769150 -1.194528 0.481323 -0.966422 -1.076447 -1.253161 -1.122335 -0.999894 -0.980883 -0.612637 -1.041837 -0.539191 -0.030615 0.244764 -0.366301 -1.109690 -0.280183 -0.641262 -1.088467 -1.076096 -0.880751 
-0.754607 -1.145781 0.455942 -0.955254 -1.037110 -1.228409 -1.088551 -0.959551 -0.944153 -0.582555 -1.018352 -0.525602 -0.024853 0.214852 -0.389225 -1.069006 -0.290933 -0.624603 -1.072868 -1.037685 -0.878831 
-0.738619 -1.096056 0.429687 -0.940660 -0.996953 -1.200378 -1.053729 -0.918748 -0.906639 -0.553395 -0.992925 -0.511914 -0.019719 0.186481 -0.408951 -1.027698 -0.299591 -0.606896 -1.053767 -0.998438 -0.873829 
-0.721171 -1.045473 0.402742 -0.922770 -0.956022 -1.169193 -1.017850 -0.877529 -0.868397 -0.525074 -0.965582 -0.498023 -0.015184 0.159667 -0.425466 -0.985776 -0.306180 -0.588164 -1.031293 -0.958386 -0.865751 
-0.702252 -0.994150 0.375288 -0.901711 -0.914360 -1.134976 -0.980896 -0.835939 -0.829481 -0.497511 -0.936347 -0.483829 -0.011221 0.134426 -0.438760 -0.943252 -0.310724 -0.568432 -1.005575 -0.917558 -0.854608 
-0.681849 -0.942198 0.347501 -0.877608 -0.872008 -1.097847 -0.942847 -0.794018 -0.789942 -0.470627 -0.905244 -0.469234 -0.007799 0.110771 -0.448821 -0.900134 -0.313248 -0.547722 -0.976738 -0.875986 -0.840410 
-0.659951 -0.889729 0.319554 -0.850581 -0.829005 -1.057923 -0.903686 -0.751805 -0.749831 -0.444344 -0.872299 -0.454145 -0.004889 0.088718 -0.455643 -0.856435 -0.313774 -0.526056 -0.944904 -0.833697 -0.823167 
-0.636547 -0.836848 0.291614 -0.820751 -0.785391 -1.015319 -0.863395 -0.709339 -0.709197 -0.418586 -0.837537 -0.438470 -0.002460 0.068278 -0.459219 -0.812163 -0.312327 -0.503455 -0.910194 -0.790720 -0.802892 
-0.611628 -0.783659 0.263844 -0.788234 -0.741201 -0.970147 -0.821958 -0.666655 -0.668086 -0.393279 -0.800981 -0.422122 -0.000481 0.049463 -0.459544 -0.767329 -0.308931 -0.479941 -0.872726 -0.747084 -0.779598 
-0.585184 -0.730262 0.236405 -0.753145 -0.696470 -0.922519 -0.779357 -0.623788 -0.626543 -0.368350 -0.762657 -0.405016 0.001080 0.032286 -0.456616 -0.721942 -0.303611 -0.455533 -0.832617 -0.702815 -0.753298 
-0.557207 -0.676754 0.209452 -0.715595 -0.651231 -0.872542 -0.735578 -0.580770 -0.584612 -0.343729 -0.722588 -0.387069 0.002254 0.016755 -0.450432 -0.676011 -0.296390 -0.430250 -0.789979 -0.657940 -0.724006 
-0.527687 -0.623226 0.183135 -0.675692 -0.605514 -0.820322 -0.690605 -0.537632 -0.542336 -0.319344 -0.680800 -0.368205 0.003075 0.002881 -0.440994 -0.629547 -0.287294 -0.404111 -0.744923 -0.612484 -0.691737 
-0.496619 -0.569770 0.157601 -0.633545 -0.559351 -0.765961 -0.644424 -0.494403 -0.499754 -0.295130 -0.637316 -0.348346 0.003576 -0.009327 -0.428303 -0.582558 -0.276347 -0.377132 -0.697559 -0.566474 -0.656508 
-0.463995 -0.516471 0.132993 -0.589256 -0.512767 -0.709562 -0.597019 -0.451111 -0.456905 -0.271019 -0.592161 -0.327420 0.003789 -0.019863 -0.412364 -0.535053 -0.263573 -0.349332 -0.647993 -0.519933 -0.618335 
-0.429808 -0.463412 0.109449 -0.542927 -0.465790 -0.651221 -0.548378 -0.407780 -0.413826 -0.246947 -0.545359 -0.305358 0.003750 -0.028719 -0.393180 -0.487040 -0.248998 -0.320725 -0.596328 -0.472886 -0.577236 
-0.394054 -0.410674 0.087103 -0.494657 -0.418444 -0.591036 -0.498488 -0.364435 -0.370552 -0.222852 -0.496935 -0.282093 0.003493 -0.035888 -0.370760 -0.438528 -0.232646 -0.291328 -0.542666 -0.425356 -0.533229 
-0.356728 -0.358331 0.066085 -0.444543 -0.370752 -0.529101 -0.447335 -0.321098 -0.327117 -0.198671 -0.446912 -0.257563 0.003054 -0.041366 -0.345112 -0.389526 -0.214543 -0.261155 -0.487107 -0.377366 -0.486334 
-0.317825 -0.306457 0.046521 -0.392679 -0.322733 -0.465506 -0.394909 -0.277788 -0.283553 -0.174345 -0.395314 -0.231707 0.002468 -0.045149 -0.316247 -0.340041 -0.194713 -0.230219 -0.429747 -0.328939 -0.436570 
-0.277342 -0.255122 0.028531 -0.339155 -0.274409 -0.400341 -0.341197 -0.234525 -0.239890 -0.149816 -0.342166 -0.204467 0.001772 -0.047232 -0.284176 -0.290081 -0.173182 -0.198535 -0.370681 -0.280094 -0.383958 
-0.235276 -0.204391 0.012234 -0.284060 -0.225795 -0.333692 -0.286189 -0.191325 -0.196157 -0.125029 -0.287491 -0.175791 0.001002 -0.047612 -0.248913 -0.239654 -0.149976 -0.166114 -0.310000 -0.230854 -0.328520 
-0.191624 -0.154327 -0.002259 -0.227482 -0.176909 -0.265645 -0.229874 -0.148204 -0.152381 -0.099927 -0.231314 -0.145626 0.000197 -0.046289 -0.210474 -0.188767 -0.125119 -0.132968 -0.247795 -0.181239 -0.270278 
-0.146386 -0.104990 -0.014838 -0.169503 -0.127763 -0.196280 -0.172242 -0.105174 -0.108587 -0.074458 -0.173659 -0.113926 -0.000607 -0.043261 -0.168875 -0.137427 -0.098638 -0.099108 -0.184153 -0.131268 -0.209257 
-0.099559 -0.056435 -0.025399 -0.110204 -0.078372 -0.125678 -0.113285 -0.062248 -0.064799 -0.048570 -0.114548 -0.080644 -0.001370 -0.038527 -0.124135 -0.085642 -0.070558 -0.064543 -0.119159 -0.080960 -0.145478 
-0.051144 -0.008715 -0.033842 -0.049665 -0.028744 -0.053916 -0.052993 -0.019434 -0.021039 -0.022215 -0.054006 -0.045741 -0.002054 -0.032089 -0.076275 -0.033419 -0.040905 -0.029285 -0.052895 -0.030334 -0.078969 
-0.001141 0.038120 -0.040071 0.012039 0.021110 0.018931 0.008642 0.023258 0.022673 0.004658 0.007943 -0.009176 -0.002619 -0.023947 -0.025317 0.019237 -0.009704 0.006660 0.014558 0.020593 -0.009753 
0.050448 0.084025 -0.043993 0.074835 0.071184 0.092791 0.071627 0.065823 0.066319 0.032093 0.071276 0.029086 -0.003025 -0.014104 0.028717 0.072318 0.023017 0.043283 0.083123 0.071803 0.062141 
0.103624 0.128958 -0.045522 0.138650 0.121472 0.167593 0.135969 0.108256 0.109880 0.060137 0.135969 0.069077 -0.003230 -0.002564 0.085799 0.125819 0.057234 0.080577 0.152723 0.123281 0.136688 
0.158382 0.172878 -0.044575 0.203417 0.171969 0.243269 0.201676 0.150554 0.153342 0.088832 0.201999 0.110826 -0.003196 0.010670 0.145904 0.179732 0.092919 0.118535 0.223286 0.175010 0.213858 
0.214721 0.215752 -0.041071 0.269070 0.222675 0.319755 0.268753 0.192716 0.196692 0.118220 0.269342 0.154361 -0.002878 0.025593 0.209002 0.234054 0.130046 0.157152 0.294741 0.226975 0.293623 
0.272636 0.257545 -0.034937 0.335546 0.273588 0.396986 0.337205 0.234743 0.239916 0.148341 0.337974 0.199703 -0.002236 0.042200 0.275064 0.288777 0.168590 0.196423 0.367020 0.279162 0.375952 
0.332124 0.298230 -0.026102 0.402784 0.324710 0.474902 0.407038 0.276637 0.283005 0.179234 0.407873 0.246874 -0.001226 0.060483 0.344056 0.343896 0.208522 0.236344 0.440056 0.331557 0.460817 
0.393180 0.337780 -0.014499 0.470724 0.376044 0.553445 0.478256 0.318403 0.325950 0.210935 0.479015 0.295890 0.000194 0.080435 0.415947 0.399407 0.249817 0.276911 0.513787 0.384146 0.548184 
0.455799 0.376173 -0.000067 0.539313 0.427594 0.632558 0.550863 0.360045 0.368744 0.243479 0.551377 0.346765 0.002069 0.102049 0.490699 0.455303 0.292448 0.318121 0.588150 0.436916 0.638022 
0.519973 0.413391 0.017254 0.608496 0.479366 0.712188 0.624861 0.401573 0.411381 0.276900 0.624935 0.399511 0.004443 0.125315 0.568276 0.511581 0.336388 0.359974 0.663086 0.489857 0.730298 
0.585697 0.449418 0.037515 0.678223 0.531370 0.792284 0.700255 0.442994 0.453858 0.311230 0.699667 0.454134 0.007360 0.150223 0.648640 0.568236 0.381609 0.402466 0.738540 0.542956 0.824978 
0.652963 0.484242 0.060767 0.748446 0.583614 0.872795 0.777045 0.484322 0.496173 0.346499 0.775549 0.510641 0.010867 0.176763 0.731750 0.625263 0.428085 0.445599 0.814457 0.596202 0.922027 
0.721763 0.517854 0.087056 0.819118 0.636111 0.953677 0.855235 0.525567 0.538325 0.382735 0.852558 0.569032 0.015008 0.204922 0.817563 0.682658 0.475788 0.489373 0.890786 0.649586 1.021410 
0.792088 0.550249 0.116421 0.890199 0.688873 1.034884 0.934824 0.566745 0.580316 0.419965 0.930672 0.629307 0.019831 0.234690 0.906037 0.740416 0.524692 0.533788 0.967476 0.703097 1.123091 
0.863930 0.581424 0.148900 0.961645 0.741916 1.116374 1.015814 0.607872 0.622148 0.458216 1.009866 0.691460 0.025383 0.266051 0.997126 0.798536 0.574768 0.578846 1.044481 0.756728 1.227032 
0.937277 0.611382 0.184525 1.033421 0.795255 1.198108 1.098205 0.648967 0.663827 0.497510 1.090120 0.755484 0.031710 0.298992 1.090782 0.857011 0.625989 0.624549 1.121756 0.810470 1.333195 
1.012120 0.640126 0.223325 1.105490 0.848910 1.280049 1.181995 0.690049 0.705357 0.537869 1.171408 0.821368 0.038862 0.333499 1.186957 0.915840 0.678327 0.670902 1.199259 0.864315 1.441543 
1.088447 0.667666 0.265323 1.177819 0.902901 1.362162 1.267185 0.731140 0.746748 0.579314 1.253710 0.889100 0.046886 0.369555 1.285601 0.975019 0.731754 0.717908 1.276949 0.918256 1.552035 
1.166246 0.694012 0.310539 1.250379 0.957249 1.444414 1.353772 0.772264 0.788009 0.621864 1.337002 0.958661 0.055832 0.407144 1.386662 1.034544 0.786243 0.765572 1.354790 0.972287 1.664632 
1.245505 0.719179 0.358990 1.323141 1.011977 1.526776 1.441754 0.813444 0.829151 0.665536 1.421261 1.030033 0.065750 0.446249 1.490085 1.094414 0.841766 0.813900 1.432747 1.026402 1.779291 
1.326211 0.743186 0.410686 1.396080 1.067112 1.609218 1.531130 0.854709 0.870187 0.710345 1.506465 1.103191 0.076689 0.486850 1.595816 1.154625 0.898294 0.862897 1.510785 1.080596 1.895971 
1.408349 0.766055 0.465634 1.469174 1.122679 1.691717 1.621894 0.896087 0.911131 0.756305 1.592591 1.178111 0.088700 0.528929 1.703798 1.215175 0.955799 0.912570 1.588875 1.134865 2.014630 
1.491905 0.787809 0.523838 1.542402 1.178708 1.774249 1.714045 0.937608 0.952000 0.803429 1.679617 1.254763 0.101835 0.572466 1.813971 1.276062 1.014253 0.962929 1.666989 1.189205 2.135223 
1.576865 0.808478 0.585296 1.615748 1.235229 1.856793 1.807577 0.979304 0.992811 0.851726 1.767520 1.333115 0.116145 0.617440 1.926275 1.337284 1.073627 1.013980 1.745102 1.243612 2.257706 
1.663211 0.828094 0.650003 1.689194 1.292273 1.939331 1.902486 1.021209 1.033585 0.901207 1.856279 1.413131 0.131682 0.663830 2.040648 1.398839 1.133893 1.065733 1.823188 1.298085 2.382035 
1.750929 0.846691 0.717948 1.762730 1.349875 2.021846 1.998767 1.063359 1.074342 0.951878 1.945869 1.494773 0.148500 0.711612 2.157027 1.460725 1.195022 1.118199 1.901229 1.352620 2.508163 
1.840000 0.864308 0.789118 1.836346 1.408071 2.104326 2.096412 1.105791 1.115105 1.003744 2.036271 1.578000 0.166652 0.760764 2.275346 1.522941 1.256986 1.171388 1.979205 1.407218 2.636043 
1.930407 0.880986 0.863494 1.910033 1.466896 2.186759 2.195417 1.148544 1.155899 1.056811 2.127460 1.662767 0.186192 0.811261 2.395538 1.585487 1.319755 1.225311 2.057099 1.461877 2.765627 
2.022132 0.896772 0.941054 1.983787 1.526390 2.269135 2.295774 1.191659 1.196750 1.111081 2.219415 1.749027 0.207173 0.863078 2.517534 1.648359 1.383300 1.279981 2.134899 1.516597 2.896868 
2.115156 0.911714 1.021772 2.057605 1.586595 2.351450 2.397475 1.235178 1.237685 1.166553 2.312114 1.836729 0.229652 0.916189 2.641265 1.711559 1.447592 1.335411 2.212592 1.571379 3.029715 
2.209459 0.925863 1.105616 2.131489 1.647551 2.433697 2.500513 1.279147 1.278735 1.223228 2.405534 1.925819 0.253683 0.970568 2.766656 1.775086 1.512602 1.391614 2.290170 1.626224 3.164120 
2.305021 0.939274 1.192551 2.205439 1.709303 2.515876 2.604878 1.323610 1.319930 1.281103 2.499654 2.016240 0.279323 1.026187 2.893636 1.838938 1.578301 1.448606 2.367625 1.681133 3.300030 
2.401820 0.952008 1.282538 2.279463 1.771897 2.597986 2.710562 1.368616 1.361303 1.340174 2.594452 2.107933 0.306627 1.083017 3.022129 1.903116 1.644659 1.506400 2.444954 1.736111 3.437395 
2.499836 0.964126 1.375534 2.353567 1.835380 2.680032 2.817555 1.414214 1.402890 1.400435 2.689906 2.200834 0.335654 1.141030 3.152057 1.967620 1.711647 1.565014 2.522154 1.791158 3.576161 
2.599046 0.975692 1.471489 2.427763 1.899801 2.762017 2.925847 1.460456 1.444725 1.461879 2.785994 2.294878 0.366461 1.200195 3.283342 2.032450 1.779235 1.624463 2.599226 1.846280 3.716276 
2.699427 0.986777 1.570353 2.502062 1.965211 2.843950 3.035427 1.507394 1.486846 1.524496 2.882694 2.389995 0.399106 1.260481 3.415903 2.097606 1.847393 1.684766 2.676172 1.901481 3.857686 
2.800956 0.997452 1.672068 2.576480 2.031663 2.925841 3.146283 1.555084 1.529294 1.588276 2.979984 2.486113 0.433647 1.321856 3.549659 2.163089 1.916091 1.745940 2.752998 1.956765 4.000334 
2.903609 1.007794 1.776575 2.651036 2.099210 3.007701 3.258404 1.603581 1.572110 1.653207 3.077843 2.583157 0.470145 1.384289 3.684525 2.228900 1.985299 1.808005 2.829711 2.012139 4.144166 
3.007360 1.017880 1.883809 2.725750 2.167910 3.089546 3.371777 1.652945 1.615335 1.719275 3.176250 2.681048 0.508657 1.447744 3.820416 2.295040 2.054988 1.870980 2.906320 2.067609 4.289125 
3.112184 1.027793 1.993699 2.800644 2.237819 3.171392 3.486390 1.703235 1.659015 1.786464 3.275181 2.779705 0.549246 1.512189 3.957245 2.361510 2.125126 1.934886 2.982839 2.123181 4.435154 
3.218056 1.037619 2.106175 2.875745 2.308997 3.253259 3.602228 1.754514 1.703196 1.854757 3.374617 2.879043 0.591971 1.577587 4.094923 2.428312 2.195684 1.999744 3.059282 2.178863 4.582194 
3.324948 1.047447 2.221157 2.951081 2.381504 3.335169 3.719279 1.806844 1.747925 1.924135 3.474536 2.978975 0.636895 1.643903 4.233360 2.495446 2.266632 2.065575 3.135665 2.234664 4.730187 
3.432833 1.057370 2.338564 3.026682 2.455405 3.417145 3.837526 1.860290 1.793253 1.994578 3.574915 3.079409 0.684078 1.711101 4.372464 2.562915 2.337938 2.132403 3.212008 2.290591 4.879073 
3.541684 1.067483 2.458310 3.102582 2.530763 3.499215 3.956956 1.914921 1.839229 2.066064 3.675735 3.180253 0.733583 1.779141 4.512141 2.630722 2.409571 2.200251 3.288334 2.346655 5.028790 
3.651471 1.077886 2.580306 3.178816 2.607645 3.581406 4.077552 1.970804 1.885907 2.138568 3.776973 3.281410 0.785474 1.847986 4.652296 2.698867 2.481502 2.269143 3.364664 2.402866 5.179278 
3.762165 1.088680 2.704456 3.255423 2.686118 3.663750 4.199298 2.028011 1.933342 2.212066 3.878608 3.382778 0.839813 1.917597 4.792831 2.767354 2.553700 2.339103 3.441028 2.459235 5.330474 
3.873736 1.099973 2.830662 3.332444 2.766252 3.746281 4.322178 2.086613 1.981589 2.286531 3.980619 3.484256 0.896665 1.987933 4.933647 2.836185 2.626132 2.410159 3.517452 2.515772 5.482315 
3.986154 1.111873 2.958821 3.409921 2.848118 3.829035 4.446174 2.146684 2.030706 2.361933 4.082985 3.585738 0.956094 2.058953 5.074645 2.905363 2.698769 2.482336 3.593968 2.572489 5.634738 
4.099387 1.124493 3.088826 3.487902 2.931790 3.912049 4.571269 2.208300 2.080752 2.438243 4.185685 3.687113 1.018166 2.130615 5.215722 2.974891 2.771579 2.555661 3.670611 2.629400 5.787678 
4.213404 1.137950 3.220566 3.566434 3.017343 3.995364 4.697443 2.271540 2.131790 2.515429 4.288698 3.788270 1.082945 2.202877 5.356774 3.044772 2.844530 2.630162 3.747415 2.686518 5.941068 
4.328171 1.152362 3.353925 3.645569 3.104852 4.079024 4.824679 2.336481 2.183880 2.593457 4.392003 3.889093 1.150498 2.275694 5.497697 3.115009 2.917591 2.705868 3.824419 2.743856 6.094844 
4.443656 1.167852 3.488783 3.725359 3.194396 4.163073 4.952956 2.403205 2.237089 2.672292 4.495578 3.989465 1.220891 2.349023 5.638382 3.185607 2.990732 2.782809 3.901664 2.801428 6.248937 
4.559825 1.184547 3.625017 3.805862 3.286055 4.247560 5.082255 2.471794 2.291481 2.751897 4.599404 4.089263 1.294192 2.422818 5.778721 3.256569 3.063919 2.861013 3.979193 2.859251 6.403280 
4.676644 1.202577 3.762498 3.887136 3.379910 4.332534 5.212555 2.542334 2.347125 2.832233 4.703458 4.188363 1.370469 2.497033 5.918604 3.327900 3.137121 2.940513 4.057051 2.917340 6.557804 
4.794077 1.222073 3.901094 3.969242 3.476046 4.418047 5.343835 2.614910 2.404090 2.913262 4.807721 4.286637 1.449789 2.571621 6.057918 3.399602 3.210307 3.021340 4.135286 2.975710 6.712439 
4.912089 1.243173 4.040667 4.052243 3.574546 4.504155 5.476073 2.689611 2.462447 2.994940 4.912172 4.383954 1.532222 2.646535 6.196550 3.471681 3.283444 3.103526 4.213949 3.034380 6.867116 
5.030643 1.266016 4.181078 4.136207 3.675497 4.590914 5.609247 2.766526 2.522269 3.077225 5.016790 4.480182 1.617837 2.721725 6.334384 3.544142 3.356500 3.187105 4.293091 3.093367 7.021762 
5.149702 1.290745 4.322180 4.221202 3.778989 4.678384 5.743335 2.845746 2.583629 3.160071 5.121555 4.575182 1.706703 2.797143 6.471303 3.616989 3.429444 3.272110 4.372767 3.152689 7.176306 
5.269228 1.317507 4.463825 4.307298 3.885110 4.766627 5.878314 2.927365 2.646605 3.243432 5.226446 4.668815 1.798891 2.872737 6.607188 3.690227 3.502242 3.358576 4.453036 3.212365 7.330676 
5.389184 1.346451 4.605859 4.394572 3.993954 4.855707 6.014158 3.011477 2.711274 3.327260 5.331442 4.760937 1.894472 2.948457 6.741920 3.763861 3.574863 3.446539 4.533956 3.272415 7.484796 
5.509529 1.377731 4.748124 4.483098 4.105613 4.945690 6.150845 3.098181 2.777715 3.411505 5.436523 4.851404 1.993518 3.024251 6.875375 3.837898 3.647273 3.536033 4.615590 3.332858 7.638594 
5.630226 1.411503 4.890458 4.572955 4.220183 5.036646 6.288349 3.187573 2.846010 3.496115 5.541669 4.940064 2.096099 3.100065 7.007430 3.912342 3.719441 3.627097 4.698002 3.393716 7.791994 
5.751232 1.447927 5.032694 4.664226 4.337761 5.128645 6.426644 3.279754 2.916240 3.581037 5.646859 5.026767 2.202290 3.175847 7.137960 3.987199 3.791332 3.719768 4.781258 3.455010 7.944919 
5.872509 1.487167 5.174663 4.756994 4.458446 5.221761 6.565706 3.374826 2.988490 3.666216 5.752073 5.111356 2.312162 3.251541 7.266837 4.062476 3.862916 3.814084 4.865428 3.516762 8.097293 
5.994012 1.529388 5.316188 4.851346 4.582337 5.316071 6.705507 3.472893 3.062847 3.751596 5.857291 5.193674 2.425789 3.327092 7.393933 4.138179 3.934158 3.910085 4.950584 3.578995 8.249038 
6.115702 1.574762 5.457092 4.947371 4.709538 5.411652 6.846020 3.574060 3.139398 3.837119 5.962493 5.273558 2.543246 3.402445 7.519117 4.214313 4.005025 4.007810 5.036799 3.641733 8.400076 
6.237534 1.623461 5.597191 5.045161 4.840151 5.508585 6.987217 3.678434 3.218232 3.922725 6.067658 5.350845 2.664607 3.477541 7.642256 4.290887 4.075485 4.107299 5.124149 3.704998 8.550327 
6.359466 1.675663 5.736298 5.144810 4.974283 5.606953 7.129072 3.786125 3.299440 4.008353 6.172768 5.425366 2.789947 3.552324 7.763218 4.367906 4.145504 4.208595 5.212713 3.768816 8.699712 
6.481452 1.731547 5.874220 5.246415 5.112041 5.706842 7.271554 3.897242 3.383115 4.093939 6.277800 5.496950 2.919342 3.626733 7.881867 4.445377 4.215048 4.311739 5.302573 3.833212 8.848148 
6.603450 1.791297 6.010763 5.350074 5.253533 5.808339 7.414634 4.011899 3.469352 4.179420 6.382736 5.565424 3.052868 3.700711 7.998065 4.523309 4.284084 4.416774 5.393811 3.898213 8.995556 
6.725412 1.855100 6.145725 5.455892 5.398871 5.911535 7.558284 4.130210 3.558246 4.264728 6.487556 5.630611 3.190602 3.774195 8.111675 4.601708 4.352579 4.523744 5.486513 3.963843 9.141851 
6.847293 1.923147 6.278902 5.563970 5.548166 6.016521 7.702472 4.252290 3.649894 4.349797 6.592240 5.692330 3.332621 3.847126 8.222554 4.680582 4.420498 4.632692 5.580767 4.030131 9.286951 
6.969046 1.995630 6.410086 5.674417 5.701533 6.123393 7.847168 4.378257 3.744397 4.434556 6.696768 5.750400 3.479003 3.919440 8.330562 4.759939 4.487808 4.743665 5.676664 4.097104 9.430771 
7.090624 2.072747 6.539065 5.787342 5.859087 6.232249 7.992340 4.508231 3.841855 4.518934 6.801121 5.804633 3.629826 3.991076 8.435553 4.839786 4.554475 4.856708 5.774296 4.164791 9.573226 
7.211979 2.154699 6.665620 5.902857 6.020947 6.343186 8.137957 4.642332 3.942370 4.602859 6.905278 5.854840 3.785169 4.061968 8.537384 4.920133 4.620465 4.971866 5.873760 4.233221 9.714231 
7.333062 2.241689 6.789530 6.021076 6.187231 6.456308 8.283985 4.780684 4.046048 4.686256 7.009221 5.900829 3.945112 4.132053 8.635907 5.000988 4.685743 5.089189 5.975151 4.302422 9.853700 
7.453824 2.333924 6.910571 6.142117 6.358060 6.571718 8.430393 4.923412 4.152994 4.769049 7.112929 5.942404 4.109734 4.201265 8.730972 5.082358 4.750275 5.208723 6.078571 4.372427 9.991543 
7.574215 2.431614 7.028511 6.266100 6.533557 6.689524 8.577146 5.070641 4.263315 4.851161 7.216383 5.979368 4.279116 4.269537 8.822430 5.164254 4.814027 5.330518 6.184122 4.443265 10.127674 
7.694185 2.534975 7.143118 6.393146 6.713847 6.809834 8.724210 5.222499 4.377121 4.932511 7.319564 6.011517 4.453339 4.336803 8.910128 5.246684 4.876965 5.454623 6.291908 4.514968 10.262003 
7.813681 2.644223 7.254153 6.523381 6.899054 6.932759 8.871550 5.379118 4.494523 5.013020 7.422451 6.038649 4.632485 4.402994 8.993913 5.329658 4.939053 5.581089 6.402036 4.587569 10.394441 
7.932653 2.759578 7.361373 6.656931 7.089308 7.058414 9.019133 5.540628 4.615633 5.092604 7.525027 6.060555 4.816634 4.468042 9.073629 5.413184 5.000258 5.709966 6.514616 4.661099 10.524896 
8.051048 2.881265 7.464532 6.793926 7.284737 7.186914 9.166920 5.707162 4.740566 5.171180 7.627272 6.077024 5.005871 4.531877 9.149118 5.497273 5.060543 5.841306 6.629760 4.735593 10.653278 
8.168812 3.009511 7.563379 6.934500 7.485472 7.318377 9.314878 5.878857 4.869438 5.248661 7.729166 6.087842 5.200279 4.594428 9.220223 5.581934 5.119875 5.975161 6.747581 4.811085 10.779493 
8.285893 3.144546 7.657659 7.078786 7.691647 7.452925 9.462968 6.055848 5.002365 5.324960 7.830690 6.092792 5.399940 4.655624 9.286782 5.667178 5.178217 6.111586 6.868197 4.887609 10.903449 
8.402235 3.286606 7.747112 7.226923 7.903396 7.590681 9.611153 6.238274 5.139468 5.399988 7.931825 6.091655 5.604939 4.715393 9.348633 5.753015 5.235536 6.250634 6.991726 4.965201 11.025052 
8.517783 3.435928 7.831474 7.379050 8.120856 7.731769 9.759395 6.426276 5.280868 5.473653 8.032552 6.084207 5.815360 4.773661 9.405613 5.839454 5.291795 6.392360 7.118290 5.043896 11.144208 
8.632481 3.592751 7.910479 7.535309 8.344164 7.876318 9.907657 6.619996 5.426686 5.545865 8.132852 6.070222 6.031290 4.830356 9.457556 5.926508 5.346960 6.536819 7.248012 5.123732 11.260819 
8.746274 3.757321 7.983853 7.695847 8.573461 8.024459 10.055898 6.819577 5.577047 5.616527 8.232706 6.049470 6.252814 4.885401 9.504295 6.014187 5.400994 6.684067 7.381018 5.204745 11.374791 
8.859104 3.929886 8.051321 7.860810 8.808887 8.176323 10.204080 7.025166 5.732078 5.685546 8.332096 6.021720 6.480017 4.938721 9.545661 6.102501 5.453862 6.834163 7.517437 5.286974 11.486026 
8.970914 4.110696 8.112601 8.030349 9.050585 8.332045 10.352162 7.236910 5.891905 5.752824 8.431001 5.986736 6.712988 4.990241 9.581483 6.191462 5.505529 6.987162 7.657400 5.370456 11.594426 
9.081645 4.300005 8.167410 8.204616 9.298702 8.491763 10.500104 7.454957 6.056657 5.818261 8.529404 5.944279 6.951813 5.039882 9.611590 6.281082 5.555958 7.143124 7.801039 5.455231 11.699892 
NaN NaN NaN NaN NaN NaN NaN NaN NaN NaN NaN NaN NaN NaN NaN NaN NaN NaN NaN NaN NaN 
NaN NaN NaN NaN NaN NaN NaN NaN NaN NaN NaN NaN NaN NaN NaN NaN NaN NaN NaN NaN NaN 
NaN NaN NaN NaN NaN NaN NaN NaN NaN NaN NaN NaN NaN NaN NaN NaN NaN NaN NaN NaN NaN 
NaN NaN NaN NaN NaN NaN NaN NaN NaN NaN NaN NaN NaN NaN NaN NaN NaN NaN NaN NaN NaN 
