NaN NaN NaN NaN NaN NaN NaN NaN NaN NaN NaN NaN NaN NaN NaN NaN NaN NaN NaN NaN NaN 
NaN NaN NaN NaN NaN NaN NaN NaN NaN NaN NaN NaN NaN NaN NaN NaN NaN NaN NaN NaN NaN 
NaN NaN NaN NaN NaN NaN NaN NaN NaN NaN NaN NaN NaN NaN NaN NaN NaN NaN NaN NaN NaN 
NaN NaN NaN NaN NaN NaN NaN NaN NaN NaN NaN NaN NaN NaN NaN NaN NaN NaN NaN NaN NaN 
NaN NaN NaN NaN NaN NaN NaN NaN NaN NaN NaN NaN NaN NaN NaN NaN NaN NaN NaN NaN NaN 
-0.598353 0.031977 -1.299239 -0.861231 -1.305835 -1.126342 -0.986692 -0.696460 -1.065315 -0.788388 -0.278351 -0.036896 -0.754577 -0.471773 -1.146155 -1.166996 -0.654392 -0.789583 -0.706227 -0.754082 -1.076219 
-0.620751 -0.004737 -1.339537 -0.902707 -1.284544 -1.128938 -1.009066 -0.781880 -1.080091 -0.787741 -0.311525 -0.076177 -0.759421 -0.528102 -1.132967 -1.183253 -0.708165 -0.825203 -0.709000 -0.816389 -1.126438 
-0.641612 -0.039407 -1.375249 -0.940427 -1.263059 -1.130022 -1.029399 -0.861241 -1.092653 -0.786545 -0.342325 -0.113269 -0.763447 -0.580417 -1.119758 -1.196807 -0.757751 -0.857672 -0.710847 -0.873644 -1.172612 
-0.660943 -0.072075 -1.406516 -0.974491 -1.241382 -1.129631 -1.047713 -0.934687 -1.103058 -0.784795 -0.370809 -0.148210 -0.766654 -0.628813 -1.106500 -1.207738 -0.803256 -0.887069 -0.711786 -0.925984 -1.214819 
-0.678749 -0.102781 -1.433477 -1.004999 -1.219517 -1.127800 -1.064031 -1.002359 -1.111361 -0.782483 -0.397034 -0.181041 -0.769039 -0.673386 -1.093165 -1.216126 -0.844786 -0.913468 -0.711836 -0.973546 -1.253140 
-0.695036 -0.131566 -1.456267 -1.032049 -1.197466 -1.124566 -1.078375 -1.064399 -1.117617 -0.779604 -0.421057 -0.211799 -0.770601 -0.714228 -1.079726 -1.222050 -0.882443 -0.936945 -0.711014 -1.016461 -1.287651 
-0.709809 -0.158469 -1.475023 -1.055738 -1.175231 -1.119963 -1.090765 -1.120944 -1.121879 -0.776151 -0.442933 -0.240525 -0.771339 -0.751431 -1.066156 -1.225587 -0.916332 -0.957574 -0.709339 -1.054864 -1.318430 
-0.723074 -0.183529 -1.489875 -1.076160 -1.152813 -1.114024 -1.101225 -1.172132 -1.124199 -0.772118 -0.462717 -0.267256 -0.771251 -0.785086 -1.052428 -1.226814 -0.946551 -0.975428 -0.706827 -1.088885 -1.345552 
-0.734839 -0.206786 -1.500955 -1.093409 -1.130214 -1.106785 -1.109774 -1.218099 -1.124630 -0.767500 -0.480462 -0.292029 -0.770337 -0.815283 -1.038517 -1.225804 -0.973201 -0.990579 -0.703496 -1.118652 -1.369093 
-0.745109 -0.228277 -1.508391 -1.107578 -1.107435 -1.098277 -1.116434 -1.258978 -1.123223 -0.762290 -0.496223 -0.314882 -0.768596 -0.842111 -1.024397 -1.222633 -0.996381 -1.003097 -0.699362 -1.144292 -1.389126 
-0.753892 -0.248041 -1.512308 -1.118758 -1.084476 -1.088534 -1.121225 -1.294900 -1.120027 -0.756484 -0.510051 -0.335852 -0.766027 -0.865657 -1.010043 -1.217372 -1.016186 -1.013052 -0.694440 -1.165931 -1.405725 
-0.761196 -0.266115 -1.512832 -1.127037 -1.061339 -1.077587 -1.124169 -1.325998 -1.115092 -0.750077 -0.521999 -0.354975 -0.762629 -0.886009 -0.995428 -1.210094 -1.032712 -1.020515 -0.688748 -1.183693 -1.418962 
-0.767026 -0.282535 -1.510083 -1.132505 -1.038023 -1.065468 -1.125285 -1.352399 -1.108465 -0.743062 -0.532118 -0.372288 -0.758402 -0.903250 -0.980530 -1.200868 -1.046053 -1.025551 -0.682300 -1.197699 -1.428908 
-0.771391 -0.297339 -1.504182 -1.135247 -1.014529 -1.052207 -1.124594 -1.374230 -1.100194 -0.735436 -0.540458 -0.387825 -0.753346 -0.917466 -0.965323 -1.189764 -1.056303 -1.028228 -0.675111 -1.208070 -1.435635 
-0.774299 -0.310562 -1.495246 -1.135349 -0.990855 -1.037834 -1.122116 -1.391617 -1.090325 -0.727194 -0.547069 -0.401621 -0.747461 -0.928740 -0.949783 -1.176850 -1.063551 -1.028612 -0.667197 -1.214924 -1.439212 
-0.775758 -0.322239 -1.483392 -1.132895 -0.967002 -1.022380 -1.117870 -1.404684 -1.078904 -0.718330 -0.552000 -0.413712 -0.740746 -0.937154 -0.933886 -1.162191 -1.067889 -1.026768 -0.658571 -1.218379 -1.439708 
-0.775777 -0.332406 -1.468732 -1.127967 -0.942967 -1.005874 -1.111876 -1.413553 -1.065974 -0.708841 -0.555299 -0.424131 -0.733202 -0.942789 -0.917610 -1.145854 -1.069405 -1.022759 -0.649247 -1.218549 -1.437191 
-0.774364 -0.341097 -1.451378 -1.120646 -0.918750 -0.988342 -1.104153 -1.418344 -1.051580 -0.698723 -0.557013 -0.432913 -0.724829 -0.945725 -0.900932 -1.127904 -1.068186 -1.016648 -0.639240 -1.215547 -1.431727 
-0.771527 -0.348347 -1.431440 -1.111012 -0.894349 -0.969815 -1.094719 -1.419177 -1.035765 -0.687972 -0.557190 -0.440089 -0.715628 -0.946041 -0.883829 -1.108402 -1.064318 -1.008497 -0.628563 -1.209485 -1.423383 
-0.767277 -0.354188 -1.409026 -1.099143 -0.869762 -0.950318 -1.083595 -1.416168 -1.018569 -0.676583 -0.555874 -0.445694 -0.705599 -0.943815 -0.866278 -1.087412 -1.057885 -0.998367 -0.617228 -1.200474 -1.412224 
-0.761622 -0.358654 -1.384239 -1.085115 -0.844986 -0.929879 -1.070798 -1.409433 -1.000034 -0.664554 -0.553113 -0.449759 -0.694744 -0.939122 -0.848258 -1.064993 -1.048971 -0.986316 -0.605248 -1.188621 -1.398315 
-0.754572 -0.361777 -1.357184 -1.069004 -0.820020 -0.908523 -1.056347 -1.399086 -0.980200 -0.651880 -0.548950 -0.452317 -0.683062 -0.932039 -0.829748 -1.041206 -1.037658 -0.972405 -0.592635 -1.174034 -1.381718 
-0.746137 -0.363591 -1.327961 -1.050884 -0.794860 -0.886277 -1.040260 -1.385239 -0.959106 -0.638559 -0.543429 -0.453399 -0.670556 -0.922641 -0.810725 -1.016109 -1.024025 -0.956690 -0.579401 -1.156816 -1.362497 
-0.736327 -0.364125 -1.296670 -1.030828 -0.769503 -0.863165 -1.022554 -1.368003 -0.936790 -0.624587 -0.536593 -0.453035 -0.657225 -0.910999 -0.791171 -0.989758 -1.008152 -0.939228 -0.565558 -1.137071 -1.340713 
-0.725152 -0.363412 -1.263407 -1.008905 -0.743945 -0.839211 -1.003248 -1.347487 -0.913289 -0.609961 -0.528484 -0.451257 -0.643073 -0.897188 -0.771063 -0.962211 -0.990117 -0.920075 -0.551117 -1.114900 -1.316427 
-0.712623 -0.361483 -1.228267 -0.985187 -0.718183 -0.814440 -0.982360 -1.323797 -0.888639 -0.594679 -0.519145 -0.448094 -0.628100 -0.881277 -0.750382 -0.933521 -0.969996 -0.899285 -0.536088 -1.090404 -1.289699 
-0.698751 -0.358366 -1.191343 -0.959741 -0.692212 -0.788874 -0.959905 -1.297039 -0.862877 -0.578738 -0.508616 -0.443577 -0.612308 -0.863336 -0.729108 -0.903743 -0.947864 -0.876912 -0.520482 -1.063679 -1.260588 
-0.683547 -0.354094 -1.152726 -0.932634 -0.666028 -0.762536 -0.935902 -1.267319 -0.836035 -0.562136 -0.496937 -0.437734 -0.595700 -0.843436 -0.707222 -0.872929 -0.923794 -0.853009 -0.504309 -1.034823 -1.229151 
-0.667023 -0.348693 -1.112503 -0.903932 -0.639627 -0.735449 -0.910367 -1.234736 -0.808149 -0.544870 -0.484148 -0.430595 -0.578276 -0.821643 -0.684705 -0.841130 -0.897858 -0.827626 -0.487578 -1.003930 -1.195447 
-0.649189 -0.342194 -1.070762 -0.873698 -0.613003 -0.707634 -0.883317 -1.199393 -0.779250 -0.526939 -0.470287 -0.422187 -0.560039 -0.798024 -0.661538 -0.808396 -0.870129 -0.800814 -0.470300 -0.971092 -1.159531 
-0.630058 -0.334625 -1.027586 -0.841995 -0.586150 -0.679111 -0.854768 -1.161389 -0.749371 -0.508341 -0.455393 -0.412538 -0.540992 -0.772644 -0.637703 -0.774776 -0.840674 -0.772624 -0.452482 -0.936400 -1.121458 
-0.609642 -0.326014 -0.983058 -0.808884 -0.559064 -0.649901 -0.824736 -1.120820 -0.718542 -0.489073 -0.439503 -0.401676 -0.521136 -0.745569 -0.613182 -0.740317 -0.809563 -0.743102 -0.434134 -0.899945 -1.081285 
-0.587952 -0.316388 -0.937258 -0.774426 -0.531738 -0.620024 -0.793238 -1.077782 -0.686793 -0.469135 -0.422654 -0.389629 -0.500475 -0.716862 -0.587957 -0.705067 -0.776862 -0.712298 -0.415264 -0.861814 -1.039063 
-0.565003 -0.305773 -0.890265 -0.738677 -0.504167 -0.589499 -0.760288 -1.032369 -0.654153 -0.448525 -0.404880 -0.376422 -0.479012 -0.686585 -0.562011 -0.669071 -0.742636 -0.680256 -0.395880 -0.822092 -0.994846 
-0.540805 -0.294197 -0.842153 -0.701696 -0.476342 -0.558344 -0.725903 -0.984674 -0.620651 -0.427242 -0.386218 -0.362081 -0.456749 -0.654799 -0.535328 -0.632372 -0.706949 -0.647024 -0.375989 -0.780864 -0.948686 
-0.515374 -0.281686 -0.792998 -0.663537 -0.448258 -0.526578 -0.690098 -0.934788 -0.586313 -0.405286 -0.366701 -0.346633 -0.433689 -0.621564 -0.507890 -0.595014 -0.669865 -0.612643 -0.355598 -0.738213 -0.900633 
-0.488721 -0.268264 -0.742870 -0.624256 -0.419907 -0.494217 -0.652888 -0.882799 -0.551166 -0.382654 -0.346363 -0.330102 -0.409835 -0.586940 -0.479681 -0.557038 -0.631444 -0.577160 -0.334714 -0.694219 -0.850738 
-0.460860 -0.253958 -0.691840 -0.583903 -0.391281 -0.461280 -0.614287 -0.828794 -0.515235 -0.359347 -0.325238 -0.312513 -0.385192 -0.550984 -0.450687 -0.518484 -0.591746 -0.540614 -0.313345 -0.648962 -0.799049 
-0.431806 -0.238791 -0.639975 -0.542531 -0.362374 -0.427781 -0.574310 -0.772860 -0.478544 -0.335364 -0.303357 -0.293890 -0.359762 -0.513752 -0.420890 -0.479393 -0.550831 -0.503049 -0.291495 -0.602518 -0.745616 
-0.401571 -0.222787 -0.587340 -0.500190 -0.333176 -0.393738 -0.532972 -0.715081 -0.441118 -0.310705 -0.280752 -0.274259 -0.333550 -0.475302 -0.390277 -0.439803 -0.508754 -0.464504 -0.269170 -0.554964 -0.690486 
-0.370171 -0.205971 -0.533999 -0.456927 -0.303680 -0.359163 -0.490287 -0.655538 -0.402979 -0.285371 -0.257453 -0.253640 -0.306558 -0.435686 -0.358832 -0.399749 -0.465573 -0.425018 -0.246376 -0.506373 -0.633704 
-0.337621 -0.188365 -0.480014 -0.412791 -0.273876 -0.324074 -0.446268 -0.594313 -0.364149 -0.259360 -0.233491 -0.232059 -0.278791 -0.394960 -0.326540 -0.359269 -0.421341 -0.384630 -0.223119 -0.456818 -0.575317 
-0.303933 -0.169992 -0.425444 -0.367825 -0.243756 -0.288482 -0.400930 -0.531485 -0.324648 -0.232673 -0.208894 -0.209537 -0.250254 -0.353174 -0.293389 -0.318397 -0.376111 -0.343377 -0.199401 -0.406370 -0.515370 
-0.269125 -0.150874 -0.370345 -0.322076 -0.213310 -0.252402 -0.354286 -0.467132 -0.284497 -0.205311 -0.183692 -0.186096 -0.220950 -0.310381 -0.259364 -0.277165 -0.329936 -0.301295 -0.175229 -0.355096 -0.453906 
-0.233211 -0.131033 -0.314773 -0.275584 -0.182529 -0.215847 -0.306350 -0.401328 -0.243714 -0.177275 -0.157911 -0.161759 -0.190884 -0.266631 -0.224452 -0.235607 -0.282866 -0.258419 -0.150606 -0.303065 -0.390967 
-0.196206 -0.110490 -0.258781 -0.228393 -0.151402 -0.178828 -0.257133 -0.334149 -0.202318 -0.148564 -0.131580 -0.136545 -0.160061 -0.221972 -0.188640 -0.193754 -0.234950 -0.214784 -0.125534 -0.250341 -0.326597 
-0.158127 -0.089266 -0.202420 -0.180541 -0.119919 -0.141358 -0.206650 -0.265666 -0.160326 -0.119181 -0.104724 -0.110477 -0.128485 -0.176453 -0.151915 -0.151634 -0.186235 -0.170422 -0.100019 -0.196988 -0.260837 
-0.118988 -0.067382 -0.145738 -0.132067 -0.088070 -0.103446 -0.154912 -0.195951 -0.117753 -0.089126 -0.077369 -0.083573 -0.096161 -0.130121 -0.114265 -0.109278 -0.136768 -0.125366 -0.074061 -0.143069 -0.193726 
-0.078808 -0.044856 -0.088782 -0.083008 -0.055843 -0.065105 -0.101933 -0.125072 -0.074617 -0.058401 -0.049540 -0.055855 -0.063095 -0.083021 -0.075678 -0.066712 -0.086594 -0.079647 -0.047665 -0.088643 -0.125304 
-0.037601 -0.021708 -0.031597 -0.033400 -0.023229 -0.026343 -0.047725 -0.053098 -0.030930 -0.027007 -0.021262 -0.027341 -0.029291 -0.035198 -0.036143 -0.023962 -0.035756 -0.033294 -0.020832 -0.033768 -0.055609 
0.004615 0.002042 0.025774 0.016723 0.009786 0.012830 0.007702 0.019907 0.013293 0.005054 0.007444 0.001949 0.005246 0.013304 0.004352 0.018946 0.015704 0.013662 0.006437 0.021497 0.015320 
0.047823 0.026377 0.083292 0.067329 0.043213 0.052405 0.064334 0.093877 0.058040 0.037780 0.036553 0.031997 0.040508 0.062444 0.045817 0.061988 0.067744 0.061194 0.034139 0.077098 0.087448 
0.092006 0.051278 0.140917 0.118384 0.077063 0.092375 0.122161 0.168750 0.103299 0.071169 0.066045 0.062786 0.076492 0.112179 0.088264 0.105141 0.120325 0.109276 0.062274 0.132982 0.160738 
0.137147 0.076729 0.198614 0.169861 0.111350 0.132731 0.181170 0.244465 0.149059 0.105219 0.095897 0.094297 0.113191 0.162469 0.131701 0.148385 0.173410 0.157880 0.090841 0.189097 0.235156 
0.183228 0.102712 0.256349 0.221730 0.146086 0.173467 0.241352 0.320964 0.195310 0.139928 0.126089 0.126513 0.150599 0.213275 0.176139 0.191699 0.226961 0.206982 0.119840 0.245393 0.310667 
0.230230 0.129210 0.314089 0.273964 0.181284 0.214576 0.302695 0.398188 0.242044 0.175292 0.156601 0.159417 0.188710 0.264559 0.221588 0.235063 0.280942 0.256559 0.149270 0.301822 0.387239 
0.278136 0.156208 0.371804 0.326537 0.216957 0.256052 0.365188 0.476082 0.289251 0.211309 0.187415 0.192994 0.227517 0.316284 0.268056 0.278460 0.335321 0.306586 0.179133 0.358337 0.464839 
0.326928 0.183691 0.429467 0.379424 0.253120 0.297891 0.428821 0.554591 0.336926 0.247977 0.218512 0.227227 0.267015 0.368415 0.315552 0.321873 0.390064 0.357043 0.209428 0.414894 0.543435 
0.376586 0.211642 0.487051 0.432604 0.289786 0.340087 0.493584 0.633662 0.385061 0.285292 0.249875 0.262101 0.307197 0.420916 0.364085 0.365286 0.445140 0.407908 0.240158 0.471449 0.622998 
0.427092 0.240048 0.544534 0.486055 0.326969 0.382637 0.559467 0.713246 0.433651 0.323250 0.281486 0.297602 0.348056 0.473753 0.413662 0.408686 0.500519 0.459161 0.271322 0.527961 0.703498 
0.478426 0.268894 0.601893 0.539756 0.364684 0.425536 0.626460 0.793292 0.482692 0.361849 0.313330 0.333714 0.389584 0.526895 0.464291 0.452058 0.556172 0.510784 0.302924 0.584390 0.784906 
0.530569 0.298167 0.659108 0.593688 0.402946 0.468783 0.694554 0.873752 0.532180 0.401084 0.345391 0.370423 0.431776 0.580310 0.515980 0.495390 0.612073 0.562758 0.334966 0.640699 0.867195 
0.583501 0.327853 0.716163 0.647835 0.441770 0.512374 0.763739 0.954582 0.582112 0.440951 0.377654 0.407717 0.474623 0.633967 0.568735 0.538673 0.668195 0.615068 0.367449 0.696850 0.950337 
0.637203 0.357941 0.773042 0.702181 0.481171 0.556308 0.834006 1.035736 0.632488 0.481448 0.410106 0.445581 0.518119 0.687837 0.622563 0.581896 0.724515 0.667696 0.400378 0.752810 1.034306 
0.691653 0.388417 0.829732 0.756711 0.521166 0.600584 0.905347 1.117171 0.683305 0.522569 0.442734 0.484004 0.562256 0.741892 0.677470 0.625050 0.781008 0.720629 0.433754 0.808546 1.119078 
0.746833 0.419270 0.886221 0.811412 0.561770 0.645201 0.977752 1.198848 0.734564 0.564310 0.475524 0.522972 0.607026 0.796105 0.733462 0.668130 0.837653 0.773853 0.467583 0.864026 1.204628 
0.802721 0.450489 0.942501 0.866273 0.603001 0.690160 1.051213 1.280726 0.786266 0.606667 0.508465 0.562475 0.652422 0.850449 0.790545 0.711128 0.894430 0.827354 0.501867 0.919222 1.290933 
0.859296 0.482063 0.998565 0.921284 0.644874 0.735459 1.125722 1.362768 0.838413 0.649634 0.541547 0.602500 0.698435 0.904901 0.848723 0.754039 0.951320 0.881122 0.536611 0.974105 1.377971 
0.916537 0.513981 1.054407 0.976435 0.687406 0.781102 1.201271 1.444937 0.891008 0.693208 0.574758 0.643037 0.745058 0.959437 0.908002 0.796860 1.008306 0.935145 0.571820 1.028650 1.465719 
0.974423 0.546234 1.110025 1.031720 0.730616 0.827089 1.277853 1.527200 0.944054 0.737382 0.608090 0.684075 0.792282 1.014033 0.968386 0.839589 1.065370 0.989413 0.607499 1.082832 1.554158 
1.032932 0.578813 1.165418 1.087132 0.774521 0.873423 1.355459 1.609523 0.997556 0.782152 0.641533 0.725605 0.840099 1.068668 1.029879 0.882224 1.122498 1.043919 0.643654 1.136629 1.643267 
1.092042 0.611708 1.220587 1.142667 0.819138 0.920107 1.434082 1.691875 1.051519 0.827512 0.675080 0.767617 0.888500 1.123322 1.092484 0.924765 1.179676 1.098654 0.680289 1.190020 1.733029 
1.151731 0.644911 1.275537 1.198322 0.864486 0.967144 1.513716 1.774228 1.105951 0.873457 0.708723 0.810101 0.937476 1.177975 1.156206 0.967213 1.236893 1.153613 0.717412 1.242985 1.823423 
1.211977 0.678414 1.330272 1.254096 0.910583 1.014538 1.594353 1.856553 1.160857 0.919980 0.742455 0.853049 0.987019 1.232609 1.221048 1.009570 1.294137 1.208788 0.755028 1.295509 1.914435 
1.272757 0.712210 1.384800 1.309987 0.957449 1.062294 1.675987 1.938824 1.216247 0.967076 0.776271 0.896453 1.037119 1.287207 1.287011 1.051840 1.351399 1.264176 0.793145 1.347573 2.006047 
1.334048 0.746292 1.439131 1.365998 1.005103 1.110417 1.758610 2.021016 1.272130 1.014738 0.810165 0.940305 1.087768 1.341754 1.354098 1.094028 1.408671 1.319774 0.831770 1.399166 2.098244 
1.395827 0.780653 1.493276 1.422130 1.053564 1.158912 1.842218 2.103108 1.328516 1.062961 0.844132 0.984597 1.138956 1.396233 1.422312 1.136138 1.465947 1.375578 0.870911 1.450275 2.191012 
1.458071 0.815287 1.547250 1.478388 1.102851 1.207787 1.926804 2.185077 1.385415 1.111738 0.878170 1.029324 1.190674 1.450631 1.491653 1.178179 1.523220 1.431587 0.910575 1.500888 2.284338 
1.520756 0.850189 1.601069 1.534778 1.152986 1.257048 2.012362 2.266904 1.442840 1.161062 0.912276 1.074477 1.242911 1.504936 1.562124 1.220158 1.580486 1.487801 0.950770 1.550998 2.378208 
1.583858 0.885353 1.654751 1.591305 1.203988 1.306702 2.098887 2.348572 1.500803 1.210925 0.946446 1.120052 1.295659 1.559135 1.633724 1.262085 1.637745 1.544220 0.991506 1.600596 2.472611 
1.647354 0.920775 1.708315 1.647979 1.255878 1.356759 2.186373 2.430064 1.559318 1.261322 0.980679 1.166042 1.348907 1.613219 1.706456 1.303971 1.694993 1.600845 1.032791 1.649679 2.567536 
1.711218 0.956451 1.761785 1.704808 1.308678 1.407225 2.274816 2.511366 1.618400 1.312245 1.014976 1.212444 1.402645 1.667178 1.780317 1.345826 1.752231 1.657680 1.074636 1.698241 2.662974 
1.775427 0.992377 1.815184 1.761805 1.362408 1.458111 2.364209 2.592464 1.678065 1.363687 1.049334 1.259251 1.456862 1.721003 1.855310 1.387665 1.809460 1.714728 1.117048 1.746282 2.758915 
1.839954 1.028550 1.868539 1.818981 1.417090 1.509427 2.454549 2.673348 1.738328 1.415639 1.083756 1.306460 1.511550 1.774687 1.931432 1.429501 1.866684 1.771994 1.160039 1.793800 2.855351 
1.904777 1.064967 1.921879 1.876350 1.472747 1.561183 2.545831 2.754008 1.799207 1.468095 1.118243 1.354067 1.566696 1.828224 2.008684 1.471350 1.923906 1.829483 1.203620 1.840798 2.952274 
1.969868 1.101626 1.975234 1.933929 1.529400 1.613389 2.638052 2.834436 1.860720 1.521046 1.152796 1.402069 1.622291 1.881610 2.087063 1.513227 1.981133 1.887201 1.247800 1.887278 3.049679 
2.035203 1.138525 2.028637 1.991732 1.587072 1.666058 2.731206 2.914627 1.922887 1.574484 1.187419 1.450462 1.678322 1.934840 2.166569 1.555152 2.038370 1.945157 1.292592 1.933245 3.147560 
2.100755 1.175663 2.082123 2.049780 1.645785 1.719202 2.825290 2.994574 1.985728 1.628401 1.222115 1.499245 1.734781 1.987911 2.247199 1.597142 2.095627 2.003359 1.338006 1.978707 3.245913 
2.166499 1.213039 2.135728 2.108090 1.705564 1.772833 2.920300 3.074276 2.049263 1.682788 1.256889 1.548416 1.791654 2.040822 2.328951 1.639218 2.152913 2.061817 1.384054 2.023671 3.344733 
2.232409 1.250653 2.189492 2.166685 1.766432 1.826964 3.016234 3.153731 2.113514 1.737637 1.291745 1.597972 1.848931 2.093571 2.411823 1.681401 2.210238 2.120542 1.430750 2.068147 3.444018 
2.298457 1.288505 2.243455 2.225586 1.828412 1.881611 3.113088 3.232939 2.178505 1.792939 1.326689 1.647913 1.906601 2.146161 2.495812 1.723713 2.267616 2.179545 1.478105 2.112147 3.543766 
2.364617 1.326595 2.297662 2.284818 1.891528 1.936786 3.210858 3.311903 2.244258 1.848685 1.361728 1.698239 1.964652 2.198591 2.580913 1.766179 2.325061 2.238840 1.526132 2.155685 3.643976 
2.430862 1.364925 2.352157 2.344406 1.955806 1.992505 3.309544 3.390626 2.310800 1.904866 1.396869 1.748948 2.023071 2.250865 2.667124 1.808822 2.382586 2.298439 1.574846 2.198775 3.744648 
2.497164 1.403496 2.406987 2.404376 2.021269 2.048785 3.409141 3.469113 2.378154 1.961472 1.432121 1.800042 2.081848 2.302987 2.754440 1.851670 2.440209 2.358358 1.624258 2.241435 3.845783 
2.563497 1.442310 2.462202 2.464756 2.087942 2.105640 3.509648 3.547372 2.446348 2.018494 1.467490 1.851520 2.140970 2.354961 2.842857 1.894749 2.497948 2.418613 1.674385 2.283684 3.947381 
2.629832 1.481370 2.517854 2.525577 2.155852 2.163088 3.611062 3.625411 2.515408 2.075922 1.502988 1.903385 2.200425 2.406793 2.932370 1.938088 2.555821 2.479221 1.725239 2.325541 4.049447 
2.696142 1.520678 2.573996 2.586868 2.225024 2.221146 3.713382 3.703241 2.585364 2.133746 1.538625 1.955638 2.260200 2.458491 3.022974 1.981716 2.613850 2.540198 1.776836 2.367028 4.151983 
2.762397 1.560239 2.630684 2.648662 2.295483 2.279832 3.816606 3.780873 2.656244 2.191957 1.574410 2.008280 2.320283 2.510063 3.114664 2.025664 2.672056 2.601565 1.829191 2.408170 4.254994 
2.828570 1.600056 2.687976 2.710993 2.367255 2.339165 3.920734 3.858322 2.728078 2.250544 1.610356 2.061315 2.380661 2.561518 3.207433 2.069964 2.730462 2.663342 1.882320 2.448991 4.358484 
2.894632 1.640133 2.745931 2.773897 2.440369 2.399164 4.025763 3.935601 2.800898 2.309496 1.646475 2.114744 2.441322 2.612866 3.301276 2.114649 2.789094 2.725548 1.936237 2.489520 4.462461 
2.960554 1.680475 2.804612 2.837409 2.514850 2.459848 4.131692 4.012729 2.874735 2.368803 1.682780 2.168573 2.502252 2.664119 3.396185 2.159754 2.847977 2.788207 1.990961 2.529784 4.566931 
3.026307 1.721088 2.864083 2.901567 2.590725 2.521238 4.238522 4.089724 2.949622 2.428454 1.719285 2.222804 2.563438 2.715289 3.492155 2.205314 2.907139 2.851341 2.046506 2.569815 4.671901 
3.091860 1.761977 2.924409 2.966412 2.668022 2.583355 4.346251 4.166606 3.025593 2.488438 1.756005 2.277441 2.624868 2.766391 3.589177 2.251366 2.966608 2.914974 2.102891 2.609645 4.777381 
3.157185 1.803150 2.985660 3.031984 2.746769 2.646219 4.454880 4.243397 3.102683 2.548744 1.792954 2.332490 2.686527 2.817439 3.687245 2.297948 3.026414 2.979131 2.160132 2.649308 4.883381 
3.222251 1.844612 3.047905 3.098324 2.826994 2.709854 4.564408 4.320121 3.180926 2.609361 1.830149 2.387956 2.748402 2.868448 3.786349 2.345098 3.086590 3.043838 2.218247 2.688839 4.989911 
3.287028 1.886371 3.111217 3.165478 2.908725 2.774281 4.674835 4.396803 3.260360 2.670278 1.867607 2.443844 2.810479 2.919437 3.886483 2.392858 3.147168 3.109123 2.277254 2.728276 5.096982 
3.351486 1.928434 3.175671 3.233489 2.991992 2.839524 4.786162 4.473469 3.341021 2.731481 1.905344 2.500160 2.872744 2.970422 3.987636 2.441268 3.208181 3.175013 2.337171 2.767658 5.204607 
3.415594 1.970810 3.241342 3.302405 3.076822 2.905607 4.898390 4.550148 3.422948 2.792961 1.943380 2.556911 2.935184 3.021424 4.089800 2.490372 3.269667 3.241537 2.398018 2.807027 5.312799 
3.479321 2.013508 3.308311 3.372272 3.163246 2.972554 5.011519 4.626871 3.506181 2.854704 1.981732 2.614103 2.997783 3.072462 4.192967 2.540213 3.331661 3.308726 2.459813 2.846424 5.421572 
3.542636 2.056536 3.376657 3.443142 3.251293 3.040390 5.125550 4.703669 3.590759 2.916699 2.020421 2.671745 3.060529 3.123558 4.297125 2.590836 3.394202 3.376611 2.522576 2.885895 5.530942 
3.605507 2.099905 3.446464 3.515064 3.340993 3.109140 5.240485 4.780576 3.676723 2.978933 2.059467 2.729844 3.123405 3.174734 4.402264 2.642287 3.457329 3.445223 2.586326 2.925484 5.640924 
3.667903 2.143624 3.517816 3.588090 3.432376 3.178830 5.356325 4.857627 3.764115 3.041394 2.098891 2.788409 3.186398 3.226015 4.508376 2.694615 3.521084 3.514597 2.651084 2.965240 5.751535 
3.729792 2.187704 3.590801 3.662274 3.525473 3.249488 5.473071 4.934859 3.852978 3.104068 2.138715 2.847447 3.249493 3.277424 4.615447 2.747867 3.585510 3.584766 2.716871 3.005213 5.862792 
3.791141 2.232156 3.665507 3.737671 3.620315 3.321140 5.590727 5.012309 3.943356 3.166943 2.178961 2.906969 3.312674 3.328988 4.723468 2.802093 3.650649 3.655766 2.783706 3.045453 5.974716 
3.851918 2.276991 3.742027 3.814338 3.716932 3.393814 5.709293 5.090019 4.035293 3.230006 2.219653 2.966983 3.375927 3.380734 4.832427 2.857345 3.716547 3.727633 2.851613 3.086013 6.087324 
3.912090 2.322222 3.820453 3.892332 3.815357 3.467539 5.828773 5.168030 4.128835 3.293244 2.260814 3.027501 3.439236 3.432689 4.942312 2.913674 3.783251 3.800403 2.920611 3.126949 6.200637 
3.971626 2.367861 3.900880 3.971712 3.915621 3.542343 5.949168 5.246386 4.224028 3.356642 2.302470 3.088532 3.502586 3.484882 5.053110 2.971134 3.850808 3.874116 2.990724 3.168315 6.314677 
4.030490 2.413921 3.983408 4.052540 4.017757 3.618256 6.070483 5.325131 4.320920 3.420188 2.344646 3.150088 3.565962 3.537345 5.164810 3.029780 3.919268 3.948811 3.061973 3.210171 6.429466 
4.088650 2.460415 4.068134 4.134877 4.121796 3.695309 6.192719 5.404313 4.419558 3.483868 2.387368 3.212180 3.629347 3.590107 5.277398 3.089667 3.988681 4.024527 3.134381 3.252576 6.545026 
4.146073 2.507358 4.155161 4.218786 4.227771 3.773531 6.315880 5.483979 4.519993 3.547667 2.430664 3.274819 3.692726 3.643202 5.390860 3.150852 4.059099 4.101307 3.207971 3.295592 6.661383 
4.202724 2.554763 4.244592 4.304333 4.335716 3.852955 6.439969 5.564180 4.622274 3.611572 2.474559 3.338019 3.756082 3.696664 5.505184 3.213393 4.130575 4.179193 3.282767 3.339281 6.778560 
4.258569 2.602646 4.336534 4.391584 4.445664 3.933612 6.564991 5.644967 4.726452 3.675569 2.519084 3.401792 3.819400 3.750526 5.620355 3.277350 4.203165 4.258228 3.358793 3.383709 6.896583 
4.313574 2.651022 4.431094 4.480607 4.557648 4.015535 6.690949 5.726395 4.832579 3.739641 2.564268 3.466150 3.882663 3.804824 5.736359 3.342783 4.276924 4.338457 3.436072 3.428943 7.015480 
4.367704 2.699906 4.528382 4.571470 4.671702 4.098756 6.817847 5.808517 4.940708 3.803776 2.610139 3.531109 3.945855 3.859596 5.853181 3.409754 4.351909 4.419924 3.514629 3.475049 7.135277 
4.420925 2.749316 4.628512 4.664245 4.787861 4.183310 6.945690 5.891391 5.050892 3.867958 2.656729 3.596682 4.008958 3.914879 5.970806 3.478325 4.428180 4.502677 3.594490 3.522100 7.256003 
4.473200 2.799267 4.731596 4.759003 4.906159 4.269230 7.074482 5.975074 5.163187 3.932172 2.704069 3.662883 4.071957 3.970713 6.089218 3.548562 4.505797 4.586763 3.675678 3.570165 7.377688 
4.524496 2.849777 4.837751 4.855818 5.026632 4.356551 7.204228 6.059628 5.277647 3.996403 2.752191 3.729727 4.134834 4.027137 6.208403 3.620528 4.584821 4.672230 3.758221 3.619320 7.500361 
4.574776 2.900863 4.947096 4.954764 5.149313 4.445309 7.334933 6.145113 5.394330 4.060635 2.801127 3.797231 4.197573 4.084192 6.328342 3.694291 4.665315 4.759129 3.842143 3.669638 7.624054 
4.624003 2.952544 5.059751 5.055918 5.274239 4.535539 7.466603 6.231593 5.513292 4.124853 2.850912 3.865409 4.260155 4.141922 6.449022 3.769918 4.747343 4.847509 3.927471 3.721198 7.748798 
4.672144 3.004839 5.175839 5.159358 5.401445 4.627279 7.599242 6.319132 5.634592 4.189041 2.901580 3.934278 4.322564 4.200369 6.570423 3.847478 4.830970 4.937422 4.014231 3.774076 7.874627 
4.719160 3.057766 5.295484 5.265162 5.530968 4.720564 7.732857 6.407798 5.758289 4.253183 2.953165 4.003856 4.384781 4.259577 6.692529 3.927041 4.916265 5.028920 4.102452 3.828355 8.001574 
4.765015 3.111346 5.418814 5.373412 5.662844 4.815434 7.867453 6.497659 5.884443 4.317263 3.005703 4.074159 4.446790 4.319594 6.815323 4.008679 5.003295 5.122058 4.192160 3.884115 8.129674 
4.809672 3.165598 5.545956 5.484188 5.797110 4.911926 8.003037 6.588785 6.013115 4.381265 3.059230 4.145204 4.508572 4.380465 6.938787 4.092463 5.092129 5.216889 4.283382 3.941441 8.258963 
4.853095 3.220542 5.677043 5.597574 5.933802 5.010078 8.139614 6.681246 6.144367 4.445172 3.113785 4.217011 4.570110 4.442238 7.062902 4.178467 5.182840 5.313471 4.376148 4.000418 8.389476 
4.895246 3.276200 5.812207 5.713656 6.072959 5.109931 8.277193 6.775117 6.278262 4.508968 3.169403 4.289597 4.631385 4.504962 7.187649 4.266766 5.275499 5.411858 4.470485 4.061134 8.521252 
4.936087 3.332594 5.951584 5.832518 6.214617 5.211525 8.415778 6.870472 6.414863 4.572635 3.226125 4.362982 4.692378 4.568687 7.313011 4.357436 5.370180 5.512109 4.566422 4.123676 8.654329 
4.975581 3.389745 6.095310 5.954249 6.358814 5.314899 8.555377 6.967388 6.554236 4.636158 3.283990 4.437185 4.753072 4.633465 7.438966 4.450554 5.466958 5.614283 4.663989 4.188136 8.788745 
5.013689 3.447676 6.243525 6.078938 6.505590 5.420095 8.695998 7.065943 6.696445 4.699518 3.343037 4.512226 4.813448 4.699347 7.565497 4.546198 5.565911 5.718439 4.763214 4.254606 8.924541 
5.050374 3.506409 6.396371 6.206675 6.654982 5.527156 8.837648 7.166217 6.841557 4.762698 3.403308 4.588125 4.873487 4.766387 7.692581 4.644449 5.667114 5.824638 4.864129 4.323180 9.061758 
5.085596 3.565969 6.553991 6.337551 6.807029 5.636122 8.980335 7.268292 6.989640 4.825680 3.464843 4.664903 4.933170 4.834640 7.820201 4.745386 5.770649 5.932942 4.966763 4.393954 9.200437 
5.119317 3.626378 6.716530 6.471661 6.961770 5.747037 9.124066 7.372250 7.140762 4.888448 3.527686 4.742582 4.992477 4.904161 7.948333 4.849092 5.876596 6.043413 5.071146 4.467026 9.340621 
NaN NaN NaN NaN NaN NaN NaN NaN NaN NaN NaN NaN NaN NaN NaN NaN NaN NaN NaN NaN NaN 
NaN NaN NaN NaN NaN NaN NaN NaN NaN NaN NaN NaN NaN NaN NaN NaN NaN NaN NaN NaN NaN 
NaN NaN NaN NaN NaN NaN NaN NaN NaN NaN NaN NaN NaN NaN NaN NaN NaN NaN NaN NaN NaN 
NaN NaN NaN NaN NaN NaN NaN NaN NaN NaN NaN NaN NaN NaN NaN NaN NaN NaN NaN NaN NaN 
