NaN NaN NaN NaN NaN NaN NaN NaN NaN NaN NaN NaN NaN NaN NaN NaN NaN NaN NaN NaN NaN 
NaN NaN NaN NaN NaN NaN NaN NaN NaN NaN NaN NaN NaN NaN NaN NaN NaN NaN NaN NaN NaN 
NaN NaN NaN NaN NaN NaN NaN NaN NaN NaN NaN NaN NaN NaN NaN NaN NaN NaN NaN NaN NaN 
NaN NaN NaN NaN NaN NaN NaN NaN NaN NaN NaN NaN NaN NaN NaN NaN NaN NaN NaN NaN NaN 
NaN NaN NaN NaN NaN NaN NaN NaN NaN NaN NaN NaN NaN NaN NaN NaN NaN NaN NaN NaN NaN 
NaN NaN NaN NaN NaN NaN NaN NaN NaN NaN NaN NaN NaN NaN NaN NaN NaN NaN NaN NaN NaN 
-1.003317 -0.799969 -1.124961 -0.388177 -1.990195 -1.738797 -0.455571 -0.765024 -1.608527 -1.932404 -0.141399 -0.259062 -1.055821 -0.545894 -1.023633 -0.664909 -1.068555 -0.177353 -0.361976 -0.628444 -1.410419 
-1.011005 -0.757865 -1.122521 -0.408019 -1.875066 -1.774617 -0.501079 -0.864278 -1.624876 -1.848219 -0.247356 -0.273800 -0.991567 -0.573230 -0.997211 -0.671192 -1.050895 -0.237757 -0.350972 -0.683025 -1.422279 
-1.017209 -0.718152 -1.118736 -0.426519 -1.765255 -1.804493 -0.543529 -0.956170 -1.637717 -1.767372 -0.345812 -0.287614 -0.930674 -0.598377 -0.971770 -0.676765 -1.033629 -0.294282 -0.340626 -0.732848 -1.431758 
-1.021951 -0.680729 -1.113642 -0.443689 -1.660597 -1.828656 -0.582977 -1.040886 -1.647159 -1.689752 -0.436989 -0.300511 -0.873021 -0.621376 -0.947251 -0.681614 -1.016709 -0.347016 -0.330898 -0.778059 -1.438907 
-1.025249 -0.645496 -1.107275 -0.459538 -1.560929 -1.847332 -0.619478 -1.118614 -1.653312 -1.615247 -0.521107 -0.312496 -0.818492 -0.642267 -0.923600 -0.685728 -1.000090 -0.396045 -0.321752 -0.818802 -1.443777 
-1.027122 -0.612354 -1.099671 -0.474079 -1.466090 -1.860741 -0.653085 -1.189538 -1.656281 -1.543750 -0.598382 -0.323575 -0.766968 -0.661092 -0.900760 -0.689095 -0.983726 -0.441454 -0.313151 -0.855220 -1.446417 
-1.027589 -0.581207 -1.090864 -0.487322 -1.375920 -1.869103 -0.683852 -1.253839 -1.656173 -1.475154 -0.669026 -0.333753 -0.718334 -0.677890 -0.878678 -0.691705 -0.967573 -0.483328 -0.305058 -0.887453 -1.446876 
-1.026671 -0.551958 -1.080889 -0.499278 -1.290263 -1.872632 -0.711833 -1.311698 -1.653090 -1.409352 -0.733250 -0.343037 -0.672479 -0.692701 -0.857299 -0.693548 -0.951588 -0.521749 -0.297439 -0.915638 -1.445203 
-1.024386 -0.524513 -1.069779 -0.509959 -1.208964 -1.871539 -0.737079 -1.363293 -1.647135 -1.346241 -0.791260 -0.351432 -0.629289 -0.705565 -0.836570 -0.694612 -0.935727 -0.556800 -0.290256 -0.939914 -1.441445 
-1.020753 -0.498781 -1.057568 -0.519376 -1.131870 -1.866033 -0.759643 -1.408798 -1.638409 -1.285718 -0.843261 -0.358943 -0.588654 -0.716519 -0.816440 -0.694889 -0.919951 -0.588564 -0.283476 -0.960412 -1.435649 
-1.015792 -0.474670 -1.044289 -0.527541 -1.058831 -1.856316 -0.779576 -1.448386 -1.627010 -1.227682 -0.889454 -0.365578 -0.550468 -0.725604 -0.796857 -0.694368 -0.904217 -0.617120 -0.277064 -0.977267 -1.427861 
-1.009521 -0.452091 -1.029973 -0.534465 -0.989698 -1.842588 -0.796929 -1.482230 -1.613035 -1.172033 -0.930037 -0.371340 -0.514622 -0.732856 -0.777770 -0.693041 -0.888486 -0.642549 -0.270987 -0.990608 -1.418126 
-1.001961 -0.430956 -1.014654 -0.540158 -0.924324 -1.825048 -0.811753 -1.510496 -1.596581 -1.118674 -0.965207 -0.376236 -0.481012 -0.738314 -0.759129 -0.690900 -0.872721 -0.664930 -0.265210 -1.000563 -1.406489 
-0.993129 -0.411179 -0.998361 -0.544634 -0.862566 -1.803886 -0.824097 -1.533353 -1.577741 -1.067507 -0.995154 -0.380272 -0.449534 -0.742016 -0.740886 -0.687936 -0.856882 -0.684340 -0.259702 -1.007259 -1.392995 
-0.983045 -0.392675 -0.981125 -0.547903 -0.804280 -1.779293 -0.834010 -1.550963 -1.556608 -1.018438 -1.020069 -0.383453 -0.420088 -0.743998 -0.722992 -0.684141 -0.840933 -0.700857 -0.254429 -1.010820 -1.377686 
-0.971729 -0.375362 -0.962978 -0.549978 -0.749327 -1.751455 -0.841541 -1.563489 -1.533273 -0.971372 -1.040138 -0.385785 -0.392573 -0.744297 -0.705399 -0.679508 -0.824838 -0.714557 -0.249359 -1.011369 -1.360606 
-0.959199 -0.359157 -0.943948 -0.550869 -0.697567 -1.720552 -0.846739 -1.571092 -1.507825 -0.926217 -1.055544 -0.387273 -0.366890 -0.742950 -0.688062 -0.674030 -0.808562 -0.725515 -0.244462 -1.009025 -1.341795 
-0.945475 -0.343980 -0.924065 -0.550589 -0.648866 -1.686764 -0.849651 -1.573927 -1.480352 -0.882884 -1.066469 -0.387924 -0.342944 -0.739992 -0.670933 -0.667700 -0.792071 -0.733807 -0.239707 -1.003907 -1.321296 
-0.930574 -0.329754 -0.903358 -0.549150 -0.603089 -1.650264 -0.850324 -1.572152 -1.450940 -0.841282 -1.073090 -0.387742 -0.320639 -0.735460 -0.653968 -0.660513 -0.775332 -0.739506 -0.235062 -0.996131 -1.299149 
-0.914518 -0.316401 -0.881854 -0.546563 -0.560103 -1.611225 -0.848805 -1.565918 -1.419673 -0.801324 -1.075582 -0.386733 -0.299883 -0.729389 -0.637123 -0.652461 -0.758312 -0.742684 -0.230499 -0.985812 -1.275394 
-0.897324 -0.303846 -0.859582 -0.542840 -0.519779 -1.569813 -0.845140 -1.555377 -1.386635 -0.762924 -1.074115 -0.384904 -0.280583 -0.721813 -0.620353 -0.643541 -0.740981 -0.743413 -0.225987 -0.973061 -1.250069 
-0.879011 -0.292016 -0.836568 -0.537994 -0.481990 -1.526193 -0.839374 -1.540677 -1.351906 -0.725997 -1.068861 -0.382259 -0.262649 -0.712767 -0.603616 -0.633747 -0.723307 -0.741765 -0.221497 -0.957990 -1.223213 
-0.859599 -0.280837 -0.812840 -0.532036 -0.446608 -1.480524 -0.831552 -1.521966 -1.315567 -0.690459 -1.059983 -0.378804 -0.245995 -0.702286 -0.586871 -0.623074 -0.705262 -0.737810 -0.217002 -0.940706 -1.194865 
-0.839106 -0.270240 -0.788424 -0.524979 -0.413511 -1.432962 -0.821720 -1.499386 -1.277695 -0.656230 -1.047646 -0.374544 -0.230532 -0.690403 -0.570074 -0.611517 -0.686817 -0.731616 -0.212474 -0.921316 -1.165060 
-0.817551 -0.260155 -0.763344 -0.516835 -0.382577 -1.383662 -0.809919 -1.473081 -1.238367 -0.623228 -1.032009 -0.369486 -0.216176 -0.677152 -0.553188 -0.599075 -0.667945 -0.723252 -0.207883 -0.899924 -1.133836 
-0.794954 -0.250514 -0.737627 -0.507616 -0.353686 -1.332770 -0.796195 -1.443190 -1.197658 -0.591376 -1.013229 -0.363634 -0.202845 -0.662566 -0.536170 -0.585741 -0.648618 -0.712785 -0.203205 -0.876633 -1.101228 
-0.771332 -0.241252 -0.711297 -0.497334 -0.326721 -1.280434 -0.780590 -1.409850 -1.155642 -0.560595 -0.991460 -0.356994 -0.190456 -0.646677 -0.518984 -0.571515 -0.628811 -0.700283 -0.198412 -0.851542 -1.067270 
-0.746706 -0.232305 -0.684378 -0.486003 -0.301565 -1.226795 -0.763146 -1.373197 -1.112389 -0.530810 -0.966854 -0.349572 -0.178929 -0.629519 -0.501589 -0.556393 -0.608500 -0.685810 -0.193479 -0.824750 -1.031997 
-0.721094 -0.223609 -0.656894 -0.473633 -0.278107 -1.171992 -0.743904 -1.333364 -1.067971 -0.501947 -0.939559 -0.341374 -0.168188 -0.611122 -0.483950 -0.540372 -0.587659 -0.669432 -0.188379 -0.796354 -0.995443 
-0.694514 -0.215103 -0.628868 -0.460239 -0.256234 -1.116158 -0.722907 -1.290481 -1.022455 -0.473933 -0.909720 -0.332403 -0.158154 -0.591520 -0.466030 -0.523452 -0.566268 -0.651212 -0.183088 -0.766447 -0.957640 
-0.666986 -0.206727 -0.600322 -0.445832 -0.235837 -1.059425 -0.700194 -1.244679 -0.975909 -0.446697 -0.877480 -0.322667 -0.148754 -0.570742 -0.447792 -0.505630 -0.544302 -0.631213 -0.177581 -0.735122 -0.918620 
-0.638529 -0.198423 -0.571279 -0.430425 -0.216809 -1.001920 -0.675807 -1.196082 -0.928398 -0.420168 -0.842977 -0.312170 -0.139913 -0.548821 -0.429202 -0.486905 -0.521742 -0.609498 -0.171835 -0.702470 -0.878416 
-0.609160 -0.190135 -0.541761 -0.414031 -0.199045 -0.943767 -0.649783 -1.144815 -0.879986 -0.394279 -0.806349 -0.300918 -0.131562 -0.525786 -0.410225 -0.467277 -0.498567 -0.586127 -0.165825 -0.668579 -0.837056 
-0.578900 -0.181807 -0.511787 -0.396662 -0.182443 -0.885086 -0.622163 -1.091001 -0.830734 -0.368963 -0.767728 -0.288916 -0.123630 -0.501668 -0.390829 -0.446746 -0.474759 -0.561161 -0.159530 -0.633534 -0.794572 
-0.547766 -0.173386 -0.481380 -0.378332 -0.166899 -0.825992 -0.592986 -1.034758 -0.780704 -0.344154 -0.727246 -0.276170 -0.116048 -0.476497 -0.370979 -0.425311 -0.450297 -0.534660 -0.152925 -0.597421 -0.750993 
-0.515777 -0.164819 -0.450558 -0.359052 -0.152317 -0.766600 -0.562288 -0.976206 -0.729954 -0.319789 -0.685030 -0.262685 -0.108752 -0.450302 -0.350646 -0.402973 -0.425167 -0.506682 -0.145990 -0.560322 -0.706347 
-0.482953 -0.156057 -0.419342 -0.338837 -0.138600 -0.707017 -0.530107 -0.915457 -0.678542 -0.295805 -0.641205 -0.248466 -0.101675 -0.423112 -0.329796 -0.379733 -0.399350 -0.477284 -0.138702 -0.522317 -0.660662 
-0.449311 -0.147051 -0.387751 -0.317699 -0.125651 -0.647350 -0.496481 -0.852627 -0.626524 -0.272141 -0.595892 -0.233520 -0.094754 -0.394956 -0.308401 -0.355592 -0.372831 -0.446524 -0.131040 -0.483485 -0.613966 
-0.414871 -0.137752 -0.355802 -0.295651 -0.113380 -0.587699 -0.461445 -0.787826 -0.573952 -0.248739 -0.549210 -0.217850 -0.087929 -0.365863 -0.286430 -0.330553 -0.345596 -0.414457 -0.122985 -0.443901 -0.566284 
-0.379652 -0.128116 -0.323515 -0.272707 -0.101694 -0.528164 -0.425036 -0.721162 -0.520881 -0.225539 -0.501276 -0.201463 -0.081140 -0.335860 -0.263855 -0.304616 -0.317631 -0.381138 -0.114515 -0.403641 -0.517643 
-0.343671 -0.118098 -0.290907 -0.248879 -0.090506 -0.468839 -0.387288 -0.652742 -0.467362 -0.202487 -0.452201 -0.184363 -0.074329 -0.304976 -0.240648 -0.277785 -0.288924 -0.346622 -0.105612 -0.362776 -0.468068 
-0.306947 -0.107656 -0.257994 -0.224180 -0.079729 -0.409814 -0.348237 -0.582670 -0.413442 -0.179526 -0.402097 -0.166557 -0.067438 -0.273237 -0.216781 -0.250062 -0.259462 -0.310961 -0.096256 -0.321377 -0.417583 
-0.269500 -0.096748 -0.224794 -0.198625 -0.069279 -0.351177 -0.307917 -0.511049 -0.359171 -0.156604 -0.351069 -0.148049 -0.060415 -0.240671 -0.192229 -0.221452 -0.229235 -0.274209 -0.086428 -0.279513 -0.366211 
-0.231347 -0.085335 -0.191322 -0.172226 -0.059073 -0.293011 -0.266361 -0.437977 -0.304594 -0.133668 -0.299223 -0.128845 -0.053205 -0.207303 -0.166965 -0.191956 -0.198233 -0.236416 -0.076111 -0.237249 -0.313977 
-0.192507 -0.073378 -0.157594 -0.144996 -0.049032 -0.235396 -0.223602 -0.363553 -0.249756 -0.110669 -0.246658 -0.108950 -0.045757 -0.173161 -0.140964 -0.161580 -0.166447 -0.197633 -0.065287 -0.194650 -0.260901 
-0.152999 -0.060843 -0.123624 -0.116950 -0.039076 -0.178409 -0.179673 -0.287871 -0.194700 -0.087556 -0.193475 -0.088369 -0.038022 -0.138270 -0.114203 -0.130328 -0.133868 -0.157910 -0.053939 -0.151779 -0.207005 
-0.112842 -0.047692 -0.089428 -0.088101 -0.029130 -0.122121 -0.134607 -0.211025 -0.139467 -0.064284 -0.139766 -0.067108 -0.029952 -0.102656 -0.086658 -0.098204 -0.100490 -0.117295 -0.042050 -0.108696 -0.152311 
-0.072053 -0.033894 -0.055019 -0.058462 -0.019120 -0.066603 -0.088434 -0.133106 -0.084098 -0.040806 -0.085626 -0.045171 -0.021500 -0.066344 -0.058307 -0.065214 -0.066307 -0.075837 -0.029603 -0.065458 -0.096839 
-0.030651 -0.019417 -0.020410 -0.028047 -0.008973 -0.011919 -0.041186 -0.054203 -0.028629 -0.017077 -0.031143 -0.022564 -0.012622 -0.029358 -0.029128 -0.031364 -0.031312 -0.033582 -0.016584 -0.022124 -0.040607 
0.011344 -0.004230 0.014385 0.003130 0.001379 0.041869 0.007108 0.025599 0.026901 0.006945 0.023596 0.000707 -0.003275 0.008277 0.000901 0.003340 0.004498 0.009423 -0.002978 0.021254 0.016364 
0.053916 0.011696 0.049353 0.035056 0.012006 0.094703 0.056416 0.106215 0.082459 0.031303 0.078508 0.024639 0.006583 0.046538 0.031798 0.038892 0.041126 0.053134 0.011232 0.064622 0.074059 
0.097044 0.028387 0.084484 0.067716 0.022972 0.146528 0.106711 0.187563 0.138011 0.056035 0.133513 0.049224 0.016990 0.085399 0.063584 0.075285 0.078576 0.097505 0.026058 0.107930 0.132457 
0.140712 0.045869 0.119765 0.101097 0.034342 0.197294 0.157962 0.269563 0.193524 0.081180 0.188532 0.074460 0.027986 0.124838 0.096277 0.112512 0.116849 0.142494 0.041514 0.151130 0.191545 
0.184900 0.064166 0.155186 0.135185 0.046177 0.246954 0.210142 0.352138 0.248970 0.106776 0.243491 0.100339 0.039605 0.164833 0.129896 0.150566 0.155945 0.188057 0.057614 0.194176 0.251304 
0.229590 0.083300 0.190737 0.169965 0.058536 0.295464 0.263223 0.435212 0.304319 0.132857 0.298319 0.126857 0.051884 0.205360 0.164456 0.189438 0.195864 0.234154 0.074370 0.237022 0.311721 
0.274764 0.103293 0.226406 0.205424 0.071478 0.342784 0.317177 0.518713 0.359544 0.159459 0.352946 0.154010 0.064854 0.246398 0.199975 0.229119 0.236606 0.280743 0.091794 0.279627 0.372780 
0.320403 0.124163 0.262185 0.241548 0.085057 0.388879 0.371979 0.602569 0.414620 0.186612 0.407307 0.181791 0.078546 0.287923 0.236468 0.269601 0.278167 0.327784 0.109898 0.321950 0.434468 
0.366490 0.145929 0.298066 0.278322 0.099327 0.433715 0.427602 0.686712 0.469523 0.214349 0.461339 0.210195 0.092991 0.329916 0.273949 0.310876 0.320545 0.375239 0.128694 0.363953 0.496771 
0.413005 0.168606 0.334039 0.315732 0.114339 0.477264 0.484020 0.771075 0.524231 0.242699 0.514983 0.239219 0.108216 0.372355 0.312434 0.352932 0.363735 0.423069 0.148192 0.405599 0.559678 
0.459930 0.192209 0.370097 0.353764 0.130143 0.519501 0.541208 0.855595 0.578723 0.271690 0.568180 0.268856 0.124248 0.415218 0.351933 0.395761 0.407734 0.471237 0.168402 0.446854 0.623175 
0.507248 0.216752 0.406232 0.392403 0.146785 0.560403 0.599142 0.940209 0.632981 0.301348 0.620878 0.299101 0.141110 0.458486 0.392461 0.439352 0.452534 0.519706 0.189334 0.487686 0.687254 
0.554939 0.242246 0.442438 0.431635 0.164311 0.599954 0.657799 1.024857 0.686987 0.331699 0.673024 0.329950 0.158826 0.502139 0.434029 0.483694 0.498130 0.568442 0.210997 0.528063 0.751902 
0.602986 0.268700 0.478708 0.471446 0.182763 0.638138 0.717153 1.109482 0.740724 0.362765 0.724572 0.361397 0.177417 0.546157 0.476647 0.528775 0.544514 0.617409 0.233401 0.567958 0.817111 
0.651371 0.296124 0.515037 0.511820 0.202183 0.674945 0.777183 1.194030 0.794180 0.394570 0.775475 0.393437 0.196902 0.590520 0.520326 0.574585 0.591676 0.666574 0.256552 0.607345 0.882871 
0.700074 0.324524 0.551419 0.552744 0.222609 0.710369 0.837866 1.278445 0.847341 0.427133 0.825691 0.426066 0.217299 0.635210 0.565074 0.621112 0.639607 0.715904 0.280460 0.646198 0.949175 
0.749079 0.353906 0.587849 0.594202 0.244078 0.744405 0.899181 1.362679 0.900196 0.460475 0.875182 0.459278 0.238625 0.680208 0.610901 0.668342 0.688298 0.765367 0.305131 0.684495 1.016015 
0.798367 0.384272 0.624322 0.636180 0.266625 0.777054 0.961105 1.446681 0.952736 0.494611 0.923910 0.493069 0.260893 0.725496 0.657814 0.716264 0.737736 0.814933 0.330572 0.722216 1.083383 
0.847919 0.415626 0.660837 0.678663 0.290282 0.808320 1.023619 1.530406 1.004953 0.529559 0.971843 0.527433 0.284117 0.771056 0.705820 0.764864 0.787909 0.864570 0.356789 0.759343 1.151275 
0.897718 0.447968 0.697387 0.721636 0.315081 0.838210 1.086703 1.613810 1.056841 0.565333 1.018950 0.562365 0.308307 0.816871 0.754924 0.814129 0.838803 0.914250 0.383788 0.795858 1.219684 
0.947745 0.481298 0.733972 0.765085 0.341049 0.866736 1.150335 1.696851 1.108395 0.601945 1.065203 0.597861 0.333473 0.862922 0.805133 0.864044 0.890405 0.963944 0.411575 0.831748 1.288605 
0.997983 0.515612 0.770589 0.808993 0.368213 0.893912 1.214498 1.779488 1.159612 0.639409 1.110578 0.633915 0.359623 0.909195 0.856451 0.914596 0.942700 1.013625 0.440154 0.867000 1.358036 
1.048413 0.550906 0.807236 0.853347 0.396597 0.919758 1.279173 1.861684 1.210491 0.677734 1.155053 0.670523 0.386762 0.955671 0.908882 0.965769 0.995671 1.063266 0.469530 0.901604 1.427972 
1.099018 0.587176 0.843911 0.898131 0.426224 0.944294 1.344342 1.943405 1.261032 0.716928 1.198610 0.707679 0.414896 1.002336 0.962429 1.017548 1.049302 1.112841 0.499706 0.935550 1.498411 
1.149778 0.624414 0.880615 0.943330 0.457114 0.967548 1.409986 2.024617 1.311237 0.756998 1.241232 0.745380 0.444026 1.049173 1.017094 1.069919 1.103574 1.162327 0.530686 0.968834 1.569350 
1.200677 0.662611 0.917346 0.988928 0.489285 0.989547 1.476090 2.105288 1.361109 0.797951 1.282907 0.783619 0.474155 1.096168 1.072878 1.122865 1.158468 1.211698 0.562473 1.001449 1.640790 
1.251696 0.701757 0.954106 1.034911 0.522752 1.010326 1.542637 2.185392 1.410652 0.839791 1.323625 0.822392 0.505281 1.143304 1.129782 1.176369 1.213966 1.260931 0.595068 1.033394 1.712729 
1.302817 0.741841 0.990894 1.081263 0.557531 1.029922 1.609611 2.264900 1.459875 0.882519 1.363380 0.861695 0.537401 1.190569 1.187806 1.230416 1.270045 1.310005 0.628474 1.064669 1.785168 
1.354022 0.782848 1.027712 1.127968 0.593633 1.048374 1.676997 2.343789 1.508784 0.926138 1.402166 0.901522 0.570513 1.237946 1.246949 1.284987 1.326685 1.358899 0.662692 1.095274 1.858107 
1.405293 0.824764 1.064562 1.175012 0.631068 1.065726 1.744779 2.422037 1.557390 0.970647 1.439984 0.941868 0.604610 1.285424 1.307210 1.340066 1.383863 1.407591 0.697723 1.125213 1.931548 
1.456613 0.867573 1.101447 1.222378 0.669843 1.082026 1.812944 2.499625 1.605704 1.016044 1.476835 0.982729 0.639684 1.332987 1.368586 1.395635 1.441555 1.456063 0.733568 1.154493 2.005493 
1.507964 0.911256 1.138368 1.270052 0.709965 1.097326 1.881477 2.576534 1.653738 1.062326 1.512723 1.024100 0.675728 1.380623 1.431073 1.451674 1.499738 1.504295 0.770226 1.183119 2.079946 
1.559326 0.955795 1.175330 1.318017 0.751437 1.111680 1.950366 2.652750 1.701508 1.109488 1.547657 1.065976 0.712730 1.428319 1.494669 1.508167 1.558385 1.552271 0.807696 1.211103 2.154910 
1.610684 1.001167 1.212335 1.366257 0.794260 1.125148 2.019598 2.728259 1.749030 1.157524 1.581648 1.108353 0.750678 1.476064 1.559367 1.565093 1.617470 1.599972 0.845978 1.238455 2.230390 
1.662018 1.047350 1.249390 1.414758 0.838434 1.137790 2.089161 2.803051 1.796321 1.206426 1.614709 1.151225 0.789558 1.523843 1.625163 1.622433 1.676967 1.647384 0.885070 1.265188 2.306390 
1.713311 1.094320 1.286497 1.463503 0.883957 1.149674 2.159043 2.877117 1.843400 1.256184 1.646857 1.194588 0.829353 1.571647 1.692049 1.680168 1.736846 1.694492 0.924970 1.291319 2.382917 
1.764546 1.142051 1.323664 1.512475 0.930824 1.160868 2.229234 2.950450 1.890289 1.306789 1.678110 1.238437 0.870048 1.619464 1.760020 1.738276 1.797080 1.741280 0.965675 1.316865 2.459977 
1.815704 1.190516 1.360895 1.561660 0.979029 1.171446 2.299722 3.023047 1.937011 1.358227 1.708493 1.282767 0.911622 1.667282 1.829066 1.796738 1.857637 1.787736 1.007183 1.341845 2.537577 
1.866767 1.239685 1.398196 1.611042 1.028561 1.181484 2.370497 3.094905 1.983588 1.410486 1.738031 1.327574 0.954055 1.715092 1.899180 1.855532 1.918488 1.833847 1.049489 1.366281 2.615726 
1.917718 1.289529 1.435576 1.660603 1.079411 1.191064 2.441551 3.166025 2.030048 1.463549 1.766751 1.372852 0.997324 1.762883 1.970352 1.914637 1.979600 1.879602 1.092589 1.390196 2.694431 
1.968539 1.340016 1.473041 1.710329 1.131566 1.200269 2.512874 3.236409 2.076417 1.517400 1.794685 1.418599 1.041406 1.810644 2.042571 1.974030 2.040940 1.924990 1.136480 1.413616 2.773703 
2.019213 1.391110 1.510598 1.760202 1.185011 1.209186 2.584459 3.306063 2.122725 1.572021 1.821867 1.464807 1.086274 1.858368 2.115827 2.033691 2.102475 1.970002 1.181155 1.436568 2.853551 
2.069721 1.442779 1.548258 1.810207 1.239728 1.217908 2.656296 3.374992 2.169001 1.627393 1.848335 1.511474 1.131901 1.906043 2.190107 2.093596 2.164170 2.014629 1.226611 1.459082 2.933986 
2.120046 1.494985 1.586027 1.860328 1.295699 1.226529 2.728380 3.443207 2.215278 1.683493 1.874129 1.558593 1.178259 1.953663 2.265400 2.153722 2.225989 2.058862 1.272839 1.481190 3.015019 
2.170170 1.547689 1.623917 1.910547 1.352903 1.235149 2.800703 3.510717 2.261590 1.740299 1.899292 1.606162 1.225315 2.001218 2.341691 2.214046 2.287897 2.102695 1.319835 1.502924 3.096663 
2.220076 1.600852 1.661936 1.960849 1.411315 1.243868 2.873258 3.577539 2.307972 1.797787 1.923870 1.654174 1.273038 2.048700 2.418967 2.274543 2.349855 2.146121 1.367590 1.524320 3.178931 
2.269745 1.654432 1.700095 2.011217 1.470911 1.252794 2.946041 3.643686 2.354461 1.855932 1.947913 1.702626 1.321394 2.096102 2.497212 2.335191 2.411825 2.189136 1.416098 1.545416 3.261835 
2.319161 1.708387 1.738406 2.061634 1.531663 1.262035 3.019047 3.709177 2.401095 1.914706 1.971471 1.751512 1.370346 2.143416 2.576411 2.395963 2.473768 2.231734 1.465350 1.566251 3.345391 
2.368306 1.762672 1.776879 2.112084 1.593543 1.271706 3.092270 3.774033 2.447915 1.974081 1.994600 1.800829 1.419857 2.190635 2.656548 2.456836 2.535645 2.273912 1.515338 1.586867 3.429614 
2.417162 1.817242 1.815526 2.162550 1.656517 1.281923 3.165706 3.838275 2.494963 2.034026 2.017358 1.850571 1.469889 2.237753 2.737605 2.517783 2.597412 2.315668 1.566053 1.607306 3.514518 
2.465712 1.872048 1.854361 2.213016 1.720554 1.292807 3.239353 3.901929 2.542281 2.094509 2.039806 1.900735 1.520399 2.284764 2.819564 2.578779 2.659029 2.357000 1.617485 1.627616 3.600120 
2.513937 1.927041 1.893395 2.263464 1.785616 1.304481 3.313207 3.965022 2.589914 2.155499 2.062007 1.951314 1.571346 2.331661 2.902406 2.639799 2.720453 2.397907 1.669625 1.647842 3.686438 
2.561821 1.982171 1.932643 2.313878 1.851667 1.317074 3.387266 4.027582 2.637910 2.216959 2.084028 2.002306 1.622686 2.378439 2.986112 2.700814 2.781640 2.438389 1.722462 1.668034 3.773489 
2.609346 2.037385 1.972119 2.364241 1.918666 1.330717 3.461527 4.089642 2.686316 2.278854 2.105939 2.053706 1.674371 2.425094 3.070660 2.761798 2.842544 2.478447 1.775985 1.688245 3.861292 
2.656495 2.092630 2.011836 2.414536 1.986571 1.345545 3.535990 4.151234 2.735182 2.341146 2.127812 2.105508 1.726356 2.471620 3.156031 2.822725 2.903120 2.518082 1.830183 1.708527 3.949866 
2.703249 2.147850 2.051811 2.464746 2.055339 1.361697 3.610654 4.212395 2.784559 2.403797 2.149722 2.157709 1.778591 2.518012 3.242202 2.883565 2.963322 2.557299 1.885043 1.728935 4.039230 
2.749593 2.202989 2.092058 2.514853 2.124924 1.379315 3.685518 4.273163 2.834500 2.466765 2.171749 2.210303 1.831024 2.564268 3.329151 2.944292 3.023101 2.596099 1.940554 1.749528 4.129405 
2.795507 2.257987 2.132593 2.564841 2.195277 1.398546 3.760583 4.333578 2.885059 2.530008 2.193974 2.263287 1.883603 2.610382 3.416853 3.004876 3.082409 2.634487 1.996702 1.770364 4.220413 
2.840975 2.312785 2.173434 2.614693 2.266348 1.419540 3.835849 4.393683 2.936294 2.593484 2.216481 2.316657 1.936274 2.656353 3.505284 3.065288 3.141197 2.672470 2.053474 1.791506 4.312276 
2.885979 2.367322 2.214596 2.664390 2.338086 1.442448 3.911318 4.453522 2.988260 2.657146 2.239357 2.370407 1.988981 2.702176 3.594420 3.125500 3.199414 2.710053 2.110856 1.813015 4.405016 
2.930502 2.421534 2.256099 2.713917 2.410434 1.467429 3.986991 4.513142 3.041019 2.720948 2.262692 2.424533 2.041666 2.747850 3.684234 3.185481 3.257009 2.747243 2.168833 1.834959 4.498657 
2.974527 2.475356 2.297959 2.763255 2.483339 1.494644 4.062872 4.572592 3.094630 2.784843 2.286580 2.479030 2.094270 2.793372 3.774700 3.245201 3.313930 2.784048 2.227391 1.857404 4.593222 
3.018036 2.528722 2.340195 2.812386 2.556740 1.524255 4.138963 4.631925 3.149156 2.848780 2.311118 2.533896 2.146733 2.838740 3.865791 3.304630 3.370122 2.820478 2.286515 1.880420 4.688737 
3.061012 2.581565 2.382827 2.861294 2.630577 1.556433 4.215267 4.691193 3.204661 2.912709 2.336403 2.589124 2.198990 2.883952 3.957478 3.363736 3.425533 2.856541 2.346188 1.904078 4.785227 
3.103438 2.633815 2.425874 2.909961 2.704788 1.591347 4.291790 4.750452 3.261211 2.976577 2.362538 2.644710 2.250979 2.929009 4.049732 3.422490 3.480107 2.892249 2.406394 1.928452 4.882718 
3.145296 2.685401 2.469356 2.958369 2.779307 1.629173 4.368534 4.809762 3.318874 3.040330 2.389627 2.700651 2.302632 2.973908 4.142524 3.480858 3.533789 2.927614 2.467116 1.953617 4.981237 
3.186569 2.736250 2.513294 3.006500 2.854069 1.670090 4.445505 4.869180 3.377717 3.103913 2.417780 2.756942 2.353883 3.018649 4.235822 3.538809 3.586520 2.962647 2.528337 1.979650 5.080812 
3.227239 2.786290 2.557708 3.054338 2.929005 1.714280 4.522710 4.928772 3.437812 3.167268 2.447106 2.813579 2.404662 3.063233 4.329596 3.596310 3.638244 2.997362 2.590039 2.006631 5.181471 
3.267291 2.835443 2.602621 3.101863 3.004043 1.761931 4.600153 4.988600 3.499230 3.230337 2.477720 2.870556 2.454898 3.107660 4.423814 3.653328 3.688901 3.031774 2.652204 2.034641 5.283243 
3.306705 2.883633 2.648054 3.149058 3.079111 1.813230 4.677843 5.048732 3.562046 3.293061 2.509738 2.927871 2.504518 3.151930 4.518442 3.709830 3.738433 3.065897 2.714813 2.063764 5.386158 
3.345466 2.930781 2.694031 3.195905 3.154133 1.868373 4.755786 5.109238 3.626334 3.355376 2.543280 2.985518 2.553447 3.196045 4.613447 3.765783 3.786777 3.099747 2.777846 2.094085 5.490246 
3.383555 2.976807 2.740574 3.242386 3.229032 1.927555 4.833989 5.170189 3.692171 3.417222 2.578468 3.043493 2.601611 3.240005 4.708795 3.821152 3.833873 3.133342 2.841284 2.125691 5.595538 
3.420957 3.021629 2.787707 3.288484 3.303730 1.990978 4.912462 5.231658 3.759637 3.478532 2.615429 3.101792 2.648931 3.283813 4.804450 3.875903 3.879659 3.166699 2.905106 2.158672 5.702067 
3.457653 3.065165 2.835454 3.334179 3.378145 2.058847 4.991213 5.293721 3.828810 3.539242 2.654290 3.160411 2.695327 3.327471 4.900376 3.930000 3.924070 3.199836 2.969291 2.193120 5.809864 
3.493626 3.107327 2.883840 3.379454 3.452193 2.131368 5.070251 5.356456 3.899773 3.599284 2.695183 3.219346 2.740719 3.370981 4.996536 3.983410 3.967043 3.232774 3.033819 2.229126 5.918963 
3.528860 3.148032 2.932891 3.424290 3.525790 2.208754 5.149588 5.419944 3.972609 3.658588 2.738242 3.278592 2.785023 3.414346 5.092893 4.036095 4.008511 3.265533 3.098668 2.266788 6.029398 
3.563338 3.187189 2.982631 3.468670 3.598848 2.291220 5.229232 5.484268 4.047403 3.717085 2.783606 3.338145 2.828156 3.457569 5.189409 4.088021 4.048410 3.298134 3.163815 2.306203 6.141203 
3.597041 3.224711 3.033086 3.512574 3.671277 2.378985 5.309195 5.549511 4.124241 3.774702 2.831413 3.398001 2.870031 3.500655 5.286044 4.139150 4.086671 3.330600 3.229237 2.347469 6.254414 
3.629954 3.260505 3.084285 3.555985 3.742986 2.472272 5.389489 5.615762 4.203211 3.831366 2.881808 3.458155 2.910560 3.543607 5.382759 4.189445 4.123227 3.362953 3.294911 2.390688 6.369067 
3.662059 3.294479 3.136253 3.598884 3.813881 2.571306 5.470126 5.683108 4.284402 3.887002 2.934936 3.518604 2.949655 3.586428 5.479512 4.238870 4.158009 3.395218 3.360814 2.435963 6.485199 
3.693339 3.326538 3.189019 3.641252 3.883867 2.676318 5.551118 5.751643 4.367908 3.941534 2.990947 3.579343 2.987223 3.629125 5.576263 4.287387 4.190947 3.427418 3.426921 2.483400 6.602846 
3.723777 3.356587 3.242611 3.683071 3.952845 2.787542 5.632478 5.821458 4.453819 3.994884 3.049992 3.640369 3.023172 3.671702 5.672969 4.334958 4.221969 3.459582 3.493207 2.533107 6.722048 
3.753357 3.384529 3.297058 3.724322 4.020715 2.905213 5.714221 5.892651 4.542230 4.046972 3.112228 3.701676 3.057407 3.714164 5.769586 4.381544 4.251005 3.491734 3.559647 2.585192 6.842842 
3.782060 3.410265 3.352388 3.764986 4.087377 3.029574 5.796361 5.965319 4.633238 4.097718 3.177811 3.763261 3.089833 3.756517 5.866072 4.427106 4.277981 3.523902 3.626216 2.639767 6.965270 
3.809871 3.433693 3.408632 3.805045 4.152725 3.160869 5.878912 6.039563 4.726940 4.147038 3.246902 3.825120 3.120351 3.798767 5.962381 4.471606 4.302824 3.556115 3.692887 2.696946 7.089369 
3.836772 3.454713 3.465819 3.844479 4.216654 3.299345 5.961890 6.115485 4.823436 4.194851 3.319666 3.887249 3.148863 3.840922 6.058469 4.515004 4.325459 3.588402 3.759633 2.756843 7.215183 
3.862747 3.473220 3.523982 3.883271 4.279055 3.445255 6.045310 6.193190 4.922826 4.241069 3.396269 3.949643 3.175265 3.882987 6.154288 4.557259 4.345811 3.620794 3.826428 2.819576 7.342752 
3.887778 3.489109 3.583150 3.921400 4.339819 3.598854 6.129190 6.272785 5.025212 4.285606 3.476881 4.012299 3.199457 3.924970 6.249793 4.598331 4.363803 3.653321 3.893244 2.885264 7.472119 
3.911849 3.502274 3.643356 3.958848 4.398832 3.760401 6.213545 6.354379 5.130700 4.328375 3.561675 4.075212 3.221333 3.966878 6.344935 4.638181 4.379358 3.686016 3.960051 2.954029 7.603326 
3.934943 3.512606 3.704632 3.995596 4.455981 3.930159 6.298395 6.438084 5.239393 4.369284 3.650826 4.138378 3.240787 4.008721 6.439666 4.676765 4.392398 3.718911 4.026823 3.025994 7.736418 
3.957043 3.519996 3.767011 4.031625 4.511150 4.108393 6.383755 6.524013 5.351400 4.408243 3.744512 4.201794 3.257711 4.050504 6.533936 4.714044 4.402844 3.752040 4.093529 3.101284 7.871439 
NaN NaN NaN NaN NaN NaN NaN NaN NaN NaN NaN NaN NaN NaN NaN NaN NaN NaN NaN NaN NaN 
NaN NaN NaN NaN NaN NaN NaN NaN NaN NaN NaN NaN NaN NaN NaN NaN NaN NaN NaN NaN NaN 
NaN NaN NaN NaN NaN NaN NaN NaN NaN NaN NaN NaN NaN NaN NaN NaN NaN NaN NaN NaN NaN 
NaN NaN NaN NaN NaN NaN NaN NaN NaN NaN NaN NaN NaN NaN NaN NaN NaN NaN NaN NaN NaN 
