NaN NaN NaN NaN NaN NaN NaN NaN NaN NaN NaN NaN NaN NaN NaN NaN NaN NaN NaN NaN NaN 
NaN NaN NaN NaN NaN NaN NaN NaN NaN NaN NaN NaN NaN NaN NaN NaN NaN NaN NaN NaN NaN 
NaN NaN NaN NaN NaN NaN NaN NaN NaN NaN NaN NaN NaN NaN NaN NaN NaN NaN NaN NaN NaN 
NaN NaN NaN NaN NaN NaN NaN NaN NaN NaN NaN NaN NaN NaN NaN NaN NaN NaN NaN NaN NaN 
NaN NaN NaN NaN NaN NaN NaN NaN NaN NaN NaN NaN NaN NaN NaN NaN NaN NaN NaN NaN NaN 
-0.370746 -0.227661 -0.667321 -0.614175 -0.766108 -0.700518 -0.796686 -0.541322 -0.827030 -0.763692 -0.522955 -0.423664 -0.433125 -0.397395 -0.585929 -0.660636 -0.411945 -0.394681 -0.557879 -0.481106 -0.663492 
-0.384772 -0.233172 -0.674665 -0.625272 -0.754269 -0.697515 -0.814171 -0.568258 -0.824107 -0.754732 -0.533213 -0.431270 -0.438676 -0.409376 -0.582908 -0.664083 -0.421523 -0.401431 -0.556999 -0.500273 -0.686021 
-0.397833 -0.238223 -0.680983 -0.635160 -0.742456 -0.693968 -0.829916 -0.593024 -0.820465 -0.745649 -0.542277 -0.438055 -0.443622 -0.420322 -0.579734 -0.666721 -0.430251 -0.407445 -0.555585 -0.517846 -0.706747 
-0.409931 -0.242816 -0.686289 -0.643856 -0.730659 -0.689885 -0.843946 -0.615666 -0.816115 -0.736432 -0.550170 -0.444031 -0.447962 -0.430250 -0.576394 -0.668557 -0.438138 -0.412732 -0.553646 -0.533852 -0.725694 
-0.421072 -0.246956 -0.690594 -0.651379 -0.718866 -0.685275 -0.856288 -0.636228 -0.811070 -0.727071 -0.556918 -0.449209 -0.451698 -0.439173 -0.572872 -0.669600 -0.445191 -0.417304 -0.551191 -0.548323 -0.742886 
-0.431261 -0.250647 -0.693912 -0.657748 -0.707066 -0.680144 -0.866968 -0.654755 -0.805344 -0.717555 -0.562546 -0.453601 -0.454831 -0.447106 -0.569154 -0.669859 -0.451417 -0.421169 -0.548227 -0.561286 -0.758343 
-0.440501 -0.253891 -0.696256 -0.662981 -0.695249 -0.674501 -0.876012 -0.671291 -0.798947 -0.707875 -0.567076 -0.457217 -0.457359 -0.454064 -0.565227 -0.669342 -0.456826 -0.424337 -0.544764 -0.572770 -0.772091 
-0.448797 -0.256694 -0.697637 -0.667095 -0.683404 -0.668352 -0.883444 -0.685877 -0.791893 -0.698020 -0.570533 -0.460070 -0.459286 -0.460062 -0.561076 -0.668058 -0.461424 -0.426819 -0.540809 -0.582804 -0.784151 
-0.456155 -0.259057 -0.698069 -0.670107 -0.671519 -0.661704 -0.889291 -0.698558 -0.784192 -0.687981 -0.572941 -0.462170 -0.460610 -0.465112 -0.556687 -0.666015 -0.465220 -0.428622 -0.536371 -0.591415 -0.794545 
-0.462579 -0.260985 -0.697563 -0.672035 -0.659584 -0.654565 -0.893577 -0.709375 -0.775856 -0.677747 -0.574322 -0.463528 -0.461334 -0.469231 -0.552046 -0.663221 -0.468222 -0.429758 -0.531458 -0.598632 -0.803296 
-0.468074 -0.262482 -0.696131 -0.672896 -0.647588 -0.646940 -0.896327 -0.718369 -0.766896 -0.667309 -0.574699 -0.464154 -0.461458 -0.472431 -0.547141 -0.659685 -0.470436 -0.430235 -0.526076 -0.604481 -0.810425 
-0.472645 -0.263549 -0.693785 -0.672706 -0.635521 -0.638837 -0.897565 -0.725582 -0.757324 -0.656659 -0.574096 -0.464060 -0.460983 -0.474726 -0.541957 -0.655413 -0.471871 -0.430061 -0.520234 -0.608989 -0.815955 
-0.476298 -0.264191 -0.690537 -0.671482 -0.623371 -0.630261 -0.897316 -0.731054 -0.747149 -0.645787 -0.572534 -0.463256 -0.459910 -0.476132 -0.536482 -0.650415 -0.472534 -0.429247 -0.513940 -0.612184 -0.819906 
-0.479038 -0.264411 -0.686398 -0.669240 -0.611128 -0.621218 -0.895602 -0.734824 -0.736381 -0.634683 -0.570035 -0.461753 -0.458241 -0.476660 -0.530703 -0.644699 -0.472433 -0.427800 -0.507199 -0.614092 -0.822301 
-0.480869 -0.264211 -0.681379 -0.665996 -0.598780 -0.611714 -0.892447 -0.736932 -0.725032 -0.623340 -0.566622 -0.459559 -0.455977 -0.476326 -0.524606 -0.638272 -0.471576 -0.425730 -0.500020 -0.614738 -0.823160 
-0.481799 -0.263596 -0.675491 -0.661765 -0.586319 -0.601755 -0.887874 -0.737417 -0.713111 -0.611748 -0.562314 -0.456686 -0.453119 -0.475142 -0.518179 -0.631142 -0.469969 -0.423044 -0.492409 -0.614150 -0.822505 
-0.481832 -0.262567 -0.668745 -0.656563 -0.573731 -0.591346 -0.881906 -0.736316 -0.700627 -0.599899 -0.557135 -0.453144 -0.449670 -0.473121 -0.511409 -0.623316 -0.467621 -0.419751 -0.484372 -0.612351 -0.820356 
-0.480975 -0.261128 -0.661152 -0.650405 -0.561008 -0.580492 -0.874566 -0.733668 -0.687590 -0.587785 -0.551103 -0.448942 -0.445630 -0.470279 -0.504285 -0.614803 -0.464538 -0.415860 -0.475917 -0.609369 -0.816734 
-0.479232 -0.259282 -0.652721 -0.643306 -0.548138 -0.569199 -0.865876 -0.729510 -0.674009 -0.575398 -0.544241 -0.444090 -0.441001 -0.466626 -0.496793 -0.605610 -0.460729 -0.411377 -0.467050 -0.605226 -0.811659 
-0.476611 -0.257031 -0.643465 -0.635280 -0.535111 -0.557470 -0.855857 -0.723877 -0.659892 -0.562729 -0.536568 -0.438597 -0.435785 -0.462177 -0.488922 -0.595745 -0.456200 -0.406312 -0.457776 -0.599949 -0.805151 
-0.473117 -0.254379 -0.633392 -0.626341 -0.521916 -0.545310 -0.844532 -0.716806 -0.645248 -0.549772 -0.528104 -0.432473 -0.429984 -0.456945 -0.480660 -0.585215 -0.450958 -0.400672 -0.448102 -0.593562 -0.797230 
-0.468757 -0.251327 -0.622512 -0.616505 -0.508542 -0.532725 -0.831921 -0.708333 -0.630086 -0.536518 -0.518869 -0.425727 -0.423600 -0.450942 -0.471995 -0.574027 -0.445012 -0.394464 -0.438035 -0.586087 -0.787917 
-0.463537 -0.247879 -0.610836 -0.605784 -0.494980 -0.519717 -0.818046 -0.698492 -0.614413 -0.522959 -0.508881 -0.418368 -0.416635 -0.444181 -0.462916 -0.562189 -0.438367 -0.387697 -0.427578 -0.577550 -0.777230 
-0.457462 -0.244036 -0.598373 -0.594192 -0.481218 -0.506291 -0.802927 -0.687318 -0.598237 -0.509090 -0.498161 -0.410405 -0.409091 -0.436675 -0.453411 -0.549708 -0.431032 -0.380376 -0.416739 -0.567973 -0.765190 
-0.450541 -0.239802 -0.585132 -0.581742 -0.467246 -0.492451 -0.786585 -0.674844 -0.581566 -0.494902 -0.486727 -0.401847 -0.400971 -0.428437 -0.443470 -0.536591 -0.423013 -0.372511 -0.405522 -0.557380 -0.751815 
-0.442779 -0.235180 -0.571122 -0.568448 -0.453053 -0.478200 -0.769039 -0.661104 -0.564407 -0.480389 -0.474597 -0.392703 -0.392276 -0.419478 -0.433080 -0.522845 -0.414317 -0.364106 -0.393933 -0.545794 -0.737124 
-0.434184 -0.230170 -0.556353 -0.554323 -0.438630 -0.463541 -0.750310 -0.646130 -0.546766 -0.465543 -0.461790 -0.382981 -0.383010 -0.409811 -0.422231 -0.508478 -0.404952 -0.355171 -0.381976 -0.533236 -0.721136 
-0.424761 -0.224776 -0.540834 -0.539378 -0.423965 -0.448477 -0.730418 -0.629955 -0.528651 -0.450359 -0.448322 -0.372689 -0.373174 -0.399449 -0.410913 -0.493495 -0.394924 -0.345710 -0.369657 -0.519729 -0.703870 
-0.414519 -0.218999 -0.524573 -0.523626 -0.409049 -0.433012 -0.709380 -0.612609 -0.510068 -0.434831 -0.434213 -0.361837 -0.362771 -0.388404 -0.399114 -0.477905 -0.384240 -0.335732 -0.356981 -0.505295 -0.685344 
-0.403464 -0.212843 -0.507578 -0.507078 -0.393870 -0.417149 -0.687217 -0.594124 -0.491024 -0.418950 -0.419479 -0.350431 -0.351805 -0.376687 -0.386825 -0.461713 -0.372908 -0.325242 -0.343951 -0.489956 -0.665577 
-0.391604 -0.206308 -0.489858 -0.489748 -0.378419 -0.400888 -0.663947 -0.574531 -0.471523 -0.402713 -0.404138 -0.338480 -0.340277 -0.364310 -0.374035 -0.444927 -0.360933 -0.314246 -0.330572 -0.473732 -0.644586 
-0.378945 -0.199398 -0.471421 -0.471646 -0.362684 -0.384234 -0.639588 -0.553859 -0.451572 -0.386112 -0.388205 -0.325992 -0.328191 -0.351286 -0.360734 -0.427553 -0.348323 -0.302751 -0.316849 -0.456645 -0.622389 
-0.365495 -0.192113 -0.452276 -0.452784 -0.346657 -0.367188 -0.614158 -0.532138 -0.431176 -0.369143 -0.371697 -0.312975 -0.315550 -0.337626 -0.346913 -0.409599 -0.335084 -0.290764 -0.302785 -0.438715 -0.599004 
-0.351262 -0.184456 -0.432429 -0.433171 -0.330326 -0.349751 -0.587676 -0.509397 -0.410340 -0.351799 -0.354631 -0.299436 -0.302356 -0.323341 -0.332561 -0.391069 -0.321224 -0.278289 -0.288385 -0.419963 -0.574448 
-0.336254 -0.176430 -0.411889 -0.412820 -0.313682 -0.331926 -0.560158 -0.485663 -0.389070 -0.334075 -0.337021 -0.285382 -0.288614 -0.308443 -0.317668 -0.371971 -0.306748 -0.265333 -0.273651 -0.400409 -0.548739 
-0.320477 -0.168034 -0.390663 -0.391741 -0.296713 -0.313714 -0.531621 -0.460965 -0.367370 -0.315966 -0.318885 -0.270822 -0.274325 -0.292943 -0.302227 -0.352312 -0.291663 -0.251901 -0.258589 -0.380072 -0.521894 
-0.303941 -0.159272 -0.368758 -0.369943 -0.279410 -0.295116 -0.502083 -0.435330 -0.345243 -0.297467 -0.300236 -0.255761 -0.259494 -0.276853 -0.286226 -0.332096 -0.275977 -0.237999 -0.243200 -0.358972 -0.493929 
-0.286653 -0.150144 -0.346181 -0.347437 -0.261763 -0.276134 -0.471559 -0.408784 -0.322696 -0.278573 -0.281090 -0.240207 -0.244123 -0.260184 -0.269658 -0.311332 -0.259695 -0.223631 -0.227489 -0.337127 -0.464861 
-0.268621 -0.140653 -0.322939 -0.324233 -0.243761 -0.256768 -0.440067 -0.381353 -0.299730 -0.259280 -0.261462 -0.224168 -0.228217 -0.242947 -0.252513 -0.290024 -0.242824 -0.208805 -0.211458 -0.314558 -0.434706 
-0.249853 -0.130800 -0.299039 -0.300339 -0.225394 -0.237018 -0.407622 -0.353063 -0.276350 -0.239582 -0.241365 -0.207649 -0.211779 -0.225152 -0.234782 -0.268180 -0.225370 -0.193523 -0.195110 -0.291281 -0.403482 
-0.230357 -0.120587 -0.274487 -0.275765 -0.206652 -0.216886 -0.374240 -0.323939 -0.252559 -0.219476 -0.220814 -0.190658 -0.194813 -0.206811 -0.216457 -0.245804 -0.207341 -0.177792 -0.178448 -0.267317 -0.371203 
-0.210143 -0.110014 -0.249291 -0.250520 -0.187525 -0.196372 -0.339935 -0.294006 -0.228360 -0.198957 -0.199822 -0.173200 -0.177322 -0.187934 -0.197530 -0.222903 -0.188741 -0.161616 -0.161475 -0.242681 -0.337886 
-0.189218 -0.099083 -0.223455 -0.224612 -0.168003 -0.175475 -0.304724 -0.263286 -0.203756 -0.178022 -0.178403 -0.155283 -0.159310 -0.168532 -0.177992 -0.199483 -0.169578 -0.144999 -0.144193 -0.217392 -0.303547 
-0.167591 -0.087796 -0.196985 -0.198050 -0.148076 -0.154195 -0.268621 -0.231804 -0.178750 -0.156666 -0.156570 -0.136912 -0.140782 -0.148615 -0.157835 -0.175550 -0.149857 -0.127947 -0.126603 -0.191468 -0.268200 
-0.145271 -0.076153 -0.169889 -0.170842 -0.127733 -0.132532 -0.231640 -0.199583 -0.153343 -0.134886 -0.134336 -0.118094 -0.121741 -0.128194 -0.137052 -0.151109 -0.129585 -0.110463 -0.108710 -0.164924 -0.231861 
-0.122267 -0.064156 -0.142171 -0.142996 -0.106965 -0.110486 -0.193796 -0.166644 -0.127539 -0.112678 -0.111714 -0.098834 -0.102192 -0.107278 -0.115633 -0.126165 -0.108768 -0.092552 -0.090513 -0.137779 -0.194546 
-0.098588 -0.051805 -0.113837 -0.114520 -0.085762 -0.088056 -0.155102 -0.133009 -0.101338 -0.090039 -0.088715 -0.079138 -0.082138 -0.085879 -0.093573 -0.100726 -0.087413 -0.074218 -0.072015 -0.110048 -0.156269 
-0.074242 -0.039103 -0.084891 -0.085420 -0.064114 -0.065240 -0.115572 -0.098699 -0.074742 -0.066966 -0.065352 -0.059012 -0.061584 -0.064006 -0.070863 -0.074795 -0.065525 -0.055465 -0.053218 -0.081746 -0.117045 
-0.049240 -0.026049 -0.055340 -0.055704 -0.042010 -0.042038 -0.075219 -0.063735 -0.047752 -0.043456 -0.041636 -0.038462 -0.040535 -0.041669 -0.047496 -0.048379 -0.043110 -0.036296 -0.034122 -0.052891 -0.076887 
-0.023589 -0.012644 -0.025188 -0.025378 -0.019441 -0.018448 -0.034056 -0.028137 -0.020370 -0.019506 -0.017578 -0.017492 -0.018994 -0.018878 -0.023465 -0.021483 -0.020174 -0.016715 -0.014730 -0.023497 -0.035812 
0.002699 0.001110 0.005560 0.005550 0.003603 0.005532 0.007904 0.008076 0.007404 0.004887 0.006809 0.003892 0.003033 0.004357 0.001237 0.005888 0.003277 0.003274 0.004958 0.006420 0.006168 
0.029617 0.015212 0.036900 0.037074 0.027132 0.029903 0.050649 0.044885 0.035569 0.029725 0.031517 0.025685 0.025541 0.028027 0.026617 0.033729 0.027236 0.023668 0.024941 0.036846 0.049038 
0.057153 0.029663 0.068827 0.069189 0.051156 0.054667 0.094167 0.082271 0.064126 0.055010 0.056533 0.047881 0.048527 0.052122 0.052681 0.062034 0.051698 0.044463 0.045218 0.067766 0.092785 
0.085299 0.044462 0.101337 0.101889 0.075684 0.079827 0.138446 0.120217 0.093074 0.080744 0.081848 0.070477 0.071985 0.076633 0.079436 0.090798 0.076658 0.065658 0.065789 0.099165 0.137395 
0.114045 0.059607 0.134427 0.135168 0.100728 0.105385 0.183474 0.158705 0.122414 0.106930 0.107452 0.093467 0.095910 0.101551 0.106888 0.120017 0.102109 0.087248 0.086652 0.131031 0.182855 
0.143380 0.075099 0.168091 0.169021 0.126295 0.131343 0.229241 0.197718 0.152145 0.133569 0.133335 0.116847 0.120297 0.126865 0.135043 0.149686 0.128046 0.109231 0.107809 0.163349 0.229152 
0.173295 0.090937 0.202328 0.203442 0.152397 0.157705 0.275735 0.237242 0.182270 0.160663 0.159489 0.140613 0.145141 0.152569 0.163908 0.179798 0.154463 0.131604 0.129258 0.196107 0.276273 
0.203780 0.107121 0.237132 0.238428 0.179042 0.184473 0.322946 0.277259 0.212789 0.188214 0.185904 0.164760 0.170437 0.178651 0.193487 0.210351 0.181354 0.154365 0.151001 0.229290 0.324204 
0.234823 0.123650 0.272501 0.273973 0.206241 0.211651 0.370864 0.317754 0.243703 0.216221 0.212571 0.189284 0.196179 0.205104 0.223787 0.241339 0.208714 0.177512 0.173036 0.262886 0.372935 
0.266415 0.140525 0.308432 0.310074 0.234003 0.239242 0.419478 0.358715 0.275014 0.244688 0.239482 0.214181 0.222362 0.231918 0.254813 0.272757 0.236537 0.201042 0.195364 0.296884 0.422451 
0.298546 0.157744 0.344921 0.346726 0.262338 0.267250 0.468780 0.400125 0.306724 0.273614 0.266628 0.239447 0.248981 0.259086 0.286570 0.304601 0.264818 0.224953 0.217987 0.331271 0.472742 
0.331204 0.175308 0.381967 0.383925 0.291256 0.295678 0.518759 0.441972 0.338835 0.303000 0.294003 0.265078 0.276030 0.286598 0.319064 0.336866 0.293551 0.249243 0.240905 0.366035 0.523795 
0.364379 0.193217 0.419566 0.421669 0.320767 0.324531 0.569406 0.484244 0.371350 0.332848 0.321599 0.291072 0.303504 0.314446 0.352300 0.369548 0.322731 0.273910 0.264118 0.401164 0.575598 
0.398060 0.211471 0.457716 0.459954 0.350879 0.353813 0.620714 0.526927 0.404270 0.363157 0.349407 0.317424 0.331395 0.342622 0.386281 0.402642 0.352352 0.298953 0.287628 0.436648 0.628141 
0.432236 0.230070 0.496414 0.498777 0.381602 0.383529 0.672672 0.570010 0.437599 0.393927 0.377423 0.344131 0.359700 0.371117 0.421014 0.436145 0.382409 0.324371 0.311436 0.472476 0.681411 
0.466896 0.249014 0.535660 0.538135 0.412947 0.413682 0.725274 0.613482 0.471341 0.425159 0.405637 0.371190 0.388411 0.399924 0.456502 0.470051 0.412898 0.350161 0.335543 0.508637 0.735397 
0.502030 0.268303 0.575450 0.578027 0.444922 0.444279 0.778511 0.657332 0.505498 0.456853 0.434046 0.398598 0.417523 0.429035 0.492750 0.504358 0.443812 0.376322 0.359952 0.545120 0.790089 
0.537625 0.287938 0.615784 0.618449 0.477538 0.475323 0.832375 0.701550 0.540074 0.489008 0.462641 0.426352 0.447030 0.458441 0.529762 0.539060 0.475146 0.402855 0.384663 0.581917 0.845475 
0.573670 0.307919 0.656659 0.659400 0.510803 0.506821 0.886860 0.746127 0.575074 0.521623 0.491418 0.454449 0.476925 0.488135 0.567541 0.574154 0.506896 0.429756 0.409678 0.619017 0.901546 
0.610154 0.328246 0.698075 0.700878 0.544727 0.538778 0.941958 0.791052 0.610501 0.554699 0.520371 0.482888 0.507201 0.518109 0.606093 0.609635 0.539055 0.457027 0.435000 0.656411 0.958290 
0.647065 0.348920 0.740030 0.742882 0.579320 0.571199 0.997662 0.836319 0.646359 0.588235 0.549496 0.511664 0.537854 0.548356 0.645419 0.645501 0.571620 0.484665 0.460631 0.694090 1.015698 
0.684391 0.369941 0.782523 0.785411 0.614591 0.604090 1.053967 0.881919 0.682655 0.622229 0.578786 0.540776 0.568876 0.578868 0.685525 0.681747 0.604585 0.512672 0.486573 0.732045 1.073759 
0.722122 0.391310 0.825554 0.828464 0.650550 0.637459 1.110866 0.927845 0.719391 0.656681 0.608238 0.570222 0.600260 0.609637 0.726413 0.718369 0.637945 0.541045 0.512829 0.770268 1.132465 
0.760244 0.413028 0.869122 0.872040 0.687205 0.671310 1.168353 0.974089 0.756575 0.691588 0.637847 0.599999 0.632001 0.640658 0.768086 0.755364 0.671694 0.569785 0.539402 0.808751 1.191804 
0.798746 0.435095 0.913227 0.916139 0.724567 0.705650 1.226423 1.020647 0.794211 0.726951 0.667610 0.630106 0.664090 0.671922 0.810547 0.792728 0.705830 0.598892 0.566293 0.847486 1.251769 
0.837615 0.457512 0.957867 0.960761 0.762644 0.740486 1.285070 1.067511 0.832305 0.762766 0.697522 0.660541 0.696522 0.703422 0.853800 0.830458 0.740345 0.628366 0.593508 0.886466 1.312349 
0.876839 0.480280 1.003044 1.005906 0.801446 0.775826 1.344290 1.114677 0.870863 0.799033 0.727580 0.691302 0.729289 0.735152 0.897846 0.868550 0.775236 0.658207 0.621048 0.925683 1.373536 
0.916407 0.503399 1.048757 1.051575 0.840982 0.811675 1.404078 1.162140 0.909891 0.835749 0.757781 0.722387 0.762385 0.767105 0.942689 0.907001 0.810498 0.688416 0.648916 0.965130 1.435321 
0.956305 0.526872 1.095007 1.097767 0.881262 0.848043 1.464430 1.209896 0.949397 0.872912 0.788123 0.753796 0.795801 0.799275 0.988331 0.945807 0.846126 0.718992 0.677118 1.004801 1.497695 
0.996521 0.550698 1.141794 1.144485 0.922294 0.884935 1.525341 1.257942 0.989386 0.910520 0.818603 0.785527 0.829532 0.831653 1.034773 0.984966 0.882116 0.749937 0.705656 1.044690 1.560650 
1.037042 0.574880 1.189118 1.191729 0.964088 0.922359 1.586809 1.306274 1.029866 0.948570 0.849218 0.817579 0.863570 0.864235 1.082019 1.024474 0.918462 0.781251 0.734533 1.084790 1.624177 
1.077855 0.599417 1.236982 1.239500 1.006654 0.960325 1.648829 1.354891 1.070844 0.987060 0.879967 0.849952 0.897907 0.897014 1.130069 1.064329 0.955160 0.812935 0.763755 1.125096 1.688270 
1.118948 0.624312 1.285384 1.287801 1.050000 0.998839 1.711398 1.403790 1.112328 1.025987 0.910849 0.882643 0.932535 0.929983 1.178925 1.104526 0.992206 0.844990 0.793326 1.165603 1.752919 
1.160307 0.649566 1.334328 1.336634 1.094135 1.037911 1.774514 1.452970 1.154325 1.065347 0.941861 0.915653 0.967449 0.963136 1.228590 1.145064 1.029595 0.877418 0.823249 1.206306 1.818117 
1.201919 0.675180 1.383814 1.386000 1.139070 1.077548 1.838174 1.502430 1.196844 1.105138 0.973002 0.948980 1.002638 0.996468 1.279064 1.185939 1.067323 0.910219 0.853529 1.247199 1.883858 
1.243772 0.701155 1.433844 1.435902 1.184811 1.117760 1.902376 1.552171 1.239893 1.145357 1.004273 0.982625 1.038097 1.029972 1.330348 1.227149 1.105386 0.943396 0.884172 1.288279 1.950133 
1.285851 0.727493 1.484419 1.486343 1.231370 1.158556 1.967118 1.602192 1.283480 1.185999 1.035673 1.016588 1.073817 1.063643 1.382444 1.268690 1.143778 0.976949 0.915181 1.329542 2.016935 
1.328143 0.754196 1.535541 1.537327 1.278755 1.199944 2.032398 1.652494 1.327615 1.227062 1.067201 1.050868 1.109789 1.097475 1.435353 1.310561 1.182496 1.010881 0.946562 1.370982 2.084258 
1.370635 0.781264 1.587213 1.588855 1.326975 1.241934 2.098216 1.703079 1.372307 1.268540 1.098857 1.085464 1.146007 1.131462 1.489074 1.352758 1.221535 1.045193 0.978320 1.412598 2.152096 
1.413313 0.808701 1.639437 1.640932 1.376039 1.284536 2.164569 1.753949 1.417565 1.310431 1.130643 1.120378 1.182462 1.165599 1.543609 1.395280 1.260891 1.079887 1.010461 1.454386 2.220441 
1.456163 0.836507 1.692215 1.693562 1.425956 1.327759 2.231457 1.805106 1.463399 1.352730 1.162559 1.155610 1.219146 1.199881 1.598959 1.438123 1.300560 1.114966 1.042989 1.496342 2.289287 
1.499172 0.864685 1.745550 1.746748 1.476735 1.371614 2.298880 1.856554 1.509818 1.395433 1.194606 1.191159 1.256050 1.234302 1.655122 1.481286 1.340538 1.150432 1.075912 1.538465 2.358629 
1.542324 0.893235 1.799444 1.800496 1.528385 1.416110 2.366838 1.908296 1.556833 1.438535 1.226784 1.227028 1.293167 1.268857 1.712100 1.524765 1.380821 1.186287 1.109233 1.580752 2.428460 
1.585607 0.922161 1.853901 1.854808 1.580915 1.461259 2.435330 1.960336 1.604454 1.482031 1.259097 1.263215 1.330487 1.303540 1.769892 1.568560 1.421404 1.222534 1.142961 1.623201 2.498775 
1.629006 0.951464 1.908924 1.909692 1.634334 1.507070 2.504358 2.012679 1.652693 1.525917 1.291546 1.299722 1.368002 1.338348 1.828497 1.612667 1.462284 1.259176 1.177099 1.665810 2.569569 
1.672506 0.981147 1.964516 1.965150 1.688650 1.553555 2.573921 2.065331 1.701559 1.570187 1.324132 1.336550 1.405704 1.373275 1.887916 1.657085 1.503457 1.296216 1.211656 1.708579 2.640836 
1.716093 1.011210 2.020681 2.021189 1.743874 1.600724 2.644022 2.118296 1.751064 1.614837 1.356860 1.373701 1.443583 1.408317 1.948148 1.701811 1.544918 1.333656 1.246638 1.751505 2.712571 
1.759753 1.041658 2.077422 2.077815 1.800012 1.648589 2.714661 2.171583 1.801221 1.659860 1.389730 1.411175 1.481631 1.443468 2.009192 1.746844 1.586664 1.371500 1.282051 1.794588 2.784769 
1.803470 1.072491 2.134744 2.135033 1.857075 1.697161 2.785840 2.225196 1.852039 1.705252 1.422748 1.448973 1.519839 1.478725 2.071048 1.792182 1.628691 1.409750 1.317902 1.837828 2.857425 
1.847231 1.103712 2.192650 2.192849 1.915071 1.746452 2.857561 2.279145 1.903532 1.751006 1.455915 1.487098 1.558198 1.514083 2.133713 1.837823 1.670996 1.448412 1.354198 1.881225 2.930536 
1.891020 1.135324 2.251145 2.251270 1.974010 1.796474 2.929826 2.333437 1.955712 1.797118 1.489236 1.525551 1.596699 1.549538 2.197186 1.883766 1.713573 1.487487 1.390946 1.924779 3.004097 
1.934822 1.167329 2.310233 2.310302 2.033898 1.847238 3.002638 2.388081 2.008590 1.843579 1.522714 1.564333 1.635333 1.585085 2.261467 1.930008 1.756421 1.526980 1.428154 1.968489 3.078103 
1.978622 1.199729 2.369918 2.369953 2.094746 1.898758 3.075999 2.443085 2.062181 1.890385 1.556354 1.603447 1.674090 1.620721 2.326554 1.976548 1.799535 1.566895 1.465829 2.012358 3.152551 
2.022405 1.232528 2.430206 2.430229 2.156563 1.951044 3.149913 2.498460 2.116497 1.937529 1.590161 1.642895 1.712961 1.656441 2.392445 2.023385 1.842911 1.607236 1.503979 2.056386 3.227437 
2.066156 1.265727 2.491102 2.491138 2.219356 2.004111 3.224383 2.554215 2.171551 1.985005 1.624140 1.682679 1.751937 1.692242 2.459137 2.070517 1.886546 1.648006 1.542611 2.100574 3.302758 
2.109858 1.299329 2.552610 2.552687 2.283134 2.057971 3.299414 2.610363 2.227357 2.032805 1.658295 1.722801 1.791007 1.728120 2.526630 2.117943 1.930436 1.689211 1.581735 2.144924 3.378510 
2.153497 1.333338 2.614736 2.614885 2.347907 2.112636 3.375008 2.666913 2.283928 2.080922 1.692632 1.763263 1.830163 1.764071 2.594920 2.165662 1.974578 1.730854 1.621357 2.189439 3.454691 
2.197057 1.367756 2.677485 2.677739 2.413682 2.168121 3.451170 2.723878 2.341280 2.129350 1.727157 1.804070 1.869395 1.800092 2.664005 2.213672 2.018969 1.772941 1.661486 2.234120 3.531296 
2.240522 1.402586 2.740864 2.741259 2.480469 2.224439 3.527905 2.781270 2.399425 2.178082 1.761876 1.845222 1.908692 1.836179 2.733883 2.261972 2.063605 1.815475 1.702130 2.278970 3.608325 
2.283877 1.437830 2.804877 2.805452 2.548275 2.281603 3.605218 2.839102 2.458379 2.227109 1.796795 1.886723 1.948045 1.872329 2.804551 2.310561 2.108482 1.858463 1.743300 2.323992 3.685773 
2.327104 1.473493 2.869532 2.870329 2.617110 2.339628 3.683114 2.897389 2.518157 2.276425 1.831921 1.928577 1.987444 1.908539 2.876006 2.359439 2.153598 1.901908 1.785002 2.369189 3.763640 
2.370189 1.509577 2.934834 2.935897 2.686982 2.398527 3.761599 2.956143 2.578774 2.326021 1.867261 1.970785 2.026879 1.944806 2.948244 2.408604 2.198949 1.945816 1.827246 2.414565 3.841922 
2.413114 1.546084 3.000790 3.002167 2.757900 2.458314 3.840678 3.015380 2.640244 2.375889 1.902822 2.013353 2.066340 1.981127 3.021263 2.458055 2.244532 1.990192 1.870042 2.460123 3.920618 
2.455864 1.583020 3.067406 3.069148 2.829871 2.519005 3.920357 3.075114 2.702584 2.426022 1.938612 2.056282 2.105816 2.017498 3.095060 2.507792 2.290343 2.035042 1.913398 2.505868 3.999725 
2.498423 1.620385 3.134689 3.136850 2.902905 2.580614 4.000644 3.135362 2.765810 2.476411 1.974639 2.099577 2.145297 2.053918 3.169630 2.557813 2.336380 2.080371 1.957324 2.551804 4.079244 
2.540772 1.658185 3.202646 3.205284 2.977010 2.643156 4.081544 3.196140 2.829938 2.527048 2.010910 2.143241 2.184772 2.090383 3.244970 2.608119 2.382640 2.126185 2.001830 2.597936 4.159171 
2.582897 1.696423 3.271284 3.274460 3.052194 2.706645 4.163064 3.257465 2.894984 2.577923 2.047435 2.187279 2.224231 2.126891 3.321076 2.658709 2.429119 2.172490 2.046926 2.644269 4.239507 
2.624780 1.735101 3.340611 3.344388 3.128466 2.771098 4.245213 3.319353 2.960965 2.629029 2.084221 2.231693 2.263664 2.163440 3.397944 2.709582 2.475814 2.219292 2.092621 2.690809 4.320249 
2.666405 1.774223 3.410633 3.415081 3.205834 2.836530 4.327997 3.381824 3.027897 2.680355 2.121279 2.276489 2.303059 2.200027 3.475569 2.760737 2.522723 2.266597 2.138926 2.737560 4.401398 
2.707754 1.813794 3.481359 3.486549 3.284307 2.902956 4.411425 3.444895 3.095799 2.731894 2.158616 2.321671 2.342407 2.236649 3.553948 2.812175 2.569843 2.314411 2.185851 2.784529 4.482953 
2.748810 1.853816 3.552797 3.558803 3.363892 2.970393 4.495504 3.508586 3.164687 2.783636 2.196244 2.367243 2.381695 2.273306 3.633076 2.863895 2.617170 2.362741 2.233407 2.831723 4.564914 
2.789556 1.894294 3.624954 3.631856 3.444598 3.038856 4.580243 3.572916 3.234579 2.835570 2.234171 2.413209 2.420913 2.309994 3.712948 2.915897 2.664702 2.411593 2.281603 2.879147 4.647279 
2.829975 1.935231 3.697839 3.705720 3.526434 3.108362 4.665651 3.637906 3.305493 2.887689 2.272408 2.459574 2.460049 2.346713 3.793559 2.968181 2.712437 2.460974 2.330452 2.926809 4.730050 
2.870050 1.976631 3.771459 3.780407 3.609407 3.178928 4.751738 3.703575 3.377448 2.939980 2.310965 2.506344 2.499094 2.383459 3.874904 3.020747 2.760370 2.510891 2.379963 2.974716 4.813227 
2.909762 2.018498 3.845825 3.855929 3.693527 3.250570 4.838512 3.769946 3.450462 2.992436 2.349854 2.553523 2.538035 2.420232 3.956978 3.073595 2.808501 2.561351 2.430149 3.022875 4.896809 
2.949095 2.060837 3.920944 3.932300 3.778800 3.323305 4.925983 3.837040 3.524553 3.045045 2.389086 2.601116 2.576861 2.457030 4.039775 3.126724 2.856825 2.612360 2.481020 3.071294 4.980798 
2.988029 2.103650 3.996825 4.009533 3.865235 3.397151 5.014161 3.904880 3.599742 3.097797 2.428671 2.649128 2.615560 2.493852 4.123291 3.180135 2.905341 2.663927 2.532588 3.119982 5.065195 
3.026549 2.146942 4.073477 4.087640 3.952841 3.472124 5.103056 3.973487 3.676046 3.150682 2.468621 2.697566 2.654122 2.530695 4.207518 3.233829 2.954046 2.716059 2.584864 3.168946 5.150000 
3.064635 2.190718 4.150910 4.166636 4.041626 3.548243 5.192680 4.042887 3.753485 3.203689 2.508949 2.746433 2.692534 2.567560 4.292452 3.287804 3.002936 2.768763 2.637861 3.218196 5.235215 
3.102270 2.234981 4.229133 4.246534 4.131597 3.625525 5.283043 4.113103 3.832080 3.256807 2.549667 2.795737 2.730784 2.604444 4.378086 3.342063 3.052011 2.822046 2.691590 3.267741 5.320841 
3.139435 2.279736 4.308157 4.327349 4.222763 3.703988 5.374155 4.184158 3.911850 3.310025 2.590787 2.845482 2.768862 2.641347 4.464415 3.396605 3.101268 2.875918 2.746063 3.317589 5.406880 
3.176113 2.324987 4.387989 4.409095 4.315132 3.783651 5.466029 4.256080 3.992816 3.363331 2.632322 2.895676 2.806754 2.678268 4.551431 3.451431 3.150703 2.930385 2.801293 3.367751 5.493333 
3.212284 2.370740 4.468642 4.491787 4.408712 3.864531 5.558677 4.328892 4.074999 3.416716 2.674285 2.946322 2.844450 2.715206 4.639129 3.506542 3.200315 2.985456 2.857292 3.418236 5.580203 
3.247930 2.416997 4.550124 4.575439 4.503511 3.946647 5.652110 4.402622 4.158418 3.470166 2.716691 2.997429 2.881937 2.752160 4.727501 3.561937 3.250101 3.041140 2.914073 3.469055 5.667491 
3.283032 2.463764 4.632446 4.660067 4.599537 4.030018 5.746341 4.477297 4.243095 3.523670 2.759551 3.049003 2.919202 2.789130 4.816540 3.617618 3.300060 3.097444 2.971648 3.520218 5.755201 
3.317573 2.511045 4.715619 4.745686 4.696798 4.114664 5.841382 4.552942 4.329053 3.577217 2.802882 3.101049 2.956234 2.826115 4.906241 3.673586 3.350188 3.154377 3.030031 3.571736 5.843335 
3.351532 2.558846 4.799653 4.832312 4.795302 4.200603 5.937247 4.629587 4.416311 3.630794 2.846696 3.153575 2.993020 2.863115 4.996594 3.729841 3.400485 3.211947 3.089234 3.623621 5.931895 
3.384892 2.607170 4.884560 4.919961 4.895056 4.287854 6.033949 4.707260 4.504892 3.684389 2.891009 3.206587 3.029548 2.900130 5.087594 3.786385 3.450947 3.270165 3.149272 3.675883 6.020884 
3.417632 2.656023 4.970350 5.008650 4.996070 4.376438 6.131501 4.785989 4.594819 3.737989 2.935835 3.260092 3.065805 2.937159 5.179233 3.843218 3.501572 3.329038 3.210157 3.728535 6.110306 
3.449735 2.705409 5.057035 5.098394 5.098350 4.466374 6.229917 4.865804 4.686113 3.791583 2.981190 3.314097 3.101779 2.974202 5.271502 3.900341 3.552359 3.388576 3.271903 3.781589 6.200165 
3.481180 2.755334 5.144626 5.189210 5.201905 4.557683 6.329211 4.946736 4.778797 3.845157 3.027089 3.368610 3.137457 3.011260 5.364395 3.957756 3.603306 3.448788 3.334523 3.835056 6.290463 
NaN NaN NaN NaN NaN NaN NaN NaN NaN NaN NaN NaN NaN NaN NaN NaN NaN NaN NaN NaN NaN 
NaN NaN NaN NaN NaN NaN NaN NaN NaN NaN NaN NaN NaN NaN NaN NaN NaN NaN NaN NaN NaN 
NaN NaN NaN NaN NaN NaN NaN NaN NaN NaN NaN NaN NaN NaN NaN NaN NaN NaN NaN NaN NaN 
NaN NaN NaN NaN NaN NaN NaN NaN NaN NaN NaN NaN NaN NaN NaN NaN NaN NaN NaN NaN NaN 
