NaN NaN NaN NaN NaN NaN NaN 
NaN NaN NaN NaN NaN NaN NaN 
NaN NaN NaN NaN NaN NaN NaN 
NaN NaN NaN NaN NaN NaN NaN 
NaN NaN NaN NaN NaN NaN NaN 
-0.534493 -0.822278 -0.314098 -0.622825 -0.540981 -0.673884 -0.590352 
-0.535165 -0.823019 -0.315946 -0.618873 -0.537140 -0.669301 -0.580634 
-0.536684 -0.825104 -0.319153 -0.626350 -0.534345 -0.660287 -0.574418 
-0.536096 -0.829146 -0.325881 -0.636302 -0.540280 -0.651538 -0.572476 
-0.543385 -0.838468 -0.339000 -0.646940 -0.542689 -0.650069 -0.574788 
-0.561479 -0.857969 -0.366275 -0.672226 -0.561763 -0.663415 -0.587733 
-0.570826 -0.879903 -0.392272 -0.707104 -0.590871 -0.679128 -0.602676 
-0.575536 -0.903161 -0.419887 -0.736906 -0.613559 -0.690303 -0.611519 
-0.574914 -0.922715 -0.442637 -0.765918 -0.633388 -0.698147 -0.619183 
-0.578671 -0.942515 -0.464809 -0.798291 -0.659408 -0.707016 -0.627124 
-0.582272 -0.967384 -0.491719 -0.834934 -0.678626 -0.711753 -0.635422 
-0.586425 -0.985925 -0.516351 -0.872959 -0.686544 -0.714209 -0.643730 
-0.586743 -1.000410 -0.534834 -0.895502 -0.698202 -0.710196 -0.644545 
-0.587852 -1.006147 -0.545272 -0.911094 -0.700319 -0.700956 -0.637773 
-0.578816 -1.000782 -0.547157 -0.918667 -0.694236 -0.681016 -0.622758 
-0.557762 -0.979517 -0.536650 -0.900040 -0.666827 -0.650487 -0.596928 
-0.549581 -0.959758 -0.528387 -0.884506 -0.639088 -0.624981 -0.574987 
-0.539813 -0.933696 -0.516235 -0.873095 -0.617218 -0.599527 -0.556151 
-0.528140 -0.912061 -0.509172 -0.857814 -0.597419 -0.574537 -0.537421 
-0.514711 -0.883942 -0.497010 -0.835673 -0.571756 -0.553232 -0.517770 
-0.496127 -0.845929 -0.477995 -0.807290 -0.543103 -0.527914 -0.496693 
-0.477173 -0.811929 -0.457730 -0.773658 -0.516805 -0.499741 -0.472594 
-0.458234 -0.777990 -0.441626 -0.743940 -0.481432 -0.478417 -0.449730 
-0.443986 -0.756935 -0.435349 -0.726644 -0.465944 -0.466722 -0.439136 
-0.441064 -0.744912 -0.442958 -0.737400 -0.476483 -0.475001 -0.445248 
-0.432963 -0.730143 -0.441945 -0.745893 -0.474009 -0.473581 -0.439943 
-0.418220 -0.713550 -0.431064 -0.739150 -0.457776 -0.456530 -0.424479 
-0.404381 -0.693773 -0.419536 -0.724649 -0.444577 -0.440551 -0.409466 
-0.389807 -0.669068 -0.407515 -0.708084 -0.426784 -0.427429 -0.397050 
-0.373721 -0.647296 -0.397869 -0.688625 -0.407471 -0.411382 -0.383935 
-0.360726 -0.623115 -0.386039 -0.663528 -0.387206 -0.393535 -0.370042 
-0.347940 -0.594669 -0.372518 -0.636788 -0.369307 -0.377784 -0.357502 
-0.340471 -0.574702 -0.362491 -0.622364 -0.364681 -0.367150 -0.350128 
-0.349764 -0.571032 -0.371992 -0.632457 -0.384840 -0.381453 -0.357642 
-0.340454 -0.559175 -0.362772 -0.611904 -0.370114 -0.374086 -0.343417 
-0.328116 -0.549677 -0.354789 -0.586015 -0.358523 -0.361595 -0.331658 
-0.313391 -0.527879 -0.347315 -0.559517 -0.348914 -0.347676 -0.320182 
-0.298223 -0.504372 -0.337130 -0.532303 -0.334169 -0.333492 -0.307125 
-0.284773 -0.478936 -0.325591 -0.501490 -0.321319 -0.320085 -0.291345 
-0.269856 -0.450421 -0.313480 -0.474761 -0.301781 -0.303901 -0.273415 
-0.253635 -0.422869 -0.299431 -0.448438 -0.281444 -0.291093 -0.253919 
-0.240094 -0.394170 -0.284553 -0.422692 -0.270567 -0.278662 -0.233149 
-0.220459 -0.361308 -0.261521 -0.385122 -0.250912 -0.257431 -0.207532 
-0.175165 -0.300975 -0.209060 -0.313518 -0.187198 -0.203297 -0.158680 
-0.135465 -0.235919 -0.158750 -0.244372 -0.137934 -0.155296 -0.117135 
-0.102511 -0.170652 -0.112377 -0.179446 -0.094760 -0.117279 -0.082609 
-0.074128 -0.117972 -0.069173 -0.125261 -0.056950 -0.083109 -0.053059 
-0.052494 -0.071360 -0.034871 -0.076519 -0.024717 -0.051755 -0.026917 
-0.029806 -0.030639 -0.002154 -0.036199 0.005386 -0.022201 -0.002858 
-0.008147 0.010781 0.026831 0.010080 0.026403 0.003777 0.017571 
0.014983 0.047675 0.048610 0.052196 0.044528 0.028927 0.034668 
0.038657 0.080596 0.068665 0.087629 0.066511 0.055685 0.047438 
0.060830 0.118128 0.088450 0.127460 0.083515 0.082110 0.061416 
0.082600 0.157511 0.108563 0.169896 0.098373 0.106747 0.079640 
0.109442 0.192785 0.125254 0.206066 0.118626 0.134219 0.098554 
0.136461 0.226210 0.143377 0.240026 0.136199 0.161772 0.118690 
0.164321 0.262670 0.166599 0.277902 0.154526 0.186545 0.138634 
0.195175 0.299970 0.194007 0.315302 0.173783 0.209130 0.159155 
0.226894 0.337955 0.217675 0.353494 0.191133 0.232488 0.179192 
0.262543 0.371582 0.243858 0.391517 0.205498 0.258725 0.200900 
0.297879 0.404452 0.271845 0.426021 0.221955 0.285523 0.223018 
0.327941 0.441990 0.301990 0.464905 0.241187 0.309227 0.246560 
0.361192 0.479187 0.332678 0.499522 0.261518 0.332559 0.269656 
0.396670 0.512492 0.364444 0.535570 0.276153 0.357718 0.289452 
0.430499 0.545688 0.396965 0.577153 0.290287 0.380088 0.310131 
0.465863 0.582109 0.428765 0.615185 0.309277 0.400106 0.332487 
0.502817 0.619862 0.455063 0.654268 0.326443 0.422856 0.357060 
0.546134 0.657931 0.483510 0.696479 0.346567 0.451266 0.384637 
0.586816 0.696203 0.520650 0.735430 0.369447 0.482011 0.413199 
0.619895 0.737837 0.556812 0.771335 0.391686 0.509385 0.438955 
0.650883 0.784529 0.588088 0.814322 0.410158 0.541946 0.463973 
0.688789 0.825999 0.615060 0.856632 0.432973 0.575357 0.490479 
0.730159 0.864435 0.641772 0.895482 0.456115 0.604319 0.516005 
0.773072 0.902647 0.668075 0.933918 0.482621 0.632602 0.543484 
0.812291 0.949247 0.700693 0.971824 0.505274 0.660923 0.570403 
0.849329 0.993515 0.732270 1.010803 0.523675 0.688471 0.595969 
0.886988 1.036556 0.764729 1.053555 0.544865 0.713318 0.622005 
0.923478 1.081544 0.801156 1.088853 0.564501 0.744761 0.648438 
0.964862 1.129851 0.831405 1.128544 0.580318 0.777532 0.675137 
1.008398 1.176867 0.863616 1.169158 0.604778 0.811338 0.702714 
1.049722 1.223209 0.904209 1.210156 0.632301 0.840234 0.733286 
1.092314 1.272920 0.947530 1.254962 0.655370 0.872093 0.762635 
1.134342 1.323062 0.991841 1.303384 0.685963 0.907071 0.793497 
1.174798 1.374277 1.035067 1.350799 0.713997 0.943809 0.825995 
1.216689 1.421554 1.073401 1.403552 0.742303 0.983698 0.859906 
1.263149 1.468678 1.115102 1.457442 0.772217 1.022622 0.893323 
1.311992 1.514591 1.160758 1.507260 0.803266 1.063237 0.924823 
1.361763 1.560365 1.204638 1.563103 0.834942 1.099963 0.952982 
1.408823 1.606648 1.249494 1.626224 0.871390 1.133976 0.981764 
1.456212 1.653754 1.295078 1.688196 0.901605 1.170895 1.013342 
1.508689 1.701220 1.338569 1.748964 0.929076 1.209176 1.048506 
1.564518 1.749947 1.381905 1.806775 0.955808 1.244012 1.085077 
1.619789 1.802301 1.423311 1.862078 0.982078 1.284776 1.121577 
1.671095 1.857116 1.463772 1.923602 1.010634 1.326153 1.157640 
1.721383 1.908578 1.509216 1.978326 1.040111 1.367212 1.194593 
1.773751 1.958846 1.554219 2.038760 1.073202 1.417025 1.230914 
1.828053 2.009374 1.597377 2.097409 1.108331 1.469113 1.267381 
1.878180 2.061647 1.637776 2.159638 1.139030 1.516812 1.306327 
1.928075 2.115866 1.683815 2.212147 1.170326 1.563573 1.346574 
1.981100 2.169016 1.731462 2.263698 1.204934 1.607862 1.385491 
2.037005 2.223025 1.778215 2.319828 1.237766 1.652857 1.421531 
2.089903 2.275152 1.826790 2.374352 1.268735 1.701427 1.460192 
2.142975 2.327845 1.876261 2.431403 1.301167 1.742839 1.500458 
2.199555 2.379907 1.928785 2.484780 1.335395 1.783336 1.540226 
2.256165 2.432602 1.979123 2.538759 1.369223 1.826295 1.578554 
2.308898 2.489792 2.030509 2.590919 1.405228 1.869221 1.619475 
2.358785 2.547650 2.081984 2.647037 1.439763 1.909229 1.664550 
2.413546 2.604017 2.134491 2.700834 1.476676 1.956156 1.708790 
2.472379 2.658090 2.184409 2.756207 1.513517 2.006823 1.750713 
2.532036 2.711017 2.234551 2.811857 1.548694 2.056309 1.790470 
2.586081 2.764529 2.287550 2.864403 1.587313 2.105322 1.829497 
2.639887 2.820546 2.339230 2.920381 1.628995 2.150671 1.865811 
2.695073 2.874098 2.395509 2.977166 1.665801 2.202806 1.902373 
2.752832 2.928624 2.451138 3.036147 1.699339 2.258650 1.940914 
2.808968 2.986165 2.505359 3.091056 1.733569 2.307965 1.980590 
2.864522 3.040733 2.560865 3.149014 1.767779 2.352411 2.022296 
2.921311 3.093513 2.617477 3.204337 1.798243 2.396907 2.062058 
2.979926 3.145553 2.673213 3.259380 1.830679 2.438477 2.102064 
3.034956 3.198630 2.729083 3.318827 1.861807 2.490048 2.142001 
3.085647 3.254472 2.783815 3.378288 1.894308 2.544754 2.184533 
3.137802 3.308185 2.841731 3.433229 1.926676 2.597214 2.230097 
3.192987 3.359400 2.901397 3.490161 1.959519 2.652352 2.274548 
3.246200 3.413824 2.959372 3.546054 1.995165 2.709129 2.315786 
3.297464 3.469247 3.014561 3.598926 2.029440 2.762768 2.356605 
3.346620 3.523258 3.069668 3.659210 2.064371 2.817898 2.399064 
3.392561 3.580809 3.125845 3.716499 2.095365 2.872636 2.440215 
3.438552 3.642404 3.181168 3.774382 2.127982 2.923952 2.481526 
3.482374 3.702404 3.241466 3.834499 2.162942 2.971906 2.523706 
3.522641 3.761812 3.299477 3.895939 2.198322 3.012416 2.566170 
3.564543 3.821457 3.356220 3.953505 2.230402 3.054696 2.608955 
3.611832 3.878750 3.414279 4.013902 2.259668 3.103326 2.649758 
3.659544 3.936385 3.475690 4.076526 2.295728 3.154644 2.693166 
3.703534 3.994944 3.538572 4.136950 2.329616 3.198506 2.738679 
3.743210 4.052172 3.599083 4.200481 2.365075 3.243230 2.780552 
3.792775 4.104961 3.660021 4.264775 2.400018 3.285914 2.821103 
3.848291 4.158409 3.720656 4.325815 2.434699 3.335929 2.863229 
3.898441 4.211952 3.781047 4.389608 2.470855 3.396342 2.907620 
3.944371 4.266229 3.836650 4.454784 2.501199 3.451565 2.952581 
3.994056 4.322269 3.897998 4.513689 2.531415 3.499457 2.994419 
4.046721 4.378505 3.960861 4.577880 2.565108 3.552685 3.035904 
4.095119 4.435259 4.020006 4.645281 2.601954 3.607669 3.077107 
NaN NaN NaN NaN NaN NaN NaN 
NaN NaN NaN NaN NaN NaN NaN 
NaN NaN NaN NaN NaN NaN NaN 
NaN NaN NaN NaN NaN NaN NaN 
