NaN NaN NaN NaN NaN NaN NaN NaN NaN NaN NaN NaN NaN NaN NaN NaN NaN NaN NaN NaN NaN NaN NaN NaN NaN NaN NaN NaN 
NaN NaN NaN NaN NaN NaN NaN NaN NaN NaN NaN NaN NaN NaN NaN NaN NaN NaN NaN NaN NaN NaN NaN NaN NaN NaN NaN NaN 
NaN NaN NaN NaN NaN NaN NaN NaN NaN NaN NaN NaN NaN NaN NaN NaN NaN NaN NaN NaN NaN NaN NaN NaN NaN NaN NaN NaN 
NaN NaN NaN NaN NaN NaN NaN NaN NaN NaN NaN NaN NaN NaN NaN NaN NaN NaN NaN NaN NaN NaN NaN NaN NaN NaN NaN NaN 
NaN NaN NaN NaN NaN NaN NaN NaN NaN NaN NaN NaN NaN NaN NaN NaN NaN NaN NaN NaN NaN NaN NaN NaN NaN NaN NaN NaN 
-0.995396 -0.792644 -0.875539 -1.215199 -0.814386 -0.404334 -0.561863 -0.198254 -0.669507 -1.017986 -0.927797 -0.369368 -1.142947 -0.812885 -0.900872 -0.684366 -0.394417 -0.563774 -0.985195 -1.077781 -0.393113 -0.552399 -0.309654 -1.311679 -0.971041 -0.340397 -0.704731 -0.675222 
-0.997380 -0.804014 -0.860510 -1.202267 -0.816597 -0.414073 -0.565904 -0.235321 -0.672324 -1.011958 -0.912219 -0.402950 -1.141866 -0.821156 -0.904035 -0.683870 -0.404150 -0.602987 -0.999040 -1.057888 -0.416496 -0.545286 -0.325390 -1.301760 -0.985904 -0.355098 -0.695679 -0.672542 
-0.998173 -0.813824 -0.845554 -1.189055 -0.817810 -0.423211 -0.569286 -0.270259 -0.674658 -1.005035 -0.896723 -0.434394 -1.139415 -0.828062 -0.906068 -0.682848 -0.413420 -0.639405 -1.010972 -1.038606 -0.438190 -0.538366 -0.339969 -1.290879 -0.998728 -0.368901 -0.686680 -0.669556 
-0.997795 -0.822104 -0.830658 -1.175547 -0.818041 -0.431736 -0.572012 -0.303099 -0.676494 -0.997237 -0.881294 -0.463731 -1.135632 -0.833628 -0.906989 -0.681296 -0.422205 -0.673080 -1.021033 -1.019881 -0.458225 -0.531612 -0.353413 -1.279056 -1.009558 -0.381804 -0.677712 -0.666251 
-0.996266 -0.828887 -0.815807 -1.161729 -0.817308 -0.439637 -0.574082 -0.333874 -0.677815 -0.988586 -0.865918 -0.490994 -1.130550 -0.837880 -0.906815 -0.679213 -0.430485 -0.704063 -1.029261 -1.001664 -0.476627 -0.525001 -0.365740 -1.266316 -1.018441 -0.393808 -0.668757 -0.662617 
-0.993608 -0.834205 -0.800988 -1.147585 -0.815627 -0.446902 -0.575498 -0.362616 -0.678607 -0.979103 -0.850577 -0.516213 -1.124205 -0.840842 -0.905565 -0.676595 -0.438239 -0.732406 -1.035694 -0.983904 -0.493426 -0.518505 -0.376971 -1.252680 -1.025421 -0.404911 -0.659793 -0.658640 
-0.989839 -0.838087 -0.786186 -1.133101 -0.813013 -0.453520 -0.576263 -0.389356 -0.678854 -0.968809 -0.835259 -0.539420 -1.116629 -0.842539 -0.903255 -0.673440 -0.445448 -0.758157 -1.040372 -0.966550 -0.508647 -0.512101 -0.387125 -1.238169 -1.030544 -0.415114 -0.650802 -0.654311 
-0.984980 -0.840566 -0.771390 -1.118261 -0.809485 -0.459482 -0.576377 -0.414125 -0.678543 -0.957725 -0.819946 -0.560646 -1.107857 -0.842996 -0.899902 -0.669747 -0.452091 -0.781367 -1.043330 -0.949555 -0.522320 -0.505763 -0.396220 -1.222804 -1.033854 -0.424418 -0.641764 -0.649618 
-0.979051 -0.841672 -0.756586 -1.103052 -0.805056 -0.464777 -0.575843 -0.436953 -0.677658 -0.945872 -0.804626 -0.579922 -1.097920 -0.842237 -0.895525 -0.665514 -0.458151 -0.802084 -1.044606 -0.932871 -0.534471 -0.499467 -0.404277 -1.206606 -1.035393 -0.432822 -0.632661 -0.644551 
-0.972070 -0.841433 -0.741761 -1.087461 -0.799744 -0.469395 -0.574663 -0.457872 -0.676186 -0.933270 -0.789284 -0.597277 -1.086852 -0.840285 -0.890139 -0.660738 -0.463608 -0.820358 -1.044237 -0.916450 -0.545127 -0.493189 -0.411312 -1.189596 -1.035205 -0.440327 -0.623474 -0.639099 
-0.964056 -0.839880 -0.726903 -1.071472 -0.793564 -0.473327 -0.572837 -0.476912 -0.674113 -0.919938 -0.773905 -0.612741 -1.074683 -0.837164 -0.883762 -0.655418 -0.468444 -0.836235 -1.042257 -0.900246 -0.554315 -0.486906 -0.417343 -1.171793 -1.033333 -0.446933 -0.614185 -0.633251 
-0.955030 -0.837041 -0.712000 -1.055074 -0.786531 -0.476564 -0.570369 -0.494101 -0.671428 -0.905896 -0.758476 -0.626346 -1.061446 -0.832897 -0.876411 -0.649552 -0.472643 -0.849764 -1.038704 -0.884214 -0.562061 -0.480593 -0.422389 -1.153216 -1.029817 -0.452642 -0.604777 -0.627000 
-0.945008 -0.832946 -0.697040 -1.038254 -0.778661 -0.479096 -0.567260 -0.509469 -0.668117 -0.891164 -0.742982 -0.638120 -1.047170 -0.827508 -0.868101 -0.643140 -0.476185 -0.860990 -1.033610 -0.868309 -0.568391 -0.474229 -0.426467 -1.133885 -1.024699 -0.457454 -0.595231 -0.620334 
-0.934011 -0.827622 -0.682010 -1.020998 -0.769968 -0.480916 -0.563512 -0.523045 -0.664168 -0.875762 -0.727411 -0.648093 -1.031887 -0.821019 -0.858849 -0.636179 -0.479056 -0.869962 -1.027012 -0.852486 -0.573332 -0.467790 -0.429592 -1.113817 -1.018019 -0.461369 -0.585532 -0.613245 
-0.922056 -0.821098 -0.666900 -1.003295 -0.760468 -0.482016 -0.559127 -0.534858 -0.659569 -0.859708 -0.711750 -0.656294 -1.015625 -0.813452 -0.848671 -0.628670 -0.481238 -0.876723 -1.018941 -0.836703 -0.576908 -0.461254 -0.431782 -1.093033 -1.009817 -0.464391 -0.575663 -0.605723 
-0.909160 -0.813401 -0.651699 -0.985132 -0.750175 -0.482386 -0.554107 -0.544936 -0.654310 -0.843020 -0.695985 -0.662751 -0.998414 -0.804830 -0.837584 -0.620610 -0.482716 -0.881321 -1.009432 -0.820918 -0.579147 -0.454599 -0.433054 -1.071548 -1.000133 -0.466518 -0.565607 -0.597761 
-0.895343 -0.804558 -0.636395 -0.966499 -0.739104 -0.482021 -0.548454 -0.553306 -0.648379 -0.825719 -0.680103 -0.667494 -0.980282 -0.795175 -0.825603 -0.611999 -0.483475 -0.883798 -0.998517 -0.805089 -0.580072 -0.447803 -0.433421 -1.049381 -0.989005 -0.467754 -0.555348 -0.589350 
-0.880621 -0.794597 -0.620978 -0.947384 -0.727269 -0.480912 -0.542170 -0.559997 -0.641767 -0.807821 -0.664092 -0.670550 -0.961258 -0.784508 -0.812744 -0.602836 -0.483499 -0.884201 -0.986228 -0.789175 -0.579709 -0.440846 -0.432901 -1.026548 -0.976470 -0.468099 -0.544872 -0.580481 
-0.865011 -0.783542 -0.605437 -0.927775 -0.714685 -0.479053 -0.535257 -0.565035 -0.634462 -0.789344 -0.647939 -0.671948 -0.941369 -0.772851 -0.799023 -0.593121 -0.482774 -0.882571 -0.972597 -0.773137 -0.578082 -0.433705 -0.431508 -1.003066 -0.962567 -0.467556 -0.534162 -0.571148 
-0.848532 -0.771421 -0.589762 -0.907664 -0.701364 -0.476438 -0.527717 -0.568448 -0.626456 -0.770307 -0.631633 -0.671715 -0.920642 -0.760224 -0.784455 -0.582853 -0.481286 -0.878954 -0.957655 -0.756935 -0.575217 -0.426361 -0.429257 -0.978951 -0.947333 -0.466126 -0.523204 -0.561342 
-0.831199 -0.758258 -0.573944 -0.887038 -0.687322 -0.473059 -0.519553 -0.570262 -0.617739 -0.750727 -0.615161 -0.669880 -0.899103 -0.746649 -0.769056 -0.572032 -0.479021 -0.873390 -0.941431 -0.740531 -0.571137 -0.418793 -0.426163 -0.954219 -0.930802 -0.463811 -0.511984 -0.551056 
-0.813030 -0.744080 -0.557972 -0.865888 -0.672572 -0.468912 -0.510766 -0.570502 -0.608302 -0.730622 -0.598512 -0.666468 -0.876780 -0.732147 -0.752840 -0.560659 -0.475967 -0.865923 -0.923957 -0.723888 -0.565866 -0.410980 -0.422238 -0.928886 -0.913012 -0.460613 -0.500488 -0.540285 
-0.794041 -0.728910 -0.541837 -0.844205 -0.657127 -0.463990 -0.501359 -0.569196 -0.598137 -0.710008 -0.581674 -0.661508 -0.853696 -0.716736 -0.735822 -0.548732 -0.472110 -0.856593 -0.905262 -0.706970 -0.559429 -0.402904 -0.417497 -0.902965 -0.893997 -0.456535 -0.488702 -0.529020 
-0.774248 -0.712774 -0.525530 -0.821979 -0.641000 -0.458289 -0.491334 -0.566367 -0.587237 -0.688902 -0.564636 -0.655026 -0.829878 -0.700439 -0.718018 -0.536253 -0.467439 -0.845443 -0.885374 -0.689740 -0.551848 -0.394545 -0.411954 -0.876472 -0.873791 -0.451579 -0.476612 -0.517256 
-0.753667 -0.695695 -0.509043 -0.799201 -0.624205 -0.451803 -0.480694 -0.562042 -0.575593 -0.667320 -0.547387 -0.647049 -0.805350 -0.683273 -0.699443 -0.523221 -0.461942 -0.832512 -0.864322 -0.672163 -0.543148 -0.385884 -0.405621 -0.849421 -0.852428 -0.445748 -0.464206 -0.504987 
-0.732314 -0.677697 -0.492365 -0.775863 -0.606754 -0.444528 -0.469440 -0.556245 -0.563198 -0.645280 -0.529917 -0.637602 -0.780135 -0.665259 -0.680110 -0.509636 -0.455607 -0.817840 -0.842134 -0.654205 -0.533351 -0.376902 -0.398510 -0.821825 -0.829942 -0.439045 -0.451471 -0.492207 
-0.710205 -0.658802 -0.475490 -0.751956 -0.588661 -0.436459 -0.457575 -0.549000 -0.550046 -0.622796 -0.512214 -0.626713 -0.754257 -0.646416 -0.660034 -0.495500 -0.448424 -0.801467 -0.818836 -0.635833 -0.522479 -0.367580 -0.390635 -0.793698 -0.806365 -0.431472 -0.438395 -0.478910 
-0.687355 -0.639035 -0.458408 -0.727472 -0.569937 -0.427593 -0.445101 -0.540332 -0.536130 -0.599886 -0.494268 -0.614405 -0.727739 -0.626762 -0.639229 -0.480814 -0.440381 -0.783433 -0.794456 -0.617014 -0.510557 -0.357902 -0.382007 -0.765052 -0.781728 -0.423032 -0.424965 -0.465092 
-0.663778 -0.618418 -0.441113 -0.702404 -0.550594 -0.417926 -0.432022 -0.530264 -0.521445 -0.576563 -0.476069 -0.600706 -0.700604 -0.606317 -0.617711 -0.465577 -0.431470 -0.763774 -0.769020 -0.597716 -0.497605 -0.347848 -0.372637 -0.735900 -0.756064 -0.413729 -0.411171 -0.450748 
-0.639491 -0.596972 -0.423595 -0.676743 -0.530646 -0.407455 -0.418338 -0.518819 -0.505985 -0.552845 -0.457608 -0.585641 -0.672872 -0.585099 -0.595491 -0.449791 -0.421681 -0.742530 -0.742554 -0.577909 -0.483647 -0.337403 -0.362537 -0.706255 -0.729403 -0.403565 -0.397001 -0.435873 
-0.614508 -0.574719 -0.405848 -0.650484 -0.510104 -0.396176 -0.404053 -0.506021 -0.489744 -0.528744 -0.438874 -0.569233 -0.644567 -0.563126 -0.572585 -0.433458 -0.411005 -0.719737 -0.715082 -0.557563 -0.468703 -0.326548 -0.351717 -0.676127 -0.701774 -0.392545 -0.382445 -0.420462 
-0.588842 -0.551681 -0.387865 -0.623618 -0.488980 -0.384087 -0.389169 -0.491891 -0.472719 -0.504278 -0.419858 -0.551508 -0.615708 -0.540415 -0.549006 -0.416578 -0.399432 -0.695432 -0.686630 -0.536647 -0.452796 -0.315267 -0.340188 -0.645527 -0.673209 -0.380672 -0.367491 -0.404513 
-0.562509 -0.527878 -0.369639 -0.596141 -0.467286 -0.371186 -0.373688 -0.476453 -0.454905 -0.479459 -0.400551 -0.532491 -0.586315 -0.516984 -0.524768 -0.399152 -0.386956 -0.669652 -0.657221 -0.515133 -0.435947 -0.303544 -0.327960 -0.614468 -0.643735 -0.367949 -0.352130 -0.388021 
-0.535523 -0.503331 -0.351163 -0.568045 -0.445032 -0.357471 -0.357614 -0.459729 -0.436297 -0.454303 -0.380944 -0.512205 -0.556409 -0.492851 -0.499883 -0.381183 -0.373568 -0.642432 -0.626879 -0.492994 -0.418178 -0.291363 -0.315044 -0.582959 -0.613381 -0.354381 -0.336353 -0.370982 
-0.507896 -0.478060 -0.332430 -0.539325 -0.422230 -0.342940 -0.340948 -0.441739 -0.416894 -0.428823 -0.361027 -0.490675 -0.526009 -0.468032 -0.474366 -0.362673 -0.359260 -0.613808 -0.595627 -0.470203 -0.399508 -0.278707 -0.301447 -0.551009 -0.582175 -0.339972 -0.320149 -0.353395 
-0.479643 -0.452086 -0.313435 -0.509976 -0.398891 -0.327591 -0.323694 -0.422505 -0.396691 -0.403033 -0.340793 -0.467924 -0.495134 -0.442545 -0.448229 -0.343622 -0.344027 -0.583814 -0.563487 -0.446733 -0.379959 -0.265562 -0.287180 -0.518630 -0.550143 -0.324725 -0.303510 -0.335255 
-0.450778 -0.425426 -0.294172 -0.479992 -0.375027 -0.311424 -0.305853 -0.402048 -0.375686 -0.376947 -0.320233 -0.443976 -0.463801 -0.416405 -0.421484 -0.324032 -0.327862 -0.552485 -0.530482 -0.422559 -0.359551 -0.251913 -0.272251 -0.485829 -0.517313 -0.308645 -0.286427 -0.316561 
-0.421313 -0.398100 -0.274634 -0.449368 -0.350647 -0.294438 -0.287430 -0.380388 -0.353876 -0.350578 -0.299339 -0.418853 -0.432029 -0.389629 -0.394146 -0.303907 -0.310759 -0.519854 -0.496632 -0.397658 -0.338305 -0.237744 -0.256668 -0.452616 -0.483710 -0.291737 -0.268892 -0.297311 
-0.391261 -0.370128 -0.254817 -0.418100 -0.325762 -0.276633 -0.268425 -0.357546 -0.331261 -0.323940 -0.278103 -0.392579 -0.399835 -0.362233 -0.366226 -0.283248 -0.292713 -0.485953 -0.461959 -0.372004 -0.316240 -0.223042 -0.240440 -0.418999 -0.449359 -0.274005 -0.250897 -0.277501 
-0.360634 -0.341526 -0.234716 -0.386185 -0.300382 -0.258008 -0.248843 -0.333541 -0.307839 -0.297044 -0.256517 -0.365176 -0.367235 -0.334232 -0.337738 -0.262058 -0.273718 -0.450817 -0.426483 -0.345576 -0.293376 -0.207793 -0.223574 -0.384986 -0.414286 -0.255454 -0.232434 -0.257132 
-0.329447 -0.312313 -0.214325 -0.353617 -0.274519 -0.238563 -0.228685 -0.308393 -0.283608 -0.269904 -0.234574 -0.336666 -0.334246 -0.305641 -0.308692 -0.240339 -0.253770 -0.414477 -0.390223 -0.318350 -0.269733 -0.191982 -0.206077 -0.350584 -0.378513 -0.236089 -0.213497 -0.236200 
-0.297709 -0.282506 -0.193640 -0.320394 -0.248181 -0.218300 -0.207955 -0.282122 -0.258568 -0.242531 -0.212266 -0.307073 -0.300884 -0.276477 -0.279103 -0.218094 -0.232865 -0.376964 -0.353199 -0.290307 -0.245329 -0.175596 -0.187957 -0.315801 -0.342066 -0.215914 -0.194078 -0.214706 
-0.265435 -0.252123 -0.172657 -0.286512 -0.221378 -0.197219 -0.186656 -0.254745 -0.232719 -0.214939 -0.189587 -0.276416 -0.267162 -0.246753 -0.248980 -0.195325 -0.211000 -0.338309 -0.315430 -0.261424 -0.220184 -0.158623 -0.169220 -0.280644 -0.304966 -0.194935 -0.174171 -0.192649 
-0.232635 -0.221179 -0.151371 -0.251968 -0.194120 -0.175322 -0.164790 -0.226281 -0.206062 -0.187139 -0.166530 -0.244720 -0.233097 -0.216484 -0.218337 -0.172036 -0.188171 -0.298543 -0.276934 -0.231684 -0.194316 -0.141049 -0.149871 -0.245118 -0.267236 -0.173158 -0.153770 -0.170027 
-0.199320 -0.189691 -0.129779 -0.216760 -0.166417 -0.152610 -0.142360 -0.196748 -0.178596 -0.159141 -0.143088 -0.212003 -0.198702 -0.185684 -0.187185 -0.148230 -0.164375 -0.257696 -0.237728 -0.201066 -0.167745 -0.122863 -0.129918 -0.209229 -0.228897 -0.150587 -0.132869 -0.146842 
-0.165504 -0.157676 -0.107876 -0.180886 -0.138277 -0.129084 -0.119369 -0.166164 -0.150323 -0.130959 -0.119254 -0.178288 -0.163990 -0.154368 -0.155536 -0.123909 -0.139610 -0.215797 -0.197830 -0.169553 -0.140488 -0.104052 -0.109366 -0.172984 -0.189972 -0.127229 -0.111462 -0.123092 
-0.131195 -0.125147 -0.085660 -0.144344 -0.109709 -0.104748 -0.095820 -0.134547 -0.121245 -0.102602 -0.095023 -0.143596 -0.128976 -0.122549 -0.123401 -0.099078 -0.113875 -0.172876 -0.157256 -0.137128 -0.112563 -0.084604 -0.088219 -0.136386 -0.150479 -0.103089 -0.089546 -0.098779 
-0.096406 -0.092122 -0.063127 -0.107131 -0.080723 -0.079603 -0.071716 -0.101913 -0.091364 -0.074082 -0.070389 -0.107947 -0.093670 -0.090241 -0.090792 -0.073739 -0.087168 -0.128959 -0.116022 -0.103774 -0.083988 -0.064508 -0.066483 -0.099442 -0.110439 -0.078173 -0.067114 -0.073903 
-0.061148 -0.058613 -0.040275 -0.069248 -0.051327 -0.053652 -0.047060 -0.068278 -0.060681 -0.045410 -0.045346 -0.071360 -0.058086 -0.057456 -0.057719 -0.047897 -0.059488 -0.084076 -0.074143 -0.069476 -0.054780 -0.043754 -0.044162 -0.062154 -0.069871 -0.052487 -0.044163 -0.048465 
-0.025430 -0.024636 -0.017101 -0.030692 -0.021530 -0.026900 -0.021855 -0.033660 -0.029199 -0.016595 -0.019888 -0.033858 -0.022235 -0.024208 -0.024194 -0.021556 -0.030835 -0.038253 -0.031635 -0.034218 -0.024958 -0.022330 -0.021260 -0.024527 -0.028794 -0.026037 -0.020689 -0.022466 
0.010738 0.009796 0.006398 0.008537 0.008661 0.000652 0.003896 0.001925 0.003077 0.012353 0.005989 0.004542 0.013872 0.009491 0.009773 0.005282 -0.001208 0.008482 0.011487 0.002013 0.005463 -0.000225 0.002219 0.013435 0.012775 0.001171 0.003311 0.004092 
0.047344 0.044669 0.030223 0.048438 0.039236 0.028999 0.030190 0.038463 0.036146 0.041422 0.032291 0.043819 0.050225 0.043629 0.044171 0.032611 0.029392 0.056104 0.055211 0.039230 0.036464 0.022569 0.026271 0.051730 0.054817 0.029129 0.027842 0.031207 
0.084380 0.079969 0.054377 0.089013 0.070189 0.058136 0.057023 0.075938 0.070002 0.070605 0.059023 0.083954 0.086814 0.078193 0.078989 0.060428 0.060964 0.104587 0.099522 0.077446 0.068030 0.046063 0.050894 0.090355 0.097316 0.057832 0.052905 0.058877 
0.121835 0.115685 0.078861 0.130260 0.101511 0.088060 0.084393 0.114335 0.104642 0.099891 0.086189 0.124928 0.123629 0.113171 0.114218 0.088728 0.093506 0.153905 0.144409 0.116672 0.100145 0.070267 0.076085 0.129308 0.140256 0.087272 0.078504 0.087100 
0.159701 0.151804 0.103676 0.172179 0.133195 0.118765 0.112296 0.153639 0.140060 0.129272 0.113794 0.166723 0.160662 0.148553 0.149846 0.117507 0.127017 0.204034 0.189857 0.156920 0.132792 0.095188 0.101841 0.168587 0.183621 0.117443 0.104640 0.115873 
0.197968 0.188314 0.128824 0.214770 0.165233 0.150247 0.140729 0.193837 0.176252 0.158737 0.141841 0.209319 0.197903 0.184326 0.185863 0.146760 0.161495 0.254951 0.235857 0.198198 0.165955 0.120837 0.128161 0.208190 0.227396 0.148337 0.131315 0.145193 
0.236628 0.225202 0.154306 0.258030 0.197619 0.182501 0.169689 0.234914 0.213211 0.188280 0.170334 0.252699 0.235346 0.220481 0.222261 0.176483 0.196937 0.306630 0.282396 0.240517 0.199619 0.147221 0.155043 0.248117 0.271567 0.179949 0.158531 0.175056 
0.275671 0.262459 0.180121 0.301959 0.230344 0.215519 0.199173 0.276857 0.250932 0.217892 0.199278 0.296844 0.272982 0.257005 0.259028 0.206670 0.233340 0.359050 0.329464 0.283884 0.233768 0.174349 0.182485 0.288368 0.316121 0.212269 0.186289 0.205460 
0.315089 0.300073 0.206271 0.346553 0.263403 0.249296 0.229177 0.319653 0.289409 0.247563 0.228676 0.341738 0.310806 0.293889 0.296156 0.237316 0.270700 0.412187 0.377051 0.328308 0.268387 0.202227 0.210487 0.328941 0.361043 0.245291 0.214588 0.236399 
0.354874 0.338034 0.232755 0.391812 0.296789 0.283827 0.259698 0.363289 0.328634 0.277287 0.258531 0.387361 0.348810 0.331123 0.333635 0.268416 0.309013 0.466021 0.425147 0.373794 0.303461 0.230865 0.239048 0.369837 0.406321 0.279007 0.243431 0.267871 
0.395018 0.376332 0.259574 0.437732 0.330495 0.319103 0.290733 0.407752 0.368600 0.307056 0.288845 0.433698 0.386989 0.368696 0.371454 0.299966 0.348275 0.520528 0.473743 0.420349 0.338977 0.260268 0.268168 0.411057 0.451943 0.313409 0.272816 0.299870 
0.435513 0.414957 0.286726 0.484310 0.364515 0.355118 0.322278 0.453031 0.409300 0.336863 0.319623 0.480731 0.425338 0.406599 0.409607 0.331958 0.388480 0.575689 0.522830 0.467977 0.374918 0.290443 0.297846 0.452602 0.497899 0.348490 0.302743 0.332392 
0.476351 0.453900 0.314212 0.531543 0.398843 0.391865 0.354329 0.499113 0.450725 0.366700 0.350866 0.528444 0.463851 0.444823 0.448082 0.364389 0.429624 0.631483 0.572401 0.516684 0.411271 0.321397 0.328084 0.494473 0.544176 0.384241 0.333211 0.365431 
0.517526 0.493152 0.342030 0.579429 0.433473 0.429335 0.386884 0.545988 0.492867 0.396560 0.382577 0.576820 0.502525 0.483359 0.486872 0.397251 0.471700 0.687889 0.622448 0.566473 0.448023 0.353136 0.358883 0.536672 0.590766 0.420654 0.364220 0.398983 
0.559029 0.532705 0.370179 0.627962 0.468399 0.467522 0.419939 0.593644 0.535717 0.426437 0.414758 0.625843 0.541356 0.522198 0.525967 0.430540 0.514702 0.744890 0.672964 0.617345 0.485159 0.385665 0.390242 0.579202 0.637658 0.457721 0.395767 0.433042 
0.600854 0.572550 0.398658 0.677138 0.503616 0.506416 0.453490 0.642070 0.579266 0.456324 0.447410 0.675497 0.580341 0.561331 0.565360 0.464249 0.558624 0.802465 0.723943 0.669304 0.522666 0.418990 0.422165 0.622066 0.684844 0.495433 0.427851 0.467601 
0.642995 0.612680 0.427466 0.726954 0.539118 0.546008 0.487533 0.691257 0.623503 0.486216 0.480536 0.725767 0.619476 0.600750 0.605041 0.498372 0.603458 0.860597 0.775378 0.722350 0.560530 0.453117 0.454652 0.665265 0.732315 0.533782 0.460470 0.502655 
0.685444 0.653088 0.456599 0.777403 0.574901 0.586291 0.522066 0.741194 0.668420 0.516106 0.514138 0.776636 0.658761 0.640447 0.645002 0.532903 0.649196 0.919268 0.827265 0.776483 0.598739 0.488049 0.487707 0.708805 0.780063 0.572759 0.493621 0.538198 
0.728197 0.693766 0.486057 0.828482 0.610958 0.627254 0.557084 0.791872 0.714004 0.545989 0.548215 0.828091 0.698192 0.680415 0.685235 0.567834 0.695831 0.978460 0.879599 0.831703 0.637281 0.523791 0.521331 0.752688 0.828082 0.612355 0.527302 0.574221 
0.771245 0.734708 0.515836 0.880184 0.647286 0.668887 0.592584 0.843281 0.760246 0.575860 0.582770 0.880115 0.737770 0.720646 0.725733 0.603161 0.743353 1.038158 0.932375 0.888009 0.676142 0.560348 0.555528 0.796919 0.876364 0.652561 0.561508 0.610719 
0.814585 0.775908 0.545934 0.932504 0.683880 0.711181 0.628563 0.895413 0.807134 0.605712 0.617803 0.932695 0.777493 0.761132 0.766486 0.638875 0.791754 1.098344 0.985590 0.945398 0.715310 0.597722 0.590301 0.841504 0.924905 0.693368 0.596236 0.647683 
0.858209 0.817361 0.576349 0.985436 0.720735 0.754126 0.665016 0.948258 0.854656 0.635542 0.653315 0.985816 0.817361 0.801868 0.807488 0.674971 0.841025 1.159003 1.039240 1.003868 0.754773 0.635918 0.625653 0.886446 0.973698 0.734766 0.631482 0.685107 
0.902113 0.859060 0.607076 1.038973 0.757847 0.797711 0.701939 1.001809 0.902800 0.665344 0.689306 1.039464 0.857375 0.842846 0.848732 0.711441 0.891155 1.220120 1.093323 1.063414 0.794520 0.674938 0.661589 0.931752 1.022739 0.776747 0.667243 0.722982 
0.946292 0.901001 0.638113 1.093108 0.795212 0.841924 0.739330 1.056057 0.951553 0.695114 0.725776 1.093625 0.897536 0.884060 0.890208 0.748277 0.942133 1.281681 1.147837 1.124032 0.834539 0.714786 0.698113 0.977428 1.072024 0.819299 0.703512 0.761300 
0.990741 0.943179 0.669455 1.147834 0.832826 0.886755 0.777184 1.110996 1.000902 0.724849 0.762725 1.148285 0.937845 0.925504 0.931911 0.785473 0.993950 1.343671 1.202780 1.185716 0.874819 0.755463 0.735229 1.023479 1.121550 0.862414 0.740285 0.800052 
1.035454 0.985591 0.701099 1.203144 0.870686 0.932192 0.815497 1.166618 1.050834 0.754544 0.800154 1.203432 0.978304 0.967173 0.973834 0.823022 1.046594 1.406077 1.258151 1.248461 0.915348 0.796972 0.772943 1.069914 1.171313 0.906082 0.777557 0.839230 
1.080428 1.028231 0.733041 1.259031 0.908787 0.978224 0.854266 1.222916 1.101335 0.784195 0.838060 1.259052 1.018915 1.009060 1.015968 0.860915 1.100053 1.468886 1.313950 1.312260 0.956116 0.839314 0.811261 1.116738 1.221311 0.950292 0.815321 0.878825 
1.125658 1.071098 0.765276 1.315485 0.947127 1.024837 0.893486 1.279883 1.152390 0.813799 0.876444 1.315132 1.059683 1.051161 1.058308 0.899145 1.154315 1.532085 1.370176 1.377104 0.997113 0.882491 0.850187 1.163960 1.271543 0.995035 0.853572 0.918826 
1.171141 1.114187 0.797800 1.372499 0.985702 1.072019 0.933154 1.337514 1.203986 0.843352 0.915305 1.371660 1.100609 1.093470 1.100847 0.937704 1.209368 1.595662 1.426830 1.442984 1.038327 0.926504 0.889728 1.211588 1.322007 1.040300 0.892303 0.959225 
1.216872 1.157496 0.830607 1.430064 1.024509 1.119757 0.973266 1.395803 1.256106 0.872853 0.954641 1.428624 1.141699 1.135983 1.143578 0.976585 1.265197 1.659607 1.483914 1.509892 1.079749 0.971354 0.929891 1.259630 1.372703 1.086076 0.931507 1.000011 
1.262847 1.201024 0.863693 1.488171 1.063546 1.168039 1.013818 1.454745 1.308736 0.902298 0.994451 1.486011 1.182956 1.178696 1.186495 1.015778 1.321791 1.723908 1.541429 1.577818 1.121369 1.017041 0.970682 1.308095 1.423632 1.132353 0.971176 1.041175 
1.309064 1.244767 0.897052 1.546811 1.102810 1.216850 1.054805 1.514333 1.361859 0.931685 1.034734 1.543809 1.224387 1.221604 1.229592 1.055276 1.379134 1.788555 1.599376 1.646749 1.163178 1.063565 1.012109 1.356992 1.474793 1.179120 1.011303 1.082705 
1.355520 1.288725 0.930678 1.605973 1.142299 1.266177 1.096224 1.574565 1.415459 0.961011 1.075487 1.602008 1.265996 1.264704 1.272863 1.095071 1.437212 1.853537 1.657759 1.716674 1.205165 1.110926 1.054179 1.406331 1.526189 1.226367 1.051881 1.124590 
1.402210 1.332897 0.964566 1.665649 1.182010 1.316006 1.138071 1.635434 1.469520 0.990275 1.116709 1.660596 1.307790 1.307991 1.316301 1.135153 1.496011 1.918847 1.716582 1.787582 1.247323 1.159123 1.096900 1.456123 1.577821 1.274082 1.092900 1.166821 
1.449133 1.377281 0.998708 1.725827 1.221941 1.366321 1.180342 1.696938 1.524024 1.019475 1.158397 1.719562 1.349775 1.351463 1.359901 1.175515 1.555514 1.984474 1.775846 1.859457 1.289641 1.208156 1.140280 1.506376 1.629692 1.322253 1.134352 1.209384 
1.496287 1.421878 1.033099 1.786497 1.262090 1.417109 1.223031 1.759072 1.578954 1.048610 1.200549 1.778895 1.391959 1.395116 1.403658 1.216147 1.615707 2.050411 1.835558 1.932286 1.332112 1.258023 1.184328 1.557103 1.681805 1.370870 1.176228 1.252269 
1.543668 1.466687 1.067733 1.847648 1.302456 1.468354 1.266137 1.821833 1.634291 1.077678 1.243161 1.838584 1.434348 1.438949 1.447566 1.257040 1.676574 2.116651 1.895722 2.006053 1.374727 1.308723 1.229052 1.608315 1.734164 1.419922 1.218518 1.295463 
1.591275 1.511710 1.102601 1.909268 1.343037 1.520040 1.309653 1.885218 1.690018 1.106678 1.286232 1.898620 1.476953 1.482957 1.491619 1.298186 1.738096 2.183185 1.956343 2.080744 1.417478 1.360253 1.274463 1.660023 1.786773 1.469395 1.261214 1.338954 
1.639106 1.556946 1.137697 1.971347 1.383832 1.572151 1.353576 1.949226 1.746116 1.135610 1.329757 1.958993 1.519780 1.527140 1.535813 1.339574 1.800257 2.250007 2.017428 2.156340 1.460357 1.412612 1.320570 1.712240 1.839637 1.519280 1.304303 1.382729 
1.687160 1.602398 1.173014 2.033872 1.424840 1.624673 1.397901 2.013852 1.802565 1.164473 1.373733 2.019692 1.562840 1.571494 1.580142 1.381197 1.863041 2.317112 2.078982 2.232825 1.503356 1.465797 1.367382 1.764977 1.892762 1.569563 1.347776 1.426776 
1.735434 1.648066 1.208543 2.096831 1.466059 1.677587 1.442625 2.079096 1.859345 1.193267 1.418158 2.080709 1.606141 1.616019 1.624601 1.423043 1.926427 2.384493 2.141012 2.310180 1.546467 1.519805 1.414911 1.818249 1.946155 1.620233 1.391623 1.471081 
1.783929 1.693953 1.244277 2.160211 1.507490 1.730878 1.487743 2.144956 1.916437 1.221992 1.463026 2.142034 1.649696 1.660713 1.669187 1.465104 1.990399 2.452146 2.203526 2.388386 1.589685 1.574633 1.463166 1.872068 1.999821 1.671278 1.435831 1.515631 
1.832642 1.740062 1.280208 2.224000 1.549130 1.784528 1.533251 2.211430 1.973821 1.250648 1.508334 2.203658 1.693513 1.705575 1.713894 1.507370 2.054936 2.520066 2.266533 2.467423 1.633001 1.630277 1.512159 1.926449 2.053768 1.722684 1.480389 1.560412 
1.881573 1.786394 1.316326 2.288184 1.590981 1.838519 1.579144 2.278519 2.031475 1.279237 1.554078 2.265573 1.737605 1.750604 1.758717 1.549830 2.120021 2.588248 2.330040 2.547270 1.676409 1.686733 1.561902 1.981404 2.108005 1.774440 1.525286 1.605411 
1.930723 1.832954 1.352624 2.352749 1.633041 1.892835 1.625417 2.346220 2.089378 1.307757 1.600252 2.327770 1.781983 1.795800 1.803654 1.592475 2.185632 2.656690 2.394058 2.627906 1.719902 1.743997 1.612406 2.036950 2.162539 1.826533 1.570508 1.650612 
1.980089 1.879744 1.389092 2.417683 1.675311 1.947456 1.672068 2.414535 2.147508 1.336212 1.646853 2.390241 1.826660 1.841161 1.848698 1.635295 2.251749 2.725389 2.458594 2.709308 1.763475 1.802065 1.663683 2.093101 2.217381 1.878951 1.616044 1.696000 
2.029674 1.926769 1.425721 2.482970 1.717791 2.002365 1.719090 2.483463 2.205844 1.364602 1.693875 2.452978 1.871649 1.886689 1.893848 1.678279 2.318352 2.794343 2.523661 2.791453 1.807120 1.860932 1.715746 2.149871 2.272540 1.931679 1.661879 1.741562 
2.079475 1.974033 1.462502 2.548597 1.760482 2.057542 1.766479 2.553005 2.264363 1.392927 1.741314 2.515974 1.916963 1.932383 1.939098 1.721416 2.385420 2.863548 2.589268 2.874318 1.850834 1.920592 1.768608 2.207279 2.328027 1.984706 1.708001 1.787282 
2.129495 2.021542 1.499425 2.614548 1.803382 2.112970 1.814232 2.623162 2.323042 1.421192 1.789163 2.579221 1.962615 1.978244 1.984445 1.764696 2.452931 2.933004 2.655426 2.957877 1.894609 1.981039 1.822282 2.265338 2.383852 2.038018 1.754396 1.833145 
2.179734 2.069299 1.536480 2.680808 1.846494 2.168627 1.862343 2.693935 2.381857 1.449396 1.837417 2.642712 2.008621 2.024273 2.029885 1.808109 2.520862 3.002711 2.722148 3.042104 1.938441 2.042269 1.876780 2.324066 2.440027 2.091601 1.801050 1.879133 
2.230192 2.117311 1.573657 2.747361 1.889819 2.224496 1.910808 2.765325 2.440786 1.477543 1.886070 2.706440 2.054995 2.070470 2.075415 1.851643 2.589191 3.072668 2.789446 3.126974 1.982324 2.104274 1.932119 2.383481 2.496564 2.145443 1.847948 1.925233 
2.280870 2.165583 1.610945 2.814193 1.933357 2.280554 1.959622 2.837335 2.499803 1.505635 1.935116 2.770398 2.101753 2.116837 2.121033 1.895287 2.657896 3.142874 2.857332 3.212459 2.026255 2.167049 1.988310 2.443599 2.553477 2.199529 1.895075 1.971426 
2.331770 2.214122 1.648333 2.881287 1.977109 2.336783 2.008780 2.909967 2.558884 1.533675 1.984550 2.834581 2.148911 2.163377 2.166734 1.939030 2.726952 3.213332 2.925821 3.298531 2.070227 2.230586 2.045370 2.504438 2.610779 2.253845 1.942416 2.017697 
2.382894 2.262934 1.685811 2.948626 2.021077 2.393162 2.058279 2.983223 2.618005 1.561665 2.034363 2.898982 2.196484 2.210089 2.212516 1.982861 2.796336 3.284042 2.994926 3.385161 2.114238 2.294878 2.103313 2.566017 2.668484 2.308378 1.989956 2.064028 
2.434242 2.312027 1.723367 3.016193 2.065263 2.449669 2.108112 3.057107 2.677140 1.589610 2.084551 2.963595 2.244492 2.256977 2.258376 2.026768 2.866023 3.355006 3.064661 3.472319 2.158283 2.359917 2.162155 2.628355 2.726606 2.363114 2.037678 2.110402 
2.485818 2.361408 1.760990 3.083973 2.109668 2.506283 2.158276 3.131622 2.736262 1.617512 2.135105 3.028415 2.292949 2.304044 2.304312 2.070740 2.935988 3.426227 3.135041 3.559976 2.202357 2.425696 2.221910 2.691470 2.785162 2.418039 2.085567 2.156802 
2.537623 2.411085 1.798669 3.151946 2.154295 2.562983 2.208765 3.206771 2.795347 1.645375 2.186018 3.093436 2.341876 2.351291 2.350321 2.114765 3.006207 3.497706 3.206083 3.648099 2.246459 2.492207 2.282596 2.755381 2.844166 2.473137 2.133605 2.203210 
2.589659 2.461065 1.836390 3.220096 2.199145 2.619747 2.259576 3.282559 2.854366 1.673204 2.237283 3.158654 2.391291 2.398722 2.396400 2.158830 3.076654 3.569449 3.277802 3.736658 2.290583 2.559440 2.344228 2.820110 2.903635 2.528395 2.181775 2.249608 
2.641930 2.511359 1.874142 3.288405 2.244221 2.676552 2.310702 3.358990 2.913294 1.701002 2.288893 3.224063 2.441211 2.446340 2.442548 2.202925 3.147301 3.641458 3.350214 3.825617 2.334727 2.627387 2.406824 2.885676 2.963587 2.583798 2.230061 2.295977 
2.694437 2.561974 1.911912 3.356853 2.289525 2.733375 2.362139 3.436069 2.972103 1.728775 2.340840 3.289659 2.491658 2.494149 2.488762 2.247036 3.218124 3.713738 3.423338 3.914945 2.378889 2.696039 2.470399 2.952100 3.024040 2.639332 2.278444 2.342298 
2.747185 2.612921 1.949688 3.425423 2.335060 2.790194 2.413883 3.513800 3.030765 1.756526 2.393115 3.355438 2.542652 2.542152 2.535041 2.291152 3.289094 3.786295 3.497190 4.004607 2.423065 2.765386 2.534973 3.019403 3.085010 2.694980 2.326906 2.388553 
2.800176 2.664208 1.987457 3.494095 2.380830 2.846986 2.465928 3.592190 3.089251 1.784260 2.445710 3.421396 2.594212 2.590354 2.581383 2.335260 3.360184 3.859133 3.571789 4.094567 2.467254 2.835419 2.600562 3.087606 3.146518 2.750728 2.375429 2.434722 
2.853414 2.715847 2.025204 3.562850 2.426836 2.903727 2.518269 3.671245 3.147534 1.811984 2.498617 3.487528 2.646360 2.638758 2.627786 2.379348 3.431366 3.932260 3.647153 4.184789 2.511452 2.906127 2.667185 3.156732 3.208584 2.806561 2.423994 2.480786 
2.906902 2.767847 2.062918 3.631669 2.473083 2.960392 2.570902 3.750969 3.205583 1.839702 2.551827 3.553833 2.699118 2.687370 2.674248 2.423402 3.502612 4.005680 3.723302 4.275236 2.555658 2.977499 2.734860 3.226803 3.271226 2.862464 2.472581 2.526725 
2.960645 2.820220 2.100584 3.700531 2.519574 3.016958 2.623821 3.831371 3.263370 1.867421 2.605331 3.620305 2.752508 2.736194 2.720770 2.467410 3.573892 4.079402 3.800256 4.365871 2.599871 3.049525 2.803605 3.297842 3.334466 2.918421 2.521171 2.572518 
3.014647 2.872977 2.138188 3.769416 2.566312 3.073401 2.677021 3.912456 3.320864 1.895145 2.659119 3.686943 2.806553 2.785236 2.767348 2.511359 3.645178 4.153434 3.878035 4.456655 2.644089 3.122193 2.873442 3.369871 3.398325 2.974416 2.569745 2.618145 
3.068912 2.926129 2.175715 3.838304 2.613301 3.129694 2.730498 3.994232 3.378036 1.922882 2.713184 3.753743 2.861276 2.834500 2.813984 2.555235 3.716439 4.227782 3.956660 4.547548 2.688311 3.195492 2.944388 3.442916 3.462826 3.030433 2.618281 2.663586 
3.123444 2.979690 2.213152 3.907173 2.660546 3.185814 2.784246 4.076706 3.434854 1.950638 2.767514 3.820704 2.916701 2.883994 2.860674 2.599026 3.787646 4.302457 4.036152 4.638511 2.732536 3.269411 3.016463 3.516998 3.527991 3.086457 2.666759 2.708820 
3.178249 3.033671 2.250484 3.976003 2.708050 3.241734 2.838259 4.159887 3.491287 1.978419 2.822100 3.887822 2.972852 2.933721 2.907420 2.642718 3.858767 4.377467 4.116534 4.729502 2.776763 3.343936 3.089689 3.592144 3.593842 3.142472 2.715159 2.753824 
3.233332 3.088086 2.287695 4.044771 2.755818 3.297429 2.892534 4.243783 3.547304 2.006233 2.876931 3.955096 3.029754 2.983690 2.954220 2.686297 3.929772 4.452823 4.197827 4.820480 2.820992 3.419056 3.164086 3.668378 3.660404 3.198461 2.763458 2.798578 
3.288698 3.142947 2.324770 4.113456 2.803854 3.352872 2.947064 4.328402 3.602873 2.034087 2.931999 4.022525 3.087432 3.033906 3.001074 2.729750 4.000629 4.528534 4.280055 4.911401 2.865222 3.494757 3.239673 3.745724 3.727701 3.254408 2.811636 2.843059 
3.344351 3.198268 2.361694 4.182036 2.852163 3.408038 3.001845 4.413753 3.657962 2.061987 2.987291 4.090106 3.145911 3.084376 3.047981 2.773063 4.071306 4.604611 4.363242 5.002224 2.909454 3.571026 3.316474 3.824210 3.795759 3.310296 2.859669 2.887246 
3.400300 3.254064 2.398451 4.250487 2.900750 3.462898 3.056870 4.499846 3.712537 2.089943 3.042798 4.157839 3.205220 3.135108 3.094942 2.816222 4.141770 4.681065 4.447412 5.092903 2.953688 3.647850 3.394510 3.903860 3.864602 3.366109 2.907536 2.931116 
3.456548 3.310349 2.435025 4.318788 2.949620 3.517426 3.112136 4.586690 3.766565 2.117962 3.098508 4.225723 3.265383 3.186108 3.141957 2.859212 4.211988 4.757910 4.532588 5.183393 2.997924 3.725215 3.473802 3.984701 3.934257 3.421829 2.955214 2.974646 
3.513102 3.367138 2.471399 4.386915 2.998778 3.571595 3.167636 4.674295 3.820013 2.146051 3.154411 4.293757 3.326430 3.237385 3.189026 2.902020 4.281927 4.835156 4.618797 5.273650 3.042163 3.803107 3.554372 4.066760 4.004751 3.477441 3.002678 3.017813 
3.569969 3.424445 2.507558 4.454845 3.048231 3.625377 3.223365 4.762672 3.872847 2.174220 3.210494 4.361940 3.388386 3.288946 3.236149 2.944631 4.351553 4.912817 4.706064 5.363625 3.086406 3.881511 3.636245 4.150065 4.076111 3.532926 3.049907 3.060593 
3.627155 3.482287 2.543483 4.522553 3.097982 3.678743 3.279318 4.851831 3.925033 2.202478 3.266747 4.430273 3.451282 3.340799 3.283327 2.987030 4.420833 4.990906 4.794415 5.453271 3.130655 3.960412 3.719443 4.234643 4.148365 3.588268 3.096876 3.102964 
3.684667 3.540680 2.579160 4.590015 3.148039 3.731665 3.335489 4.941784 3.976535 2.230832 3.323156 4.498756 3.515146 3.392953 3.330560 3.029203 4.489730 5.069438 4.883878 5.542541 3.174910 4.039795 3.803988 4.320522 4.221542 3.643450 3.143560 3.144900 
3.742513 3.599640 2.614569 4.657207 3.198408 3.784114 3.391873 5.032542 4.027318 2.259293 3.379711 4.567389 3.580007 3.445416 3.377850 3.071136 4.558210 5.148427 4.974479 5.631386 3.219173 4.119644 3.889906 4.407731 4.295671 3.698453 3.189936 3.186379 
3.800698 3.659184 2.649694 4.724105 3.249093 3.836062 3.448465 5.124116 4.077346 2.287869 3.436399 4.636172 3.645896 3.498198 3.425196 3.112812 4.626237 5.227888 5.066246 5.719754 3.263447 4.199945 3.977220 4.496298 4.370783 3.753260 3.235978 3.227375 
3.859232 3.719328 2.684516 4.790683 3.300103 3.887478 3.505259 5.216519 4.126585 2.316571 3.493208 4.705107 3.712843 3.551308 3.472601 3.154217 4.693775 5.307837 5.159208 5.807596 3.307734 4.280680 4.065955 4.586254 4.446906 3.807853 3.281660 3.267863 
3.918121 3.780092 2.719018 4.856915 3.351443 3.938334 3.562249 5.309764 4.174996 2.345409 3.550124 4.774195 3.780878 3.604755 3.520066 3.195336 4.760788 5.388289 5.253394 5.894861 3.352036 4.361833 4.156135 4.677627 4.524073 3.862215 3.326957 3.307819 
3.977374 3.841491 2.753182 4.922776 3.403120 3.988598 3.619430 5.403862 4.222543 2.374392 3.607135 4.843437 3.850034 3.658549 3.567591 3.236153 4.827238 5.469262 5.348833 5.981496 3.396355 4.443387 4.247786 4.770448 4.602315 3.916326 3.371843 3.347217 
4.036998 3.903546 2.786988 4.988240 3.455142 4.038241 3.676796 5.498828 4.269189 2.403531 3.664228 4.912835 3.920343 3.712701 3.615179 3.276653 4.893088 5.550772 5.445555 6.067447 3.440695 4.525325 4.340934 4.864747 4.681664 3.970170 3.416292 3.386031 
4.097003 3.966275 2.820418 5.053280 3.507515 4.087232 3.734342 5.594675 4.314897 2.432837 3.721389 4.982390 3.991837 3.767220 3.662831 3.316820 4.958300 5.632838 5.543590 6.152661 3.485058 4.607629 4.435604 4.960556 4.762153 4.023727 3.460276 3.424235 
4.157396 4.029696 2.853454 5.117870 3.560246 4.135539 3.792062 5.691416 4.359627 2.462320 3.778604 5.052106 4.064549 3.822117 3.710549 3.356639 5.022835 5.715477 5.642970 6.237084 3.529449 4.690282 4.531822 5.057906 4.843816 4.076980 3.503769 3.461804 
4.218186 4.093829 2.886074 5.181982 3.613343 4.183132 3.849950 5.789066 4.403341 2.491992 3.835860 5.121984 4.138513 3.877404 3.758335 3.396093 5.086656 5.798709 5.743727 6.320659 3.573871 4.773265 4.629615 5.156829 4.926687 4.129908 3.546743 3.498710 
4.279384 4.158695 2.918262 5.245590 3.666814 4.229979 3.908001 5.887640 4.446001 2.521864 3.893143 5.192027 4.213763 3.933091 3.806191 3.435166 5.149722 5.882552 5.845892 6.403331 3.618327 4.856561 4.729011 5.257356 5.010800 4.182494 3.589170 3.534927 
4.340997 4.224314 2.949995 5.308665 3.720666 4.276048 3.966208 5.987152 4.487567 2.551948 3.950438 5.262238 4.290334 3.989189 3.854119 3.473842 5.211993 5.967027 5.949498 6.485042 3.662821 4.940149 4.830036 5.359521 5.096191 4.234719 3.631021 3.570427 
4.403035 4.290705 2.981255 5.371180 3.774908 4.321305 4.024567 6.087618 4.527999 2.582256 4.007732 5.332620 4.368261 4.045712 3.902123 3.512105 5.273431 6.052154 6.054578 6.565734 3.707359 5.024011 4.932718 5.463356 5.182896 4.286563 3.672269 3.605183 
4.465509 4.357891 3.012020 5.433105 3.829548 4.365720 4.083071 6.189054 4.567257 2.612799 4.065008 5.403177 4.447579 4.102670 3.950204 3.549938 5.333993 6.137953 6.161166 6.645348 3.751945 5.108127 5.037086 5.568895 5.270951 4.338008 3.712884 3.639168 
NaN NaN NaN NaN NaN NaN NaN NaN NaN NaN NaN NaN NaN NaN NaN NaN NaN NaN NaN NaN NaN NaN NaN NaN NaN NaN NaN NaN 
NaN NaN NaN NaN NaN NaN NaN NaN NaN NaN NaN NaN NaN NaN NaN NaN NaN NaN NaN NaN NaN NaN NaN NaN NaN NaN NaN NaN 
NaN NaN NaN NaN NaN NaN NaN NaN NaN NaN NaN NaN NaN NaN NaN NaN NaN NaN NaN NaN NaN NaN NaN NaN NaN NaN NaN NaN 
NaN NaN NaN NaN NaN NaN NaN NaN NaN NaN NaN NaN NaN NaN NaN NaN NaN NaN NaN NaN NaN NaN NaN NaN NaN NaN NaN NaN 
