NaN NaN NaN NaN NaN NaN NaN NaN NaN NaN NaN NaN NaN NaN NaN NaN NaN NaN NaN NaN NaN NaN NaN NaN NaN NaN NaN NaN 
NaN NaN NaN NaN NaN NaN NaN NaN NaN NaN NaN NaN NaN NaN NaN NaN NaN NaN NaN NaN NaN NaN NaN NaN NaN NaN NaN NaN 
NaN NaN NaN NaN NaN NaN NaN NaN NaN NaN NaN NaN NaN NaN NaN NaN NaN NaN NaN NaN NaN NaN NaN NaN NaN NaN NaN NaN 
NaN NaN NaN NaN NaN NaN NaN NaN NaN NaN NaN NaN NaN NaN NaN NaN NaN NaN NaN NaN NaN NaN NaN NaN NaN NaN NaN NaN 
NaN NaN NaN NaN NaN NaN NaN NaN NaN NaN NaN NaN NaN NaN NaN NaN NaN NaN NaN NaN NaN NaN NaN NaN NaN NaN NaN NaN 
NaN NaN NaN NaN NaN NaN NaN NaN NaN NaN NaN NaN NaN NaN NaN NaN NaN NaN NaN NaN NaN NaN NaN NaN NaN NaN NaN NaN 
-0.701239 -0.338807 -1.112880 0.548171 -1.662886 -0.625626 -0.974271 0.297630 -0.823119 -0.923590 -1.092515 -0.552019 -0.390450 -0.150080 -0.288741 -0.051006 1.119405 -0.035759 -2.084203 -0.653671 0.003806 -0.018215 -0.255041 -0.715328 -1.463751 -0.114629 -0.292084 -0.181935 
-0.683933 -0.307435 -1.048843 0.462636 -1.676436 -0.607457 -1.068265 0.225781 -0.837198 -0.868541 -1.056155 -0.559480 -0.439538 -0.166098 -0.273182 -0.053198 0.950004 -0.138601 -1.970084 -0.668021 -0.085255 -0.074970 -0.283911 -0.728444 -1.417540 -0.154996 -0.354203 -0.184456 
-0.667696 -0.279251 -0.987986 0.381103 -1.686368 -0.590472 -1.153993 0.157091 -0.849203 -0.816825 -1.020992 -0.566187 -0.484594 -0.181279 -0.258899 -0.055597 0.789022 -0.235568 -1.860685 -0.681652 -0.168780 -0.128957 -0.311334 -0.740131 -1.372614 -0.192292 -0.411890 -0.187307 
-0.652451 -0.254082 -0.930203 0.303512 -1.692807 -0.574594 -1.231721 0.091535 -0.859195 -0.768303 -0.986978 -0.572136 -0.525745 -0.195624 -0.245823 -0.058175 0.636298 -0.326767 -1.755881 -0.694522 -0.246903 -0.180201 -0.337307 -0.750406 -1.328924 -0.226614 -0.465265 -0.190442 
-0.638123 -0.231758 -0.875383 0.229802 -1.695872 -0.559748 -1.301714 0.029093 -0.867236 -0.722837 -0.954066 -0.577320 -0.563114 -0.209136 -0.233887 -0.060905 0.491670 -0.412306 -1.655551 -0.706593 -0.319758 -0.228723 -0.361828 -0.759285 -1.286425 -0.258062 -0.514447 -0.193814 
-0.624637 -0.212112 -0.823422 0.159912 -1.695684 -0.545861 -1.364231 -0.030260 -0.873386 -0.680294 -0.922210 -0.581737 -0.596822 -0.221814 -0.223023 -0.063761 0.354977 -0.492291 -1.559573 -0.717825 -0.387474 -0.274546 -0.384898 -0.766787 -1.245072 -0.286731 -0.559553 -0.197380 
-0.611919 -0.194979 -0.774213 0.093781 -1.692361 -0.532860 -1.419529 -0.086548 -0.877703 -0.640539 -0.891364 -0.585382 -0.626990 -0.233660 -0.213167 -0.066717 0.226062 -0.566829 -1.467828 -0.728182 -0.450180 -0.317693 -0.406514 -0.772928 -1.204819 -0.312718 -0.600699 -0.201094 
-0.599900 -0.180200 -0.727653 0.031350 -1.686017 -0.520675 -1.467859 -0.139794 -0.880244 -0.603443 -0.861483 -0.588250 -0.653735 -0.244676 -0.204255 -0.069748 0.104768 -0.636024 -1.380197 -0.737626 -0.508006 -0.358188 -0.426676 -0.777726 -1.165622 -0.336114 -0.637998 -0.204914 
-0.588508 -0.167615 -0.683640 -0.027440 -1.676769 -0.509236 -1.509470 -0.190022 -0.881067 -0.568876 -0.832525 -0.590339 -0.677175 -0.254864 -0.196223 -0.072829 -0.009062 -0.699982 -1.296560 -0.746124 -0.561076 -0.396055 -0.445385 -0.781198 -1.127439 -0.357012 -0.671562 -0.208798 
-0.577676 -0.157071 -0.642072 -0.082651 -1.664728 -0.498474 -1.544606 -0.237258 -0.880227 -0.536711 -0.804444 -0.591644 -0.697424 -0.264224 -0.189010 -0.075936 -0.115583 -0.758805 -1.216803 -0.753641 -0.609515 -0.431316 -0.462640 -0.783362 -1.090225 -0.375502 -0.701502 -0.212703 
-0.567337 -0.148416 -0.602851 -0.134340 -1.650004 -0.488323 -1.573507 -0.281526 -0.877778 -0.506823 -0.777199 -0.592163 -0.714595 -0.272760 -0.182554 -0.079046 -0.214948 -0.812596 -1.140808 -0.760143 -0.653447 -0.463997 -0.478441 -0.784233 -1.053940 -0.391674 -0.727927 -0.216590 
-0.557426 -0.141502 -0.565879 -0.182567 -1.632708 -0.478717 -1.596410 -0.322852 -0.873774 -0.479089 -0.750747 -0.591892 -0.728798 -0.280473 -0.176797 -0.082135 -0.307308 -0.861457 -1.068462 -0.765600 -0.692992 -0.494120 -0.492790 -0.783830 -1.018541 -0.405613 -0.750944 -0.220417 
-0.547878 -0.136182 -0.531058 -0.227390 -1.612946 -0.469591 -1.613548 -0.361262 -0.868267 -0.453389 -0.725048 -0.590830 -0.740143 -0.287366 -0.171680 -0.085180 -0.392816 -0.905489 -0.999650 -0.769981 -0.728271 -0.521710 -0.505688 -0.782170 -0.983988 -0.417408 -0.770658 -0.224145 
-0.538631 -0.132316 -0.498293 -0.268867 -1.590823 -0.460884 -1.625149 -0.396781 -0.861309 -0.429603 -0.700061 -0.588973 -0.748738 -0.293441 -0.167146 -0.088160 -0.471619 -0.944793 -0.934259 -0.773256 -0.759402 -0.546792 -0.517135 -0.779269 -0.950241 -0.427140 -0.787173 -0.227737 
-0.529624 -0.129763 -0.467492 -0.307057 -1.566445 -0.452532 -1.631438 -0.429438 -0.852949 -0.407614 -0.675747 -0.586320 -0.754688 -0.298701 -0.163139 -0.091051 -0.543867 -0.979468 -0.872179 -0.775397 -0.786503 -0.569390 -0.527134 -0.775145 -0.917261 -0.434894 -0.800591 -0.231154 
-0.520798 -0.128388 -0.438560 -0.342018 -1.539912 -0.444477 -1.632636 -0.459258 -0.843237 -0.387308 -0.652066 -0.582869 -0.758096 -0.303147 -0.159604 -0.093834 -0.609706 -1.009613 -0.813297 -0.776378 -0.809687 -0.589529 -0.535686 -0.769815 -0.885008 -0.440750 -0.811012 -0.234360 
-0.512095 -0.128059 -0.411409 -0.373806 -1.511325 -0.436658 -1.628960 -0.486269 -0.832220 -0.368571 -0.628980 -0.578619 -0.759065 -0.306784 -0.156487 -0.096486 -0.669282 -1.035326 -0.757506 -0.776170 -0.829069 -0.607234 -0.542795 -0.763297 -0.853446 -0.444789 -0.818535 -0.237318 
-0.503459 -0.128644 -0.385947 -0.402479 -1.480782 -0.429018 -1.620623 -0.510499 -0.819946 -0.351293 -0.606453 -0.573568 -0.757696 -0.309615 -0.153736 -0.098989 -0.722739 -1.056703 -0.704697 -0.774751 -0.844762 -0.622530 -0.548462 -0.755606 -0.822536 -0.447088 -0.823257 -0.239993 
-0.494833 -0.130017 -0.362087 -0.428094 -1.448381 -0.421501 -1.607834 -0.531976 -0.806460 -0.335364 -0.584446 -0.567715 -0.754086 -0.311641 -0.151300 -0.101321 -0.770221 -1.073841 -0.654761 -0.772096 -0.856875 -0.635443 -0.552690 -0.746760 -0.792242 -0.447724 -0.825273 -0.242351 
-0.486166 -0.132056 -0.339742 -0.450707 -1.414217 -0.414052 -1.590798 -0.550728 -0.791808 -0.320677 -0.562924 -0.561060 -0.748332 -0.312867 -0.149128 -0.103464 -0.811868 -1.086837 -0.607594 -0.768183 -0.865518 -0.645998 -0.555483 -0.736777 -0.762527 -0.446771 -0.824677 -0.244357 
-0.477405 -0.134638 -0.318827 -0.470375 -1.378382 -0.406617 -1.569718 -0.566785 -0.776033 -0.307128 -0.541852 -0.553603 -0.740529 -0.313297 -0.147171 -0.105400 -0.847822 -1.095783 -0.563088 -0.762990 -0.870798 -0.654221 -0.556844 -0.725673 -0.733358 -0.444305 -0.821561 -0.245980 
-0.468499 -0.137648 -0.299258 -0.487154 -1.340969 -0.399144 -1.544790 -0.580176 -0.759178 -0.294613 -0.521196 -0.545343 -0.730769 -0.312933 -0.145381 -0.107108 -0.878221 -1.100775 -0.521141 -0.756496 -0.872822 -0.660138 -0.556778 -0.713465 -0.704698 -0.440396 -0.816015 -0.247186 
-0.459399 -0.140970 -0.280953 -0.501098 -1.302067 -0.391582 -1.516208 -0.590930 -0.741284 -0.283032 -0.500921 -0.536280 -0.719145 -0.311779 -0.143712 -0.108572 -0.903204 -1.101906 -0.481649 -0.748683 -0.871693 -0.663775 -0.555287 -0.700171 -0.676515 -0.435116 -0.808127 -0.247944 
-0.450058 -0.144494 -0.263831 -0.512265 -1.261764 -0.383881 -1.484162 -0.599078 -0.722392 -0.272285 -0.480994 -0.526416 -0.705745 -0.309840 -0.142119 -0.109775 -0.922906 -1.099268 -0.444510 -0.739532 -0.867515 -0.665158 -0.552378 -0.685807 -0.648775 -0.428532 -0.797985 -0.248225 
-0.440429 -0.148110 -0.247811 -0.520709 -1.220147 -0.375993 -1.448837 -0.604650 -0.702541 -0.262275 -0.461383 -0.515750 -0.690657 -0.307120 -0.140556 -0.110699 -0.937464 -1.092951 -0.409623 -0.729027 -0.860388 -0.664315 -0.548055 -0.670390 -0.621445 -0.420714 -0.785673 -0.247997 
-0.430469 -0.151716 -0.232817 -0.526484 -1.177300 -0.367871 -1.410415 -0.607677 -0.681770 -0.252907 -0.442057 -0.504284 -0.673967 -0.303622 -0.138981 -0.111328 -0.947011 -1.083049 -0.376888 -0.717151 -0.850413 -0.661271 -0.542322 -0.653937 -0.594493 -0.411726 -0.771275 -0.247232 
-0.420134 -0.155208 -0.218771 -0.529645 -1.133307 -0.359469 -1.369075 -0.608189 -0.660116 -0.244089 -0.422985 -0.492019 -0.655759 -0.299352 -0.137352 -0.111646 -0.951679 -1.069649 -0.346206 -0.703890 -0.837688 -0.656053 -0.535186 -0.636465 -0.567889 -0.401634 -0.754874 -0.245903 
-0.409382 -0.158487 -0.205598 -0.530247 -1.088247 -0.350742 -1.324991 -0.606220 -0.637616 -0.235729 -0.404135 -0.478956 -0.636115 -0.294313 -0.135627 -0.111637 -0.951600 -1.052841 -0.317478 -0.689230 -0.822309 -0.648689 -0.526652 -0.617992 -0.541601 -0.390499 -0.736549 -0.243980 
-0.398174 -0.161459 -0.193224 -0.528344 -1.042202 -0.341648 -1.278332 -0.601800 -0.614304 -0.227739 -0.385480 -0.465098 -0.615115 -0.288510 -0.133768 -0.111288 -0.946905 -1.032714 -0.290609 -0.673160 -0.804372 -0.639206 -0.516726 -0.598533 -0.515600 -0.378384 -0.716378 -0.241439 
-0.386470 -0.164030 -0.181576 -0.523989 -0.995248 -0.332145 -1.229265 -0.594961 -0.590214 -0.220030 -0.366990 -0.450446 -0.592838 -0.281949 -0.131735 -0.110582 -0.937722 -1.009356 -0.265501 -0.655666 -0.783969 -0.627631 -0.505415 -0.578107 -0.489857 -0.365349 -0.694438 -0.238252 
-0.374234 -0.166111 -0.170584 -0.517235 -0.947461 -0.322193 -1.177953 -0.585738 -0.565380 -0.212519 -0.348637 -0.435004 -0.569361 -0.274633 -0.129491 -0.109507 -0.924178 -0.982852 -0.242062 -0.636741 -0.761194 -0.613993 -0.492725 -0.556729 -0.464344 -0.351451 -0.670805 -0.234396 
-0.361429 -0.167617 -0.160178 -0.508136 -0.898915 -0.311752 -1.124554 -0.574162 -0.539834 -0.205122 -0.330395 -0.418773 -0.544758 -0.266569 -0.127000 -0.108049 -0.906399 -0.953289 -0.220196 -0.616374 -0.736136 -0.598318 -0.478664 -0.534417 -0.439031 -0.336748 -0.645552 -0.229845 
-0.348022 -0.168462 -0.150289 -0.496744 -0.849684 -0.300785 -1.069222 -0.560268 -0.513607 -0.197757 -0.312236 -0.401757 -0.519103 -0.257761 -0.124228 -0.106195 -0.884511 -0.920752 -0.199811 -0.594557 -0.708885 -0.580635 -0.463238 -0.511187 -0.413894 -0.321294 -0.618751 -0.224576 
-0.333980 -0.168568 -0.140852 -0.483112 -0.799836 -0.289255 -1.012108 -0.544089 -0.486727 -0.190347 -0.294135 -0.383958 -0.492468 -0.248215 -0.121139 -0.103932 -0.858637 -0.885325 -0.180816 -0.571285 -0.679527 -0.560972 -0.446456 -0.487057 -0.388904 -0.305144 -0.590471 -0.218567 
-0.319272 -0.167858 -0.131800 -0.467293 -0.749442 -0.277128 -0.953359 -0.525660 -0.459225 -0.182814 -0.276066 -0.365381 -0.464921 -0.237936 -0.117702 -0.101249 -0.828899 -0.847093 -0.163120 -0.546551 -0.648148 -0.539357 -0.428325 -0.462043 -0.364036 -0.288350 -0.560781 -0.211795 
-0.303868 -0.166256 -0.123069 -0.449338 -0.698569 -0.264369 -0.893119 -0.505014 -0.431127 -0.175082 -0.258007 -0.346029 -0.436530 -0.226931 -0.113885 -0.098134 -0.795418 -0.806137 -0.146634 -0.520350 -0.614834 -0.515820 -0.408854 -0.436162 -0.339265 -0.270963 -0.529748 -0.204241 
-0.287739 -0.163694 -0.114597 -0.429298 -0.647281 -0.250947 -0.831525 -0.482188 -0.402461 -0.167079 -0.239932 -0.325906 -0.407362 -0.215205 -0.109658 -0.094575 -0.758314 -0.762540 -0.131269 -0.492680 -0.579665 -0.490388 -0.388052 -0.409431 -0.314567 -0.253031 -0.497437 -0.195882 
-0.270859 -0.160102 -0.106324 -0.407226 -0.595644 -0.236830 -0.768713 -0.457217 -0.373251 -0.158734 -0.221820 -0.305017 -0.377481 -0.202763 -0.104991 -0.090563 -0.717706 -0.716382 -0.116938 -0.463538 -0.542724 -0.463091 -0.365926 -0.381866 -0.289918 -0.234602 -0.463911 -0.186700 
-0.253203 -0.155417 -0.098188 -0.383172 -0.543717 -0.221988 -0.704815 -0.430135 -0.343523 -0.149977 -0.203647 -0.283366 -0.346949 -0.189613 -0.099856 -0.086088 -0.673710 -0.667745 -0.103554 -0.432923 -0.504090 -0.433958 -0.342487 -0.353485 -0.265295 -0.215724 -0.429231 -0.176677 
-0.234747 -0.149576 -0.090133 -0.357186 -0.491563 -0.206393 -0.639957 -0.400981 -0.313300 -0.140742 -0.185394 -0.260958 -0.315826 -0.175760 -0.094227 -0.081139 -0.626442 -0.616708 -0.091032 -0.400836 -0.463841 -0.403019 -0.317745 -0.324304 -0.240676 -0.196439 -0.393458 -0.165794 
-0.215468 -0.142522 -0.082101 -0.329321 -0.439239 -0.190017 -0.574263 -0.369789 -0.282604 -0.130963 -0.167038 -0.237798 -0.284171 -0.161211 -0.088077 -0.075708 -0.576017 -0.563349 -0.079288 -0.367277 -0.422053 -0.370302 -0.291708 -0.294340 -0.216038 -0.176791 -0.356650 -0.154033 
-0.195347 -0.134199 -0.074036 -0.299625 -0.386801 -0.172836 -0.507852 -0.336598 -0.251456 -0.120577 -0.148561 -0.213892 -0.252041 -0.145973 -0.081383 -0.069787 -0.522548 -0.507747 -0.068239 -0.332249 -0.378802 -0.335838 -0.264387 -0.263609 -0.191362 -0.156823 -0.318863 -0.141380 
-0.174362 -0.124555 -0.065885 -0.268148 -0.334306 -0.154825 -0.440840 -0.301443 -0.219877 -0.109523 -0.129943 -0.189245 -0.219492 -0.130052 -0.074120 -0.063367 -0.466147 -0.449979 -0.057803 -0.295755 -0.334161 -0.299656 -0.235793 -0.232129 -0.166626 -0.136573 -0.280153 -0.127817 
-0.152497 -0.113541 -0.057595 -0.234941 -0.281806 -0.135960 -0.373339 -0.264364 -0.187885 -0.097743 -0.111165 -0.163864 -0.186577 -0.113455 -0.066268 -0.056440 -0.406924 -0.390120 -0.047899 -0.257799 -0.288201 -0.261787 -0.205936 -0.199916 -0.141811 -0.116081 -0.240573 -0.113331 
-0.129735 -0.101111 -0.049115 -0.200052 -0.229352 -0.116220 -0.305457 -0.225398 -0.155499 -0.085178 -0.092210 -0.137754 -0.153346 -0.096189 -0.057804 -0.049000 -0.344989 -0.328248 -0.038446 -0.218389 -0.240993 -0.222261 -0.174828 -0.166987 -0.116898 -0.095383 -0.200173 -0.097908 
-0.106062 -0.087221 -0.040395 -0.163531 -0.176995 -0.095584 -0.237297 -0.184584 -0.122736 -0.071774 -0.073062 -0.110923 -0.119851 -0.078262 -0.048709 -0.041040 -0.280450 -0.264435 -0.029366 -0.177530 -0.192605 -0.181109 -0.142480 -0.133358 -0.091869 -0.074515 -0.159004 -0.081534 
-0.081463 -0.071833 -0.031387 -0.125427 -0.124781 -0.074033 -0.168960 -0.141960 -0.089611 -0.057478 -0.053703 -0.083376 -0.086138 -0.059681 -0.038964 -0.032553 -0.213413 -0.198758 -0.020581 -0.135230 -0.143105 -0.138360 -0.108903 -0.099046 -0.066706 -0.053510 -0.117115 -0.064196 
-0.055927 -0.054910 -0.022044 -0.085787 -0.072759 -0.051549 -0.100541 -0.097566 -0.056139 -0.042238 -0.034118 -0.055122 -0.052254 -0.040453 -0.028551 -0.023535 -0.143985 -0.131287 -0.012013 -0.091499 -0.092559 -0.094046 -0.074111 -0.064067 -0.041392 -0.032402 -0.074551 -0.045884 
-0.029444 -0.036417 -0.012320 -0.044660 -0.020971 -0.028117 -0.032133 -0.051441 -0.022335 -0.026006 -0.014292 -0.026167 -0.018244 -0.020586 -0.017455 -0.013980 -0.072268 -0.062097 -0.003589 -0.046347 -0.041029 -0.048198 -0.038114 -0.028440 -0.015912 -0.011221 -0.031358 -0.026586 
-0.002005 -0.016325 -0.002172 -0.002093 0.030538 -0.003720 0.036176 -0.003626 0.011790 -0.008734 0.005788 0.003480 0.015851 -0.000088 -0.005659 -0.003883 0.001633 0.008741 0.004769 0.000215 0.011421 -0.000847 -0.000927 0.007821 0.009751 0.010003 0.012422 -0.006293 
0.026399 0.005394 0.008444 0.041864 0.081729 0.021655 0.104302 0.045840 0.046223 0.009623 0.026135 0.033813 0.049989 0.021033 0.006849 0.006759 0.077618 0.081158 0.013132 0.048174 0.064730 0.047975 0.037439 0.044699 0.035612 0.031243 0.056747 0.015005 
0.055772 0.028764 0.019568 0.087166 0.132562 0.048020 0.172164 0.096916 0.080954 0.029108 0.046764 0.064822 0.084132 0.042770 0.020083 0.017951 0.155586 0.155081 0.021574 0.097516 0.118839 0.098237 0.076969 0.082176 0.061684 0.052473 0.101577 0.037316 
0.086119 0.053806 0.031240 0.133766 0.183000 0.075387 0.239685 0.149560 0.115974 0.049762 0.067684 0.096499 0.118242 0.065113 0.034055 0.029696 0.235438 0.230444 0.030167 0.148227 0.173690 0.149907 0.117650 0.120236 0.087981 0.073667 0.146874 0.060648 
0.117444 0.080539 0.043500 0.181615 0.233006 0.103765 0.306793 0.203731 0.151274 0.071624 0.088908 0.128835 0.152285 0.088055 0.048775 0.041995 0.317077 0.307176 0.038980 0.200290 0.229226 0.202953 0.159469 0.158863 0.114516 0.094802 0.192602 0.085007 
0.149748 0.108976 0.056383 0.230669 0.282546 0.133164 0.373418 0.259386 0.186847 0.094732 0.110446 0.161822 0.186226 0.111586 0.064253 0.054852 0.400407 0.385211 0.048084 0.253689 0.285394 0.257343 0.202410 0.198040 0.141301 0.115857 0.238727 0.110401 
0.183031 0.139131 0.069925 0.280881 0.331589 0.163589 0.439497 0.316485 0.222687 0.119121 0.132307 0.195449 0.220034 0.135699 0.080496 0.068268 0.485331 0.464481 0.057546 0.308406 0.342140 0.313044 0.246460 0.237751 0.168348 0.136811 0.285214 0.136833 
0.217291 0.171011 0.084160 0.332205 0.380104 0.195048 0.504968 0.374984 0.258788 0.144823 0.154501 0.229709 0.253679 0.160384 0.097512 0.082245 0.571757 0.544921 0.067434 0.364420 0.399412 0.370024 0.291603 0.277979 0.195667 0.157646 0.332033 0.164309 
0.252525 0.204622 0.099122 0.384596 0.428062 0.227544 0.569774 0.434840 0.295146 0.171871 0.177035 0.264589 0.287133 0.185633 0.115307 0.096783 0.659592 0.626466 0.077815 0.421712 0.457161 0.428251 0.337824 0.318708 0.223268 0.178345 0.379154 0.192832 
0.288730 0.239968 0.114841 0.438008 0.475435 0.261081 0.633861 0.496009 0.331758 0.200293 0.199917 0.300081 0.320370 0.211435 0.133885 0.111881 0.748744 0.709050 0.088753 0.480260 0.515337 0.487690 0.385107 0.359921 0.251162 0.198891 0.426549 0.222405 
0.325899 0.277046 0.131347 0.492396 0.522200 0.295661 0.697181 0.558448 0.368623 0.230116 0.223154 0.336174 0.353365 0.237783 0.153250 0.127541 0.839125 0.792611 0.100313 0.540041 0.573894 0.548310 0.433438 0.401601 0.279356 0.219271 0.474193 0.253031 
0.364024 0.315855 0.148669 0.547716 0.568331 0.331283 0.759688 0.622113 0.405739 0.261366 0.246751 0.372857 0.386096 0.264666 0.173404 0.143762 0.930644 0.877086 0.112558 0.601031 0.632786 0.610077 0.482799 0.443732 0.307858 0.239472 0.522059 0.284710 
0.403098 0.356386 0.166834 0.603923 0.613808 0.367948 0.821340 0.686959 0.443107 0.294065 0.270714 0.410119 0.418542 0.292074 0.194349 0.160541 1.023216 0.962412 0.125549 0.663206 0.691970 0.672957 0.533174 0.486298 0.336677 0.259483 0.570126 0.317443 
0.443109 0.398629 0.185866 0.660973 0.658610 0.405653 0.882100 0.752941 0.480727 0.328236 0.295048 0.447950 0.450683 0.319999 0.216084 0.177877 1.116754 1.048529 0.139349 0.726538 0.751403 0.736917 0.584546 0.529283 0.365818 0.279294 0.618371 0.351229 
0.484046 0.442573 0.205792 0.718822 0.702718 0.444395 0.941935 0.820013 0.518603 0.363897 0.319756 0.486336 0.482502 0.348430 0.238609 0.195769 1.211173 1.135375 0.154017 0.791001 0.811044 0.801922 0.636899 0.572669 0.395288 0.298898 0.666777 0.386069 
0.525895 0.488200 0.226633 0.777428 0.746117 0.484168 1.000814 0.888131 0.556737 0.401065 0.344841 0.525268 0.513984 0.377357 0.261920 0.214213 1.306389 1.222892 0.169611 0.856566 0.870854 0.867939 0.690214 0.616441 0.425092 0.318288 0.715324 0.421959 
0.568641 0.535492 0.248410 0.836745 0.788792 0.524967 1.058711 0.957248 0.595134 0.439756 0.370305 0.564732 0.545115 0.406770 0.286016 0.233207 1.402322 1.311021 0.186190 0.923204 0.930797 0.934934 0.744475 0.660582 0.455235 0.337459 0.763996 0.458898 
0.612269 0.584426 0.271144 0.896733 0.830728 0.566785 1.115605 1.027317 0.633799 0.479983 0.396151 0.604716 0.575884 0.436659 0.310890 0.252745 1.498890 1.399703 0.203811 0.990884 0.990834 1.002872 0.799662 0.705076 0.485721 0.356407 0.812780 0.496881 
0.656761 0.634977 0.294853 0.957347 0.871916 0.609612 1.171477 1.098292 0.672740 0.521756 0.422379 0.645207 0.606279 0.467012 0.336537 0.272826 1.596013 1.488881 0.222528 1.059574 1.050933 1.071718 0.855758 0.749906 0.516552 0.375131 0.861661 0.535905 
0.702096 0.687115 0.319554 1.018545 0.912345 0.653439 1.226313 1.170125 0.711963 0.565087 0.448989 0.686193 0.636294 0.497820 0.362951 0.293443 1.693613 1.578499 0.242398 1.129241 1.111059 1.141437 0.912744 0.795055 0.547733 0.393631 0.910630 0.575965 
0.748255 0.740811 0.345263 1.080287 0.952008 0.698254 1.280103 1.242769 0.751477 0.609980 0.475980 0.727661 0.665921 0.529072 0.390123 0.314591 1.791614 1.668502 0.263473 1.199851 1.171182 1.211995 0.970601 0.840509 0.579264 0.411906 0.959676 0.617054 
0.795216 0.796028 0.371994 1.142528 0.990897 0.744043 1.332841 1.316175 0.791293 0.656443 0.503351 0.769596 0.695157 0.560756 0.418044 0.336265 1.889939 1.758834 0.285807 1.271369 1.231272 1.283357 1.029310 0.886250 0.611147 0.429961 1.008792 0.659167 
0.842954 0.852729 0.399759 1.205229 1.029010 0.790795 1.384523 1.390296 0.831421 0.704478 0.531101 0.811985 0.723997 0.592861 0.446704 0.358460 1.988515 1.849441 0.309450 1.343758 1.291300 1.355487 1.088851 0.932262 0.643382 0.447799 1.057971 0.702295 
0.891444 0.910873 0.428571 1.268348 1.066343 0.838491 1.435152 1.465083 0.871874 0.754085 0.559226 0.854815 0.752441 0.625377 0.476090 0.381167 2.087268 1.940271 0.334453 1.416981 1.351239 1.428349 1.149204 0.978529 0.675970 0.465426 1.107210 0.746432 
0.940659 0.970416 0.458440 1.331844 1.102896 0.887117 1.484733 1.540486 0.912663 0.805266 0.587723 0.898070 0.780490 0.658292 0.506190 0.404380 2.186126 2.031270 0.360866 1.491000 1.411065 1.501908 1.210348 1.025034 0.708910 0.482849 1.156505 0.791566 
0.990572 1.031311 0.489373 1.395676 1.138669 0.936654 1.533274 1.616456 0.953803 0.858016 0.616587 0.941737 0.808146 0.691594 0.536990 0.428092 2.285020 2.122388 0.388737 1.565773 1.470754 1.576127 1.272264 1.071761 0.742199 0.500076 1.205856 0.837690 
1.041153 1.093507 0.521378 1.459805 1.173665 0.987082 1.580789 1.692942 0.995310 0.912331 0.645813 0.985800 0.835413 0.725272 0.568475 0.452294 2.383880 2.213573 0.418113 1.641262 1.530283 1.650971 1.334930 1.118694 0.775837 0.517119 1.255263 0.884792 
1.092370 1.156952 0.554461 1.524189 1.207888 1.038381 1.627295 1.769896 1.037200 0.968205 0.675397 1.030244 0.862299 0.759314 0.600629 0.476977 2.482637 2.304775 0.449041 1.717422 1.589631 1.726404 1.398326 1.165818 0.809820 0.533989 1.304729 0.932862 
1.144192 1.221588 0.588626 1.588790 1.241345 1.090529 1.672813 1.847266 1.079489 1.025628 0.705330 1.075054 0.888810 0.793707 0.633434 0.502134 2.581227 2.395945 0.481566 1.794212 1.648781 1.802388 1.462429 1.213114 0.844144 0.550699 1.354257 0.981886 
1.196583 1.287356 0.623876 1.653567 1.274043 1.143502 1.717368 1.925000 1.122197 1.084591 0.735607 1.120214 0.914957 0.828441 0.666872 0.527753 2.679583 2.487035 0.515731 1.871587 1.707714 1.878887 1.527218 1.260568 0.878806 0.567265 1.403853 1.031852 
1.249508 1.354193 0.660212 1.718482 1.305991 1.197276 1.760987 2.003048 1.165343 1.145079 0.766218 1.165708 0.940750 0.863501 0.700923 0.553826 2.777641 2.577996 0.551580 1.949501 1.766415 1.955864 1.592670 1.308163 0.913801 0.583702 1.453525 1.082747 
1.302931 1.422034 0.697635 1.783495 1.337202 1.251824 1.803705 2.081358 1.208947 1.207079 0.797157 1.211520 0.966205 0.898876 0.735565 0.580341 2.875338 2.668783 0.589156 2.027909 1.824869 2.033283 1.658764 1.355883 0.949122 0.600028 1.503281 1.134555 
1.356812 1.490810 0.736143 1.848569 1.367687 1.307120 1.845557 2.159877 1.253030 1.270573 0.828412 1.257633 0.991335 0.934554 0.770777 0.607287 2.972614 2.759349 0.628499 2.106761 1.883063 2.111105 1.725477 1.403711 0.984765 0.616263 1.553133 1.187262 
1.411111 1.560448 0.775733 1.913664 1.397463 1.363134 1.886584 2.238553 1.297617 1.335544 0.859974 1.304031 1.016157 0.970521 0.806536 0.634654 3.069409 2.849648 0.669648 2.186009 1.940987 2.189294 1.792785 1.451633 1.020721 0.632428 1.603093 1.240852 
1.465788 1.630874 0.816401 1.978743 1.426545 1.419836 1.926830 2.317334 1.342729 1.401970 0.891832 1.350697 1.040691 1.006765 0.842817 0.662428 3.165662 2.939637 0.712644 2.265604 1.998630 2.267811 1.860664 1.499630 1.056984 0.648545 1.653174 1.295307 
1.520798 1.702009 0.858141 2.043769 1.454953 1.477196 1.966343 2.396164 1.388393 1.469829 0.923974 1.397612 1.064957 1.043272 0.879594 0.690598 3.261318 3.029272 0.757523 2.345494 2.055984 2.346620 1.929092 1.547689 1.093545 0.664639 1.703393 1.350610 
1.576098 1.773772 0.900947 2.108702 1.482705 1.535180 2.005175 2.474992 1.434633 1.539095 0.956389 1.444760 1.088977 1.080030 0.916841 0.719150 3.356320 3.118510 0.804323 2.425627 2.113042 2.425681 1.998045 1.595791 1.130395 0.680734 1.753768 1.406743 
1.631642 1.846079 0.944809 2.173507 1.509823 1.593754 2.043383 2.553762 1.481478 1.609743 0.989063 1.492123 1.112776 1.117025 0.954529 0.748072 3.450612 3.207308 0.853078 2.505949 2.169801 2.504957 2.067497 1.643922 1.167525 0.696858 1.804317 1.463686 
1.687381 1.918842 0.989719 2.238147 1.536332 1.652884 2.081026 2.632421 1.528954 1.681744 1.021982 1.539682 1.136379 1.154244 0.992630 0.777348 3.544142 3.295626 0.903825 2.586406 2.226255 2.584409 2.137424 1.692064 1.204924 0.713039 1.855060 1.521419 
1.743267 1.991970 1.035664 2.302584 1.562256 1.712532 2.118168 2.710913 1.577091 1.755067 1.055132 1.587419 1.159815 1.191672 1.031114 0.806965 3.636856 3.383423 0.956597 2.666942 2.282404 2.663998 2.207802 1.740203 1.242581 0.729309 1.906022 1.579922 
1.799250 2.065370 1.082632 2.366784 1.587623 1.772660 2.154877 2.789183 1.625920 1.829678 1.088497 1.635315 1.183113 1.229297 1.069948 0.836907 3.728705 3.470660 1.011425 2.747501 2.338247 2.743687 2.278605 1.788322 1.280485 0.745697 1.957225 1.639172 
1.855277 2.138945 1.130609 2.430709 1.612461 1.833229 2.191224 2.867176 1.675471 1.905545 1.122062 1.683352 1.206304 1.267104 1.109101 0.867160 3.819638 3.557297 1.068342 2.828024 2.393784 2.823436 2.349807 1.836404 1.318623 0.762237 2.008697 1.699148 
1.911295 2.212595 1.179580 2.494323 1.636800 1.894199 2.227285 2.944835 1.725776 1.982629 1.155809 1.731509 1.229421 1.305079 1.148538 0.897706 3.909607 3.643296 1.127378 2.908452 2.449019 2.903205 2.421382 1.884435 1.356982 0.778965 2.060463 1.759826 
1.967250 2.286216 1.229526 2.557593 1.660674 1.955527 2.263139 3.022104 1.776870 2.060893 1.189722 1.779768 1.252501 1.343207 1.188225 0.928531 3.998564 3.728621 1.188562 2.988726 2.503956 2.982956 2.493305 1.932397 1.395549 0.795916 2.112554 1.821183 
2.023084 2.359704 1.280430 2.620482 1.684116 2.017170 2.298870 3.098927 1.828786 2.140295 1.223782 1.828108 1.275578 1.381476 1.228125 0.959616 4.086465 3.813235 1.251923 3.068783 2.558601 3.062649 2.565549 1.980276 1.434309 0.813127 2.165001 1.883192 
2.078741 2.432947 1.332272 2.682955 1.707161 2.079083 2.334564 3.175246 1.881561 2.220794 1.257970 1.876509 1.298693 1.419869 1.268201 0.990945 4.173263 3.897101 1.317488 3.148562 2.612961 3.142244 2.638086 2.028054 1.473247 0.830639 2.217836 1.945830 
2.134160 2.505835 1.385031 2.744979 1.729848 2.141221 2.370313 3.251003 1.935229 2.302344 1.292266 1.924951 1.321884 1.458372 1.308416 1.022500 4.258917 3.980186 1.385284 3.227998 2.667045 3.221702 2.710890 2.075717 1.512348 0.848492 2.271094 2.009069 
2.189280 2.578252 1.438684 2.806518 1.752215 2.203537 2.406211 3.326141 1.989831 2.384898 1.326651 1.973414 1.345196 1.496971 1.348728 1.054262 4.343385 4.062456 1.455335 3.307028 2.720864 3.300981 2.783933 2.123247 1.551594 0.866728 2.324810 2.072883 
2.244041 2.650078 1.493207 2.867539 1.774304 2.265980 2.442359 3.400601 2.045403 2.468409 1.361103 2.021876 1.368671 1.535650 1.389097 1.086212 4.426625 4.143876 1.527665 3.385584 2.774429 3.380043 2.857188 2.170630 1.590969 0.885391 2.379022 2.137243 
2.298376 2.721193 1.548574 2.928009 1.796157 2.328502 2.478857 3.474325 2.101986 2.552825 1.395600 2.070316 1.392356 1.574394 1.429483 1.118331 4.508598 4.224414 1.602298 3.463600 2.827755 3.458845 2.930625 2.217848 1.630455 0.904527 2.433769 2.202121 
2.352222 2.791471 1.604759 2.987893 1.817818 2.391052 2.515814 3.547254 2.159621 2.638094 1.430119 2.118713 1.416298 1.613189 1.469840 1.150599 4.589266 4.304040 1.679256 3.541008 2.880856 3.537349 3.004218 2.264887 1.670033 0.924182 2.489094 2.267487 
2.405512 2.860785 1.661733 3.047159 1.839334 2.453576 2.553340 3.619328 2.218349 2.724161 1.464638 2.167044 1.440546 1.652018 1.510126 1.182996 4.668593 4.382721 1.758560 3.617739 2.933749 3.615513 3.077936 2.311731 1.709685 0.944404 2.545037 2.333312 
2.458176 2.929003 1.719466 3.105773 1.860753 2.516021 2.591549 3.690487 2.278214 2.810970 1.499132 2.215288 1.465152 1.690866 1.550294 1.215501 4.746542 4.460428 1.840229 3.693722 2.986452 3.693295 3.151752 2.358363 1.749391 0.965244 2.601644 2.399563 
2.510147 2.995993 1.777927 3.163705 1.882125 2.578331 2.630559 3.760671 2.339260 2.898462 1.533577 2.263423 1.490169 1.729717 1.590298 1.248093 4.823081 4.537131 1.924282 3.768885 3.038985 3.770656 3.225635 2.404767 1.789129 0.986753 2.658961 2.466208 
2.561351 3.061615 1.837084 3.220920 1.903500 2.640450 2.670493 3.829820 2.401531 2.986576 1.567946 2.311425 1.515651 1.768555 1.630091 1.280750 4.898176 4.612803 2.010738 3.843156 3.091369 3.847552 3.299556 2.450929 1.828880 1.008985 2.717036 2.533217 
2.611717 3.125731 1.896902 3.277387 1.924932 2.702320 2.711478 3.897872 2.465075 3.075250 1.602215 2.359272 1.541656 1.807364 1.669622 1.313449 4.971795 4.687415 2.099612 3.916462 3.143628 3.923943 3.373485 2.496831 1.868620 1.031992 2.775917 2.600554 
2.661170 3.188196 1.957347 3.333075 1.946477 2.763882 2.753642 3.964766 2.529938 3.164419 1.636354 2.406941 1.568241 1.846129 1.708843 1.346168 5.043908 4.760940 2.190922 3.988726 3.195786 3.999787 3.447392 2.542458 1.908328 1.055833 2.835657 2.668185 
2.709635 3.248864 2.018380 3.387952 1.968190 2.825074 2.797121 4.030441 2.596169 3.254017 1.670338 2.454409 1.595468 1.884832 1.747702 1.378883 5.114486 4.833353 2.284680 4.059873 3.247868 4.075042 3.521246 2.587795 1.947980 1.080563 2.896307 2.736076 
2.757034 3.307586 2.079964 3.441987 1.990130 2.885836 2.842051 4.094834 2.663817 3.343976 1.704138 2.501650 1.623397 1.923458 1.786147 1.411572 5.183502 4.904627 2.380902 4.129826 3.299903 4.149666 3.595015 2.632826 1.987552 1.106243 2.957923 2.804191 
2.803289 3.364208 2.142060 3.495150 2.012358 2.946104 2.888576 4.157883 2.732933 3.434223 1.737724 2.548643 1.652094 1.961989 1.824124 1.444208 5.250929 4.974740 2.479599 4.198506 3.351919 4.223616 3.668669 2.677534 2.027020 1.132933 3.020561 2.872492 
2.848319 3.418575 2.204625 3.547409 2.034935 3.005813 2.936840 4.219525 2.803568 3.524688 1.771066 2.595361 1.681623 2.000409 1.861577 1.476769 5.316742 5.043666 2.580783 4.265834 3.403947 4.296849 3.742177 2.721904 2.066359 1.160694 3.084278 2.940944 
2.892044 3.470529 2.267618 3.598735 2.057924 3.064897 2.986993 4.279696 2.875776 3.615294 1.804134 2.641782 1.712051 2.038701 1.898452 1.509227 5.380917 5.111383 2.684464 4.331729 3.456020 4.369324 3.815506 2.765920 2.105542 1.189591 3.149134 3.009506 
2.934379 3.519906 2.330995 3.649098 2.081392 3.123290 3.039188 4.338333 2.949608 3.705967 1.836897 2.687879 1.743450 2.076848 1.934691 1.541559 5.443432 5.177870 2.790652 4.396109 3.508171 4.440997 3.888623 2.809567 2.144542 1.219689 3.215191 3.078141 
2.975240 3.566542 2.394709 3.698468 2.105405 3.180922 3.093584 4.395373 3.025122 3.796627 1.869322 2.733628 1.775888 2.114832 1.970237 1.573737 5.504266 5.243104 2.899355 4.458892 3.560435 4.511825 3.961498 2.852829 2.183334 1.251054 3.282510 3.146809 
3.014541 3.610269 2.458715 3.746816 2.130033 3.237724 3.150341 4.450749 3.102372 3.887193 1.901377 2.779003 1.809440 2.152637 2.005028 1.605735 5.563398 5.307064 3.010580 4.519993 3.612849 4.581765 4.034096 2.895690 2.221887 1.283755 3.351158 3.215469 
3.052195 3.650914 2.522964 3.794113 2.155345 3.293624 3.209624 4.504399 3.181415 3.977584 1.933027 2.823979 1.844179 2.190244 2.039005 1.637526 5.620810 5.369733 3.124334 4.579328 3.665452 4.650773 4.106384 2.938134 2.260175 1.317861 3.421200 3.284079 
3.088113 3.688305 2.587406 3.840329 2.181415 3.348551 3.271603 4.556256 3.262309 4.067714 1.964239 2.868530 1.880183 2.227636 2.072107 1.669082 5.676485 5.431090 3.240621 4.636809 3.718284 4.718806 4.178330 2.980146 2.298167 1.353444 3.492704 3.352598 
3.122203 3.722262 2.651991 3.885437 2.208316 3.402429 3.336451 4.606255 3.345114 4.157497 1.994978 2.912630 1.917530 2.264795 2.104270 1.700374 5.730407 5.491117 3.359446 4.692350 3.771386 4.785819 4.249899 3.021710 2.335834 1.390576 3.565739 3.420982 
3.154374 3.752607 2.716665 3.929409 2.236124 3.455184 3.404344 4.654330 3.429889 4.246845 2.025208 2.956251 1.956299 2.301703 2.135430 1.731375 5.782560 5.549797 3.480812 4.745861 3.824801 4.851769 4.321057 3.062811 2.373144 1.429333 3.640378 3.489188 
3.184533 3.779153 2.781375 3.972216 2.264917 3.506740 3.475463 4.700415 3.516696 4.335666 2.054892 2.999368 1.996572 2.338343 2.165521 1.762055 5.832933 5.607114 3.604720 4.797254 3.878574 4.916611 4.391770 3.103432 2.410066 1.469789 3.716692 3.557171 
3.212584 3.801716 2.846066 4.013831 2.294774 3.557018 3.549993 4.744443 3.605598 4.423869 2.083993 3.041953 2.038434 2.374695 2.194478 1.792384 5.881511 5.663052 3.731173 4.846437 3.932751 4.980302 4.462003 3.143558 2.446569 1.512022 3.794758 3.624886 
3.238431 3.820104 2.910680 4.054227 2.325777 3.605940 3.628122 4.786347 3.696656 4.511360 2.112474 3.083979 2.081970 2.410741 2.222233 1.822332 5.928285 5.717595 3.860169 4.893318 3.987381 5.042796 4.531721 3.183174 2.482620 1.556111 3.874651 3.692287 
3.261975 3.834125 2.975160 4.093376 2.358008 3.653424 3.710044 4.826060 3.789937 4.598040 2.140295 3.125419 2.127267 2.446463 2.248717 1.851869 5.973246 5.770731 3.991707 4.937804 4.042511 5.104048 4.600888 3.222264 2.518184 1.602136 3.956449 3.759326 
3.283118 3.843583 3.039446 4.131252 2.391551 3.699389 3.795953 4.863513 3.885505 4.683812 2.167417 3.166244 2.174414 2.481842 2.273860 1.880963 6.016384 5.822445 4.125785 4.979801 4.098193 5.164014 4.669470 3.260812 2.553229 1.650179 4.040232 3.825957 
3.301759 3.848278 3.103477 4.167829 2.426493 3.743752 3.886052 4.898638 3.983427 4.768576 2.193799 3.206426 2.223502 2.516859 2.297592 1.909583 6.057693 5.872725 4.262401 5.019214 4.154480 5.222648 4.737429 3.298803 2.587719 1.700325 4.126081 3.892131 
3.317794 3.848007 3.167191 4.203080 2.462923 3.786428 3.980543 4.931367 4.083770 4.852229 2.219402 3.245937 2.274623 2.551495 2.319839 1.937697 6.097167 5.921559 4.401549 5.055946 4.211425 5.279905 4.804731 3.336222 2.621618 1.752657 4.214080 3.957798 
3.331121 3.842566 3.230523 4.236979 2.500929 3.827332 4.079635 4.961631 4.186604 4.934666 2.244183 3.284748 2.327873 2.585731 2.340528 1.965272 6.134803 5.968937 4.543224 5.089898 4.269084 5.335740 4.871337 3.373052 2.654891 1.807262 4.304313 4.022908 
3.341634 3.831746 3.293409 4.269502 2.540604 3.866376 4.183540 4.989361 4.291998 5.015780 2.268101 3.322831 2.383348 2.619547 2.359585 1.992275 6.170596 6.014848 4.687420 5.120974 4.327514 5.390106 4.937211 3.409278 2.687500 1.864229 4.396867 4.087411 
3.349225 3.815334 3.355781 4.300622 2.582040 3.903471 4.292474 5.014486 4.400023 5.095465 2.291111 3.360155 2.441145 2.652924 2.376935 2.018673 6.204545 6.059283 4.834130 5.149071 4.386773 5.442958 5.002317 3.444885 2.719409 1.923647 4.491831 4.151254 
3.353787 3.793117 3.417572 4.330314 2.625334 3.938529 4.406657 5.036936 4.510751 5.173608 2.313170 3.396692 2.501364 2.685843 2.392499 2.044432 6.236650 6.102233 4.983344 5.174091 4.446922 5.494250 5.066615 3.479858 2.750579 1.985606 4.589293 4.214386 
3.355209 3.764876 3.478712 4.358555 2.670581 3.971457 4.526311 5.056642 4.624254 5.250098 2.334234 3.432411 2.564108 2.718284 2.406201 2.069516 6.266911 6.143691 5.135053 5.195929 4.508023 5.543935 5.130070 3.514180 2.780971 2.050201 4.689345 4.276753 
3.353381 3.730390 3.539130 4.385319 2.717880 4.002164 4.651666 5.073532 4.740608 5.324819 2.354257 3.467283 2.629480 2.750226 2.417960 2.093891 6.295331 6.183650 5.289246 5.214483 4.570138 5.591966 5.192641 3.547836 2.810545 2.117524 4.792081 4.338301 
3.348189 3.689435 3.598754 4.410583 2.767332 4.030555 4.782952 5.087534 4.859887 5.397656 2.373193 3.501277 2.697584 2.781650 2.427696 2.117522 6.321913 6.222103 5.445913 5.229649 4.633332 5.638298 5.254291 3.580811 2.839262 2.187671 4.897596 4.398975 
3.339520 3.641784 3.657509 4.434323 2.819038 4.056536 4.920404 5.098578 4.982167 5.468490 2.390996 3.534363 2.768529 2.812535 2.435329 2.140372 6.346661 6.259045 5.605039 5.241320 4.697673 5.682883 5.314982 3.613089 2.867080 2.260741 5.005985 4.458720 
3.327256 3.587206 3.715322 4.456514 2.873102 4.080010 5.064263 5.106591 5.107526 5.537201 2.407618 3.566509 2.842424 2.842861 2.440774 2.162405 6.369583 6.294472 5.766611 5.249391 4.763227 5.725674 5.374673 3.644656 2.893958 2.336830 5.117348 4.517479 
3.311282 3.525468 3.772114 4.477135 2.929630 4.100879 5.214771 5.111501 5.236042 5.603666 2.423010 3.597684 2.919378 2.872608 2.443949 2.183584 6.390684 6.328381 5.930615 5.253752 4.830065 5.766624 5.433325 3.675495 2.919853 2.416041 5.231785 4.575196 
3.291478 3.456334 3.827808 4.496161 2.988729 4.119043 5.372175 5.113234 5.367795 5.667761 2.437125 3.627858 2.999504 2.901755 2.444768 2.203871 6.409974 6.360767 6.097034 5.254296 4.898257 5.805686 5.490899 3.705591 2.944723 2.498473 5.349396 4.631811 
3.267725 3.379563 3.882325 4.513571 3.050508 4.134404 5.536726 5.111718 5.502864 5.729358 2.449911 3.656997 3.082917 2.930280 2.443144 2.223229 6.427463 6.391629 6.265852 5.250911 4.967875 5.842811 5.547355 3.734929 2.968523 2.584232 5.470286 4.687267 
3.239899 3.294914 3.935584 4.529342 3.115078 4.146858 5.708680 5.106879 5.641332 5.788331 2.461319 3.685071 3.169733 2.958164 2.438991 2.241619 6.443161 6.420965 6.437050 5.243488 5.038995 5.877952 5.602652 3.763493 2.991211 2.673420 5.594558 4.741504 
3.207879 3.202139 3.987501 4.543451 3.182551 4.156303 5.888294 5.098644 5.783281 5.844548 2.471298 3.712046 3.260070 2.985384 2.432220 2.259002 6.457082 6.448776 6.610609 5.231912 5.111691 5.911061 5.656749 3.791268 3.012739 2.766146 5.722321 4.794461 
3.171539 3.100991 4.037995 4.555877 3.253042 4.162635 6.075832 5.086937 5.928795 5.897877 2.479796 3.737890 3.354048 3.011920 2.422741 2.275338 6.469238 6.475061 6.786509 5.216071 5.186042 5.942090 5.709606 3.818239 3.033064 2.862517 5.853682 4.846077 
NaN NaN NaN NaN NaN NaN NaN NaN NaN NaN NaN NaN NaN NaN NaN NaN NaN NaN NaN NaN NaN NaN NaN NaN NaN NaN NaN NaN 
NaN NaN NaN NaN NaN NaN NaN NaN NaN NaN NaN NaN NaN NaN NaN NaN NaN NaN NaN NaN NaN NaN NaN NaN NaN NaN NaN NaN 
NaN NaN NaN NaN NaN NaN NaN NaN NaN NaN NaN NaN NaN NaN NaN NaN NaN NaN NaN NaN NaN NaN NaN NaN NaN NaN NaN NaN 
NaN NaN NaN NaN NaN NaN NaN NaN NaN NaN NaN NaN NaN NaN NaN NaN NaN NaN NaN NaN NaN NaN NaN NaN NaN NaN NaN NaN 
