-0.941672 -1.467942 -0.500651 -1.064940 -0.781214 -1.034884 -0.964260 
-0.910564 -1.350600 -0.535676 -0.799506 -0.897497 -1.165526 -1.098116 
-0.956247 -1.423750 -0.895155 -1.011210 -0.691394 -1.033517 -0.956680 
-1.103463 -1.600462 -0.454766 -1.005790 -0.706494 -1.072470 -1.183242 
-0.948562 -1.390813 -0.981734 -1.412793 -0.781812 -0.911653 -1.092975 
-0.976481 -1.517669 -0.695750 -1.068940 -0.716215 -0.909678 -1.004035 
-0.808574 -1.622593 -0.773706 -1.165125 -0.796171 -0.833026 -1.146521 
-0.843447 -1.563118 -0.784077 -0.832680 -0.728554 -1.025682 -1.115847 
-0.921376 -1.455963 -1.028537 -1.248627 -0.462282 -0.831981 -0.924533 
-0.912821 -1.625928 -0.871522 -1.571557 -0.467417 -0.727485 -1.039798 
-0.898479 -1.614598 -0.695679 -1.480053 -0.518851 -0.807005 -1.107123 
-1.006198 -1.363279 -0.798098 -1.317952 -0.597870 -0.853525 -1.009298 
-1.008625 -1.660837 -1.245385 -1.541200 -0.690382 -0.629502 -1.102316 
-1.069796 -2.002978 -1.215142 -1.479580 -0.539908 -0.836834 -1.104191 
-1.479622 -1.974645 -1.263086 -1.643649 -0.951696 -0.689829 -1.169173 
-1.212311 -2.056011 -1.276270 -1.832561 -0.898771 -0.875185 -1.278266 
-1.007441 -1.829168 -1.535737 -1.951271 -0.833660 -1.179902 -1.232627 
-0.860499 -1.785759 -1.237006 -1.703121 -0.710400 -0.944751 -1.223337 
-1.057430 -1.873356 -1.317070 -2.044417 -1.036637 -0.732744 -1.112826 
-1.096820 -1.907490 -1.505198 -2.215557 -1.018721 -1.064306 -1.244704 
-1.167968 -1.796041 -1.425444 -1.832516 -0.678150 -0.898674 -1.194034 
-1.043514 -1.738940 -1.244764 -2.006132 -0.507462 -0.739013 -1.025342 
-0.931736 -1.568027 -0.902759 -1.412030 -0.602515 -0.916186 -0.863770 
-0.933679 -1.547170 -1.358100 -1.545223 -0.957257 -0.811045 -1.021989 
-0.953028 -1.712668 -1.279747 -1.477701 -0.916946 -0.807900 -0.903914 
-0.987561 -1.727836 -1.300248 -1.774936 -0.841941 -0.818587 -1.200055 
-0.894796 -1.569529 -1.393236 -1.797255 -0.599694 -0.569122 -1.002376 
-0.814288 -1.428485 -1.120223 -1.556975 -0.730413 -0.555993 -0.938963 
-0.757521 -1.675264 -1.316169 -1.445940 -0.576185 -0.612556 -0.869898 
-0.687230 -1.518004 -1.416690 -1.481402 -0.530414 -0.537343 -0.901315 
-0.850091 -1.453287 -0.759797 -1.375443 -0.621259 -0.607937 -0.782864 
-0.856878 -1.289770 -0.916692 -1.479195 -0.559098 -0.552603 -0.790026 
-1.007483 -1.668243 -1.197883 -1.695991 -0.646433 -0.802248 -0.901278 
-1.128681 -1.873340 -1.654818 -2.435883 -1.402889 -1.038723 -1.380765 
-0.661940 -1.453014 -1.425552 -2.154401 -0.861923 -0.610500 -1.048490 
-0.700139 -1.302771 -1.010959 -1.259581 -0.653600 -0.440621 -0.798147 
-0.614501 -1.245047 -0.715669 -1.813267 -0.493076 -0.389335 -0.808068 
-0.789851 -1.245959 -0.942776 -1.569463 -0.222478 -0.414245 -0.704043 
-0.873142 -1.127270 -0.654631 -1.301866 -0.400931 -0.346648 -0.629711 
-0.483231 -0.970133 -0.726196 -1.238074 -0.348901 -0.515160 -0.609138 
-0.661567 -0.971453 -0.672617 -1.288480 -0.482884 -0.333210 -0.466578 
-0.444902 -1.086406 -0.671165 -0.853020 -0.063012 -0.471534 -0.550346 
-1.227720 -1.611886 -1.524477 -1.980883 -1.112818 -0.767975 -1.028227 
-0.937726 -1.168523 -0.919706 -1.745944 -0.883396 -0.666941 -1.039668 
-0.433048 -0.810432 -0.715790 -1.572898 -0.276435 -0.496975 -0.690819 
-0.283592 -0.680362 -0.899138 -0.945801 -0.468651 -0.224557 -0.375695 
-0.381517 -0.874462 -0.438265 -0.576445 -0.139739 -0.189062 -0.353505 
-0.508019 -0.499064 -0.208410 -0.847672 -0.155717 -0.156258 -0.293058 
-0.162697 -0.421110 -0.167573 -0.887752 0.092924 -0.187406 -0.347370 
-0.231626 -0.394072 -0.286186 -0.501679 0.002410 -0.267403 -0.147625 
-0.125562 -0.159529 -0.009198 -0.411926 -0.268978 0.121292 -0.248208 
-0.282609 -0.070197 0.191529 -0.159421 -0.330143 -0.218344 -0.143583 
-0.199114 0.048937 -0.069319 -0.064327 -0.089381 -0.251299 -0.009413 
-0.183259 -0.026784 -0.096716 -0.141136 -0.050132 -0.021821 -0.028699 
0.073001 0.081692 0.073288 0.007814 -0.050095 0.158042 0.155775 
0.037540 0.103184 0.043092 -0.172343 0.169957 0.038734 0.038773 
0.224950 -0.050194 -0.188675 0.208976 0.058387 0.059834 -0.016375 
-0.028965 0.156743 -0.021889 0.011467 -0.170637 0.113234 0.159668 
0.112262 0.253892 0.018176 0.326203 -0.032826 0.228147 0.239888 
0.116502 0.231947 0.274758 0.216793 0.114224 -0.063901 0.143627 
0.095424 0.121199 0.272747 0.627537 0.270671 0.366461 0.004025 
0.433228 0.442531 0.287297 1.056141 0.391153 0.106014 0.215042 
0.545779 0.395935 0.565121 0.704081 0.390026 0.172124 0.265832 
0.269188 0.732928 0.357870 0.868988 0.091667 -0.008636 0.308635 
0.479087 0.606784 0.301489 0.680500 0.174877 0.224804 0.432267 
0.597373 0.568416 0.300732 0.674502 0.148897 0.435938 0.366719 
0.586321 0.565874 0.621720 0.353286 0.265642 0.658983 0.431331 
0.504104 0.601522 0.553941 0.753334 0.039016 0.499451 0.434643 
0.472946 0.936974 0.605468 1.412904 0.451576 0.177581 0.438946 
0.974488 0.649220 0.905837 0.924480 0.510109 0.101796 0.519888 
0.887400 0.752866 0.772993 1.316791 0.313157 0.517690 0.628598 
0.794810 0.948096 0.674695 1.093919 0.633833 0.163281 0.704802 
0.877731 0.876193 0.766025 1.594276 0.539353 0.564566 0.661222 
0.947020 1.042646 0.857553 1.065464 0.206685 0.616325 0.674713 
0.996433 0.978374 0.945450 1.271533 0.488405 0.483692 0.800367 
1.146080 1.161057 0.966251 1.837297 0.374297 0.812062 0.758783 
1.129517 1.278996 1.022859 1.642525 0.623455 0.823917 0.766176 
1.013777 1.338163 0.980942 1.524735 0.826787 0.798548 0.740396 
1.225548 1.525295 1.234936 1.741279 0.491495 0.877647 0.937842 
1.471741 1.217941 0.983135 1.989777 0.628842 0.853136 0.985115 
1.486499 1.704006 1.119780 1.626179 0.627793 0.851483 0.985517 
1.510563 1.545855 1.200132 2.180152 0.873166 1.011130 1.024107 
1.299575 1.465831 1.410190 2.327878 0.831365 0.997588 1.217423 
1.510407 1.574292 1.240002 2.155600 0.572489 1.066819 1.081666 
1.837253 1.794150 1.657772 2.476380 0.728823 0.987349 1.273200 
1.888077 1.951891 1.492652 2.115089 0.492802 1.033536 1.156027 
1.879358 1.848565 1.482781 2.612153 0.877421 0.913400 1.192537 
1.730978 1.966805 1.640716 2.244510 0.769105 0.974267 1.310494 
1.737165 2.145427 1.650337 2.610760 0.796122 1.067766 1.345895 
1.988441 1.928337 1.605769 2.823136 1.071226 1.277017 1.548123 
2.021589 2.241534 1.798675 2.826961 1.026331 1.160534 1.501552 
1.941304 2.336714 1.722154 3.388162 0.744859 1.324893 1.554242 
2.206557 2.245115 1.663876 2.846051 0.700942 1.087196 1.582626 
2.373762 2.552782 2.142990 2.851371 1.405333 1.362712 1.538955 
2.225401 2.394329 1.930203 3.168571 1.087802 1.777667 1.812561 
2.361871 2.415098 2.360884 3.613641 1.307767 1.529799 1.669332 
2.603797 2.670205 2.227878 3.194518 1.108107 1.388627 1.864678 
2.537362 2.844826 1.822706 3.763784 1.210847 1.582213 1.871796 
2.679989 2.909711 2.487541 3.501758 1.374722 1.616372 2.090494 
2.661925 3.152452 2.512641 4.015186 1.596443 1.737506 2.195764 
2.975366 3.236345 2.608281 3.869383 1.416585 1.794136 2.205593 
2.681213 3.401042 2.836440 3.993567 1.734753 1.719470 2.273967 
3.036974 3.306511 2.406394 4.301517 1.305300 2.237247 2.383883 
2.924949 3.452206 2.653804 4.191927 1.757814 1.810134 2.294837 
3.211586 3.388978 3.191191 4.247929 1.783667 1.994838 2.419929 
3.177209 3.667583 3.093919 4.098761 1.954702 2.226874 2.467560 
3.366909 3.397491 3.042582 4.582156 1.895078 2.295079 2.485490 
3.556831 3.860551 2.888467 4.339615 1.528976 2.042685 2.639992 
3.354082 3.613727 3.386319 4.533645 1.974494 2.189879 2.613861 
3.531025 3.778658 3.196190 4.535685 2.071880 2.307569 2.682409 
3.579379 4.000677 3.526334 4.904087 2.310259 2.289248 2.953578 
3.688838 4.168206 3.329403 4.842041 2.217778 2.297089 3.072082 
3.610082 4.145342 3.639436 4.900820 1.960851 2.430561 3.075922 
3.766465 4.346413 3.501542 5.378771 2.680262 2.661228 3.173479 
3.888627 4.390453 3.964672 4.893138 1.984815 2.726246 3.131785 
3.995352 4.320323 3.656534 5.829913 2.326149 2.648545 3.358041 
4.050453 4.496117 4.051847 5.137959 2.403406 2.463400 3.208521 
4.131776 4.649080 3.981432 5.520161 2.911672 2.907913 3.330441 
4.031909 4.869332 4.118484 5.566625 2.387656 2.921837 3.508213 
4.340242 4.701609 4.073700 5.687266 2.696291 2.972031 3.479971 
4.402332 4.756289 4.205568 6.039175 2.534229 2.525683 3.622523 
4.431793 5.103367 4.683293 5.800985 2.468140 3.173842 3.634204 
4.478661 5.174490 4.647463 6.140272 2.799180 3.010335 3.705635 
4.831463 5.246033 4.569695 5.931373 2.917238 3.140569 3.827929 
4.955419 5.266680 4.642795 6.199115 2.983527 3.114510 3.865432 
4.936407 5.263795 5.013485 6.155053 2.783048 3.211193 3.859826 
4.889457 5.457507 5.276691 6.410194 3.130647 3.547139 4.105421 
5.026352 5.701845 4.860937 6.381632 2.780631 3.445871 4.192535 
5.034188 5.614428 4.827435 6.235225 3.154848 3.431916 4.238857 
5.309887 5.593287 4.922694 7.160292 3.278432 3.494947 4.139390 
5.234987 5.826691 5.597453 6.460244 3.094199 3.721521 4.352386 
5.459033 5.694177 5.492723 6.879761 3.329912 3.121114 4.654355 
5.173889 6.172244 5.536639 6.750279 3.419165 3.839405 4.433957 
5.361444 6.396611 5.254436 6.761350 3.481379 3.806110 4.603288 
5.293350 6.469236 5.982826 7.022086 3.236402 3.638918 4.644549 
5.180915 6.355088 5.509786 7.111809 3.079982 4.018345 4.751026 
5.559298 6.321276 5.926656 6.844753 3.705229 3.733708 4.934506 
5.512935 6.812994 6.223122 7.189372 3.732433 3.878455 5.037472 
5.618145 6.721537 6.069505 7.535181 3.814121 4.216396 5.218813 
5.682763 6.839137 6.070664 7.416664 3.806446 4.244865 5.307620 
5.619731 7.016790 5.938136 7.632790 3.473909 4.417259 5.015603 
5.946666 6.750848 6.006113 7.965457 3.796882 4.150778 5.237658 
6.036800 7.256222 6.900091 7.964910 4.243110 4.559805 5.368564 
6.003651 7.337840 6.423045 7.837378 3.981390 4.393779 5.513282 
5.936430 7.507035 6.778961 8.586087 4.009532 4.632585 5.359234 
6.339721 7.285656 6.892552 8.149318 4.322179 4.356356 5.365720 
6.429851 7.564050 6.352744 8.237105 4.172793 4.675486 5.534508 
6.588822 7.684873 7.156473 8.693031 4.511900 4.924503 5.573796 
6.302848 7.669949 7.064114 8.477813 4.266598 4.648040 5.683117 
6.562256 8.002028 7.104736 8.429379 4.611077 4.633437 5.827845 
