-0.770004 -1.544414 -1.684949 -1.220511 -0.802099 -0.608592 -0.735026 -0.480866 -1.205367 -0.751271 -0.967439 -0.091242 -1.019808 -0.487344 -0.229798 -0.321730 -1.376929 -1.219713 -1.719793 -1.268237 -0.384851 -0.781129 -0.488754 -1.068925 -0.976604 -0.658087 -0.530116 -0.916419 
-0.825497 -1.525262 -1.668214 -1.266388 -0.837249 -0.645412 -0.745832 -0.538376 -1.166454 -0.784549 -0.915336 -0.206332 -1.019316 -0.530306 -0.271924 -0.341931 -1.397914 -1.253909 -1.674329 -1.260584 -0.484331 -0.843566 -0.579658 -1.077473 -0.984497 -0.646970 -0.560581 -0.959162 
-0.876913 -1.506083 -1.651096 -1.308284 -0.869712 -0.680091 -0.755495 -0.592449 -1.129069 -0.815059 -0.865684 -0.315311 -1.017433 -0.570151 -0.311647 -0.360900 -1.416831 -1.285361 -1.630427 -1.252685 -0.577303 -0.901851 -0.664822 -1.084478 -0.991023 -0.635998 -0.589121 -0.998374 
-0.924353 -1.486853 -1.633584 -1.346300 -0.899543 -0.712647 -0.764031 -0.643149 -1.093151 -0.842872 -0.818405 -0.418296 -1.014212 -0.606960 -0.349010 -0.378652 -1.433702 -1.314110 -1.588017 -1.244515 -0.663940 -0.956070 -0.744382 -1.089973 -0.996211 -0.625161 -0.615764 -1.034146 
-0.967917 -1.467550 -1.615669 -1.380533 -0.926797 -0.743103 -0.771454 -0.690541 -1.058638 -0.868055 -0.773422 -0.515400 -1.009708 -0.640812 -0.384058 -0.395204 -1.448547 -1.340196 -1.547027 -1.236050 -0.744413 -1.006310 -0.818474 -1.093993 -1.000090 -0.614448 -0.640537 -1.066565 
-1.007704 -1.448151 -1.597338 -1.411079 -0.951527 -0.771478 -0.777780 -0.734686 -1.025471 -0.890676 -0.730659 -0.606734 -1.003972 -0.671787 -0.416832 -0.410572 -1.461387 -1.363660 -1.507386 -1.227267 -0.818888 -1.052653 -0.887229 -1.096572 -1.002689 -0.603847 -0.663466 -1.095718 
-1.043809 -1.428633 -1.578584 -1.438034 -0.973787 -0.797792 -0.783024 -0.775647 -0.993591 -0.910801 -0.690041 -0.692412 -0.997054 -0.699962 -0.447375 -0.424771 -1.472242 -1.384540 -1.469024 -1.218142 -0.887533 -1.095184 -0.950780 -1.097743 -1.004035 -0.593347 -0.684580 -1.121693 
-1.076329 -1.408977 -1.559396 -1.461492 -0.993629 -0.822066 -0.787201 -0.813485 -0.962939 -0.928497 -0.651494 -0.772541 -0.989005 -0.725413 -0.475730 -0.437817 -1.481134 -1.402877 -1.431875 -1.208651 -0.950510 -1.133984 -1.009257 -1.097539 -1.004156 -0.582938 -0.703904 -1.144572 
-1.105358 -1.389160 -1.539765 -1.481545 -1.011106 -0.844321 -0.790325 -0.848262 -0.933458 -0.943828 -0.614945 -0.847233 -0.979873 -0.748215 -0.501938 -0.449726 -1.488082 -1.418710 -1.395869 -1.198774 -1.007981 -1.169136 -1.062786 -1.095992 -1.003078 -0.572608 -0.721465 -1.164441 
-1.130989 -1.369161 -1.519682 -1.498284 -1.026270 -0.864577 -0.792412 -0.880037 -0.905092 -0.956859 -0.580321 -0.916595 -0.969706 -0.768444 -0.526039 -0.460514 -1.493107 -1.432077 -1.360941 -1.188488 -1.060106 -1.200719 -1.111496 -1.093133 -1.000829 -0.562348 -0.737290 -1.181381 
-1.153315 -1.348961 -1.499137 -1.511799 -1.039170 -0.882854 -0.793475 -0.908869 -0.877785 -0.967651 -0.547551 -0.980735 -0.958551 -0.786173 -0.548076 -0.470196 -1.496229 -1.443016 -1.327026 -1.177771 -1.107042 -1.228813 -1.155511 -1.088996 -0.997434 -0.552146 -0.751404 -1.195475 
-1.172425 -1.328540 -1.478121 -1.522180 -1.049858 -0.899173 -0.793529 -0.934818 -0.851482 -0.976268 -0.516564 -1.039757 -0.946454 -0.801473 -0.568089 -0.478787 -1.497469 -1.451567 -1.294060 -1.166602 -1.148943 -1.253497 -1.194953 -1.083609 -0.992919 -0.541991 -0.763833 -1.206801 
-1.188409 -1.307879 -1.456626 -1.529512 -1.058383 -0.913555 -0.792589 -0.957942 -0.826128 -0.982770 -0.487289 -1.093767 -0.933458 -0.814417 -0.586117 -0.486303 -1.496847 -1.457766 -1.261979 -1.154962 -1.185963 -1.274848 -1.229946 -1.077004 -0.987309 -0.531874 -0.774603 -1.215440 
-1.201356 -1.286958 -1.434644 -1.533882 -1.064795 -0.926019 -0.790668 -0.978297 -0.801671 -0.987218 -0.459659 -1.142870 -0.919608 -0.825075 -0.602201 -0.492760 -1.494384 -1.461652 -1.230721 -1.142830 -1.218252 -1.292942 -1.260607 -1.069209 -0.980628 -0.521783 -0.783739 -1.221470 
-1.211352 -1.265759 -1.412166 -1.535374 -1.069141 -0.936587 -0.787780 -0.995941 -0.778057 -0.989671 -0.433606 -1.187166 -0.904946 -0.833516 -0.616379 -0.498171 -1.490098 -1.463261 -1.200225 -1.130186 -1.245960 -1.307856 -1.287056 -1.060255 -0.972901 -0.511710 -0.791265 -1.224967 
-1.218483 -1.244264 -1.389183 -1.534072 -1.071470 -0.945278 -0.783939 -1.010929 -0.755235 -0.990189 -0.409061 -1.226759 -0.889513 -0.839808 -0.628692 -0.502552 -1.484011 -1.462631 -1.170432 -1.117011 -1.269231 -1.319664 -1.309410 -1.050171 -0.964151 -0.501642 -0.797208 -1.226007 
-1.222832 -1.222456 -1.365689 -1.530056 -1.071829 -0.952115 -0.779160 -1.023317 -0.733154 -0.988828 -0.385959 -1.261748 -0.873351 -0.844019 -0.639178 -0.505919 -1.476142 -1.459797 -1.141281 -1.103287 -1.288211 -1.328440 -1.327782 -1.038983 -0.954401 -0.491570 -0.801591 -1.224665 
-1.224485 -1.200318 -1.341675 -1.523409 -1.070265 -0.957116 -0.773455 -1.033159 -0.711765 -0.985645 -0.364235 -1.292234 -0.856497 -0.846214 -0.647874 -0.508285 -1.466511 -1.454797 -1.112716 -1.088995 -1.303042 -1.334256 -1.342288 -1.026721 -0.943675 -0.481485 -0.804439 -1.221013 
-1.223521 -1.177832 -1.317134 -1.514208 -1.066824 -0.960303 -0.766838 -1.040508 -0.691017 -0.980697 -0.343824 -1.318313 -0.838992 -0.846460 -0.654819 -0.509667 -1.455139 -1.447666 -1.084680 -1.074118 -1.313863 -1.337185 -1.353037 -1.013412 -0.931995 -0.471375 -0.805776 -1.215126 
-1.220022 -1.154982 -1.292058 -1.502531 -1.061551 -0.961696 -0.759323 -1.045419 -0.670862 -0.974039 -0.324662 -1.340085 -0.820871 -0.844819 -0.660051 -0.510078 -1.442045 -1.438439 -1.057116 -1.058638 -1.320812 -1.337296 -1.360141 -0.999081 -0.919382 -0.461232 -0.805626 -1.207072 
-1.214067 -1.131753 -1.266440 -1.488455 -1.054491 -0.961317 -0.750922 -1.047944 -0.651253 -0.965723 -0.306687 -1.357644 -0.802171 -0.841356 -0.663606 -0.509533 -1.427248 -1.427152 -1.029970 -1.042539 -1.324025 -1.334661 -1.363707 -0.983757 -0.905858 -0.451045 -0.804013 -1.196924 
-1.205734 -1.108130 -1.240274 -1.472056 -1.045689 -0.959184 -0.741649 -1.048134 -0.632142 -0.955804 -0.289837 -1.371087 -0.782928 -0.836133 -0.665521 -0.508047 -1.410769 -1.413841 -1.003188 -1.025805 -1.323635 -1.329347 -1.363842 -0.967463 -0.891443 -0.440805 -0.800960 -1.184748 
-1.195099 -1.084097 -1.213552 -1.453406 -1.035189 -0.955321 -0.731517 -1.046041 -0.613484 -0.944335 -0.274050 -1.380506 -0.763175 -0.829210 -0.665833 -0.505634 -1.392627 -1.398539 -0.976718 -1.008418 -1.319773 -1.321424 -1.360652 -0.950226 -0.876158 -0.430502 -0.796490 -1.170614 
-1.182240 -1.059639 -1.186269 -1.432578 -1.023033 -0.949746 -0.720538 -1.041714 -0.595234 -0.931366 -0.259268 -1.385996 -0.742946 -0.820647 -0.664577 -0.502309 -1.372841 -1.381281 -0.950507 -0.990365 -1.312568 -1.310957 -1.354239 -0.932070 -0.860023 -0.420126 -0.790627 -1.154588 
-1.167228 -1.034744 -1.158416 -1.409644 -1.009264 -0.942480 -0.708726 -1.035205 -0.577346 -0.916947 -0.245430 -1.387647 -0.722272 -0.810504 -0.661790 -0.498085 -1.351432 -1.362100 -0.924506 -0.971630 -1.302148 -1.298012 -1.344706 -0.913020 -0.843058 -0.409668 -0.783393 -1.136735 
-1.150139 -1.009396 -1.129990 -1.384672 -0.993925 -0.933545 -0.696092 -1.026560 -0.559777 -0.901130 -0.232479 -1.385551 -0.701185 -0.798839 -0.657506 -0.492978 -1.328419 -1.341032 -0.898664 -0.952199 -1.288636 -1.282656 -1.332152 -0.893099 -0.825281 -0.399118 -0.774810 -1.117120 
-1.131043 -0.983584 -1.100982 -1.357731 -0.977055 -0.922961 -0.682649 -1.015830 -0.542486 -0.883962 -0.220356 -1.379797 -0.679715 -0.785708 -0.651761 -0.487000 -1.303820 -1.318108 -0.872933 -0.932057 -1.272157 -1.264951 -1.316677 -0.872330 -0.806712 -0.388468 -0.764902 -1.095806 
-1.110011 -0.957293 -1.071389 -1.328889 -0.958697 -0.910748 -0.668410 -1.003061 -0.525428 -0.865491 -0.209006 -1.370475 -0.657890 -0.771168 -0.644589 -0.480167 -1.277656 -1.293362 -0.847266 -0.911192 -1.252829 -1.244962 -1.298377 -0.850737 -0.787367 -0.377708 -0.753690 -1.072855 
-1.087113 -0.930513 -1.041203 -1.298211 -0.938889 -0.896928 -0.653386 -0.988301 -0.508564 -0.845764 -0.198373 -1.357670 -0.635739 -0.755272 -0.636024 -0.472492 -1.249946 -1.266827 -0.821616 -0.889589 -1.230771 -1.222750 -1.277346 -0.828341 -0.767265 -0.366829 -0.741196 -1.048327 
-1.062415 -0.903231 -1.010420 -1.265761 -0.917673 -0.881521 -0.637591 -0.971596 -0.491853 -0.824828 -0.188402 -1.341471 -0.613288 -0.738076 -0.626099 -0.463988 -1.220708 -1.238536 -0.795938 -0.867237 -1.206100 -1.198376 -1.253680 -0.805164 -0.746422 -0.355821 -0.727442 -1.022283 
-1.035986 -0.875435 -0.979034 -1.231603 -0.895086 -0.864549 -0.621034 -0.952990 -0.475255 -0.802727 -0.179038 -1.321961 -0.590563 -0.719633 -0.614849 -0.454670 -1.189963 -1.208519 -0.770187 -0.844123 -1.178928 -1.171901 -1.227468 -0.781227 -0.724856 -0.344676 -0.712449 -0.994782 
-1.007890 -0.847115 -0.947041 -1.195797 -0.871167 -0.846031 -0.603730 -0.932530 -0.458732 -0.779506 -0.170230 -1.299226 -0.567589 -0.699993 -0.602306 -0.444551 -1.157728 -1.176810 -0.744320 -0.820235 -1.149369 -1.143384 -1.198803 -0.756552 -0.702583 -0.333385 -0.696238 -0.965880 
-0.978191 -0.818260 -0.914435 -1.158405 -0.845954 -0.825988 -0.585688 -0.910259 -0.442246 -0.755209 -0.161925 -1.273349 -0.544390 -0.679207 -0.588503 -0.433645 -1.124024 -1.143439 -0.718295 -0.795563 -1.117531 -1.112883 -1.167772 -0.731158 -0.679619 -0.321940 -0.678830 -0.935634 
-0.946953 -0.788860 -0.881213 -1.119485 -0.819484 -0.804442 -0.566921 -0.886221 -0.425759 -0.729877 -0.154072 -1.244412 -0.520987 -0.657326 -0.573472 -0.421965 -1.088869 -1.108438 -0.692071 -0.770096 -1.083522 -1.080456 -1.134462 -0.705065 -0.655978 -0.310330 -0.660246 -0.904100 
-0.914238 -0.758905 -0.847368 -1.079095 -0.791793 -0.781413 -0.547440 -0.860458 -0.409236 -0.703552 -0.146620 -1.212495 -0.497404 -0.634399 -0.557245 -0.409525 -1.052281 -1.071837 -0.665607 -0.743823 -1.047447 -1.046159 -1.098959 -0.678292 -0.631675 -0.298549 -0.640507 -0.871331 
-0.880105 -0.728387 -0.812898 -1.037291 -0.762917 -0.756923 -0.527256 -0.833013 -0.392640 -0.676276 -0.139521 -1.177679 -0.473660 -0.610472 -0.539854 -0.396338 -1.014281 -1.033668 -0.638864 -0.716734 -1.009409 -1.010048 -1.061346 -0.650858 -0.606725 -0.286587 -0.619633 -0.837381 
-0.844614 -0.697295 -0.777798 -0.994129 -0.732892 -0.730991 -0.506381 -0.803926 -0.375938 -0.648088 -0.132724 -1.140043 -0.449774 -0.585592 -0.521329 -0.382417 -0.974886 -0.993959 -0.611805 -0.688820 -0.969510 -0.972176 -1.021705 -0.622781 -0.581142 -0.274435 -0.597643 -0.802301 
-0.807823 -0.665623 -0.742065 -0.949661 -0.701752 -0.703639 -0.484825 -0.773240 -0.359094 -0.619026 -0.126184 -1.099664 -0.425766 -0.559806 -0.501701 -0.367775 -0.934115 -0.952742 -0.584392 -0.660073 -0.927847 -0.932598 -0.980117 -0.594079 -0.554940 -0.262086 -0.574557 -0.766141 
-0.769789 -0.633362 -0.705694 -0.903940 -0.669532 -0.674888 -0.462600 -0.740993 -0.342077 -0.589130 -0.119852 -1.056618 -0.401653 -0.533157 -0.481001 -0.352426 -0.891988 -0.910045 -0.556589 -0.630484 -0.884519 -0.891366 -0.936660 -0.564769 -0.528130 -0.249531 -0.550396 -0.728953 
-0.730566 -0.600504 -0.668682 -0.857017 -0.636265 -0.644758 -0.439715 -0.707224 -0.324853 -0.558435 -0.113683 -1.010983 -0.377451 -0.505690 -0.459259 -0.336382 -0.848522 -0.865898 -0.528362 -0.600044 -0.839618 -0.848532 -0.891411 -0.534868 -0.500725 -0.236761 -0.525178 -0.690783 
-0.690210 -0.567042 -0.631026 -0.808941 -0.601984 -0.613271 -0.416183 -0.671974 -0.307392 -0.526979 -0.107632 -0.962831 -0.353175 -0.477446 -0.436504 -0.319656 -0.803736 -0.820329 -0.499676 -0.568746 -0.793237 -0.804146 -0.844446 -0.504392 -0.472739 -0.223770 -0.498923 -0.651679 
-0.648772 -0.532971 -0.592723 -0.759762 -0.566721 -0.580447 -0.392012 -0.635278 -0.289663 -0.494797 -0.101655 -0.912237 -0.328840 -0.448468 -0.412765 -0.302261 -0.757648 -0.773368 -0.470498 -0.536584 -0.745466 -0.758258 -0.795839 -0.473356 -0.444181 -0.210547 -0.471649 -0.611688 
-0.606305 -0.498283 -0.553770 -0.709524 -0.530509 -0.546308 -0.367215 -0.597176 -0.271635 -0.461923 -0.095709 -0.859273 -0.304460 -0.418796 -0.388072 -0.284209 -0.710278 -0.725043 -0.440797 -0.503551 -0.696394 -0.710917 -0.745661 -0.441776 -0.415063 -0.197087 -0.443375 -0.570853 
-0.562859 -0.462974 -0.514164 -0.658276 -0.493377 -0.510875 -0.341800 -0.557702 -0.253281 -0.428391 -0.089750 -0.804010 -0.280045 -0.388469 -0.362453 -0.265514 -0.661643 -0.675381 -0.410542 -0.469640 -0.646106 -0.662170 -0.693983 -0.409667 -0.385396 -0.183381 -0.414120 -0.529220 
-0.518484 -0.427037 -0.473902 -0.606059 -0.455357 -0.474168 -0.315777 -0.516894 -0.234571 -0.394233 -0.083738 -0.746518 -0.255608 -0.357526 -0.335936 -0.246187 -0.611761 -0.624411 -0.379704 -0.434846 -0.594686 -0.612064 -0.640874 -0.377042 -0.355190 -0.169420 -0.383902 -0.486831 
-0.473226 -0.390468 -0.432983 -0.552918 -0.416479 -0.436208 -0.289158 -0.474785 -0.215479 -0.359482 -0.077632 -0.686866 -0.231158 -0.326004 -0.308548 -0.226242 -0.560652 -0.572159 -0.348252 -0.399163 -0.542214 -0.560646 -0.586401 -0.343915 -0.324454 -0.155198 -0.352738 -0.443726 
-0.427132 -0.353263 -0.391405 -0.498893 -0.376772 -0.397016 -0.261952 -0.431412 -0.195977 -0.324168 -0.071393 -0.625123 -0.206705 -0.293940 -0.280318 -0.205690 -0.508332 -0.518652 -0.316161 -0.362588 -0.488771 -0.507959 -0.530630 -0.310300 -0.293198 -0.140706 -0.320646 -0.399948 
-0.380248 -0.315417 -0.349164 -0.444026 -0.336265 -0.356615 -0.234168 -0.386806 -0.176040 -0.288321 -0.064980 -0.561355 -0.182257 -0.261368 -0.251271 -0.184544 -0.454821 -0.463917 -0.283403 -0.325116 -0.434434 -0.454048 -0.473624 -0.276209 -0.261430 -0.125937 -0.287645 -0.355535 
-0.332619 -0.276927 -0.306260 -0.388354 -0.294985 -0.315023 -0.205816 -0.341002 -0.155644 -0.251971 -0.058357 -0.495628 -0.157820 -0.228324 -0.221435 -0.162815 -0.400135 -0.407982 -0.249953 -0.286742 -0.379277 -0.398956 -0.415446 -0.241654 -0.229160 -0.110884 -0.253750 -0.310525 
-0.284286 -0.237790 -0.262692 -0.331916 -0.252961 -0.272263 -0.176905 -0.294032 -0.134763 -0.215145 -0.051487 -0.428007 -0.133401 -0.194840 -0.190836 -0.140517 -0.344294 -0.350870 -0.215786 -0.247465 -0.323373 -0.342725 -0.356156 -0.206647 -0.196393 -0.095540 -0.218980 -0.264955 
-0.235291 -0.198004 -0.218457 -0.274747 -0.210220 -0.228356 -0.147446 -0.245927 -0.113375 -0.177872 -0.044332 -0.358555 -0.109004 -0.160949 -0.159500 -0.117660 -0.287315 -0.292609 -0.180878 -0.207280 -0.266793 -0.285395 -0.295813 -0.171199 -0.163138 -0.079896 -0.183351 -0.218861 
-0.185675 -0.157566 -0.173554 -0.216882 -0.166787 -0.183323 -0.117446 -0.196718 -0.091457 -0.140177 -0.036858 -0.287335 -0.084634 -0.126681 -0.127452 -0.094257 -0.229216 -0.233224 -0.145208 -0.166185 -0.209606 -0.227007 -0.234475 -0.135321 -0.129402 -0.063946 -0.146879 -0.172278 
-0.135476 -0.116474 -0.127983 -0.158355 -0.122688 -0.137184 -0.086916 -0.146437 -0.068987 -0.102085 -0.029031 -0.214409 -0.060292 -0.092068 -0.094717 -0.070320 -0.170014 -0.172740 -0.108754 -0.124179 -0.151877 -0.167600 -0.172196 -0.099023 -0.095191 -0.047682 -0.109582 -0.125240 
-0.084733 -0.074727 -0.081743 -0.099198 -0.077950 -0.089962 -0.055863 -0.095111 -0.045944 -0.063623 -0.020816 -0.139837 -0.035982 -0.057138 -0.061320 -0.045860 -0.109728 -0.111181 -0.071495 -0.081260 -0.093671 -0.107212 -0.109032 -0.062314 -0.060511 -0.031099 -0.071474 -0.077778 
-0.033482 -0.032324 -0.034833 -0.039441 -0.032595 -0.041676 -0.024298 -0.042771 -0.022309 -0.024813 -0.012181 -0.063678 -0.011703 -0.021920 -0.027286 -0.020889 -0.048375 -0.048572 -0.033413 -0.037427 -0.035049 -0.045880 -0.045034 -0.025204 -0.025368 -0.014187 -0.032573 -0.029925 
0.018242 0.010735 0.012747 0.020885 0.013352 0.007651 0.007772 0.010556 0.001938 0.014321 -0.003095 0.014009 0.012545 0.013560 0.007363 0.004581 0.014028 0.015062 0.005511 0.007320 0.023928 0.016359 0.019746 0.012299 0.010235 0.003058 0.007107 0.018290 
0.070404 0.054451 0.060997 0.081753 0.059867 0.057999 0.040338 0.064842 0.026816 0.053759 0.006474 0.093168 0.036763 0.049275 0.042601 0.030539 0.077462 0.079699 0.045294 0.052983 0.083202 0.079471 0.085261 0.050186 0.046291 0.020645 0.047549 0.066838 
0.122973 0.098822 0.109917 0.143137 0.106928 0.109346 0.073391 0.120061 0.052341 0.093477 0.016556 0.173742 0.060953 0.085200 0.078406 0.056975 0.141910 0.145314 0.085953 0.099559 0.142719 0.143421 0.151462 0.088450 0.082797 0.038579 0.088740 0.115690 
0.175916 0.143848 0.159508 0.205009 0.154513 0.161671 0.106924 0.176185 0.078532 0.133458 0.027179 0.255676 0.085120 0.121312 0.114756 0.083875 0.207356 0.211885 0.127502 0.147048 0.202425 0.208175 0.218304 0.127085 0.119750 0.056868 0.130663 0.164820 
0.229204 0.189528 0.209769 0.267348 0.202600 0.214953 0.140927 0.233191 0.105403 0.173680 0.038372 0.338917 0.109267 0.157587 0.151627 0.111230 0.273780 0.279388 0.169955 0.195450 0.262269 0.273702 0.285743 0.166082 0.157146 0.075517 0.173304 0.214203 
0.282807 0.235860 0.260698 0.330129 0.251168 0.269171 0.175393 0.291052 0.132971 0.214125 0.050163 0.423411 0.133400 0.194004 0.188997 0.139028 0.341167 0.347800 0.213326 0.244762 0.322202 0.339970 0.353735 0.205437 0.194983 0.094534 0.216648 0.263813 
0.336698 0.282842 0.312296 0.393332 0.300197 0.324304 0.210315 0.349745 0.161250 0.254777 0.062578 0.509107 0.157526 0.230540 0.226846 0.167257 0.409499 0.417101 0.257627 0.294982 0.382177 0.406948 0.422241 0.245143 0.233258 0.113925 0.260681 0.313627 
0.390849 0.330471 0.364561 0.456936 0.349667 0.380330 0.245684 0.409247 0.190252 0.295619 0.075642 0.595954 0.181653 0.267178 0.265151 0.195909 0.478759 0.487268 0.302868 0.346107 0.442149 0.474607 0.491221 0.285195 0.271970 0.133695 0.305390 0.363624 
0.445237 0.378744 0.417493 0.520923 0.399559 0.437227 0.281492 0.469535 0.219992 0.336634 0.089380 0.683903 0.205788 0.303897 0.303891 0.224970 0.548929 0.558278 0.349059 0.398134 0.502076 0.542919 0.560638 0.325589 0.311117 0.153852 0.350760 0.413782 
0.499837 0.427657 0.471089 0.585276 0.449854 0.494976 0.317732 0.530586 0.250480 0.377807 0.103817 0.772905 0.229942 0.340679 0.343047 0.254431 0.619992 0.630112 0.396209 0.451060 0.561918 0.611856 0.630456 0.366321 0.350700 0.174402 0.396777 0.464081 
0.554626 0.477207 0.525349 0.649977 0.500535 0.553553 0.354398 0.592381 0.281729 0.419126 0.118974 0.862912 0.254126 0.377509 0.382597 0.284281 0.691933 0.702748 0.444326 0.504880 0.621636 0.681391 0.700641 0.407387 0.390716 0.195349 0.443429 0.514503 
0.609583 0.527390 0.580270 0.715013 0.551584 0.612939 0.391480 0.654897 0.313748 0.460577 0.134875 0.953880 0.278351 0.414370 0.422522 0.314509 0.764733 0.776165 0.493417 0.559590 0.681195 0.751499 0.771159 0.448784 0.431167 0.216701 0.490702 0.565029 
0.664688 0.578199 0.635851 0.780371 0.602984 0.673112 0.428973 0.718116 0.346547 0.502147 0.151539 1.045761 0.302631 0.451247 0.462803 0.345105 0.838376 0.850343 0.543488 0.615185 0.740560 0.822155 0.841981 0.490510 0.472054 0.238464 0.538583 0.615643 
0.719922 0.629631 0.692090 0.846038 0.654719 0.734050 0.466870 0.782018 0.380135 0.543825 0.168989 1.138512 0.326979 0.488127 0.503421 0.376059 0.912844 0.925262 0.594543 0.671658 0.799700 0.893335 0.913076 0.532562 0.513376 0.260642 0.587059 0.666330 
0.775267 0.681680 0.748983 0.912003 0.706774 0.795731 0.505163 0.846585 0.414519 0.585601 0.187242 1.232091 0.351409 0.524998 0.544356 0.407359 0.988122 1.000903 0.646585 0.729005 0.858586 0.965017 0.984418 0.574938 0.555137 0.283242 0.636119 0.717076 
0.830707 0.734338 0.806529 0.978258 0.759134 0.858136 0.543845 0.911798 0.449708 0.627466 0.206318 1.326454 0.375939 0.561846 0.585590 0.438997 1.064193 1.077246 0.699618 0.787219 0.917190 1.037178 1.055980 0.617638 0.597337 0.306269 0.685749 0.767868 
0.886226 0.787601 0.864726 1.044795 0.811784 0.921242 0.582911 0.977641 0.485706 0.669411 0.226234 1.421561 0.400586 0.598662 0.627106 0.470961 1.141039 1.154271 0.753642 0.846293 0.975487 1.109799 1.127738 0.660661 0.639980 0.329729 0.735938 0.818693 
0.941812 0.841460 0.923569 1.111606 0.864711 0.985027 0.622353 1.044097 0.522520 0.711428 0.247007 1.517373 0.425366 0.635436 0.668886 0.503243 1.218645 1.231962 0.808660 0.906219 1.033453 1.182859 1.199669 0.704008 0.683067 0.353627 0.786675 0.869540 
0.997451 0.895908 0.983056 1.178687 0.917901 1.049471 0.662166 1.111150 0.560154 0.753510 0.268652 1.613851 0.450300 0.672160 0.710913 0.535830 1.296993 1.310298 0.864668 0.966991 1.091069 1.256339 1.271753 0.747677 0.726604 0.377969 0.837947 0.920401 
1.053131 0.950938 1.043184 1.246033 0.971343 1.114552 0.702342 1.178786 0.598613 0.795652 0.291186 1.710956 0.475408 0.708826 0.753170 0.568715 1.376068 1.389262 0.921668 1.028598 1.148315 1.330221 1.343969 0.791671 0.770593 0.402760 0.889743 0.971266 
1.108844 1.006540 1.103948 1.313642 1.025023 1.180248 0.742877 1.246990 0.637898 0.837847 0.314621 1.808653 0.500711 0.745427 0.795640 0.601887 1.455853 1.468836 0.979654 1.091033 1.205175 1.404488 1.416301 0.835991 0.815039 0.428005 0.942052 1.022128 
1.164579 1.062707 1.165347 1.381513 1.078930 1.246539 0.783763 1.315749 0.678013 0.880093 0.338972 1.906906 0.526230 0.781958 0.838308 0.635337 1.536332 1.549002 1.038625 1.154287 1.261634 1.479125 1.488732 0.880638 0.859947 0.453709 0.994864 1.072981 
1.220330 1.119429 1.227375 1.449646 1.133055 1.313401 0.824996 1.385049 0.718959 0.922386 0.364250 2.005681 0.551991 0.818415 0.881157 0.669054 1.617488 1.629744 1.098575 1.218350 1.317681 1.554116 1.561247 0.925616 0.905322 0.479878 1.048167 1.123819 
1.276090 1.176696 1.290028 1.518042 1.187386 1.380815 0.866569 1.454879 0.760736 0.964724 0.390467 2.104944 0.578016 0.854794 0.924173 0.703030 1.699305 1.711045 1.159498 1.283211 1.373304 1.629447 1.633834 0.970927 0.951170 0.506515 1.101952 1.174639 
1.331854 1.234499 1.353303 1.586704 1.241914 1.448759 0.908477 1.525226 0.803344 1.007105 0.417634 2.204662 0.604331 0.891092 0.967341 0.737254 1.781768 1.792888 1.221388 1.348861 1.428498 1.705105 1.706481 1.016574 0.997497 0.533627 1.156207 1.225438 
1.387618 1.292826 1.417194 1.655637 1.296631 1.517210 0.950714 1.596080 0.846783 1.049528 0.445760 2.304806 0.630963 0.927309 1.010646 0.771718 1.864859 1.875258 1.284237 1.415287 1.483255 1.781077 1.779180 1.062562 1.044310 0.561217 1.210924 1.276214 
1.443380 1.351667 1.481698 1.724844 1.351527 1.586148 0.993276 1.667431 0.891050 1.091994 0.474854 2.405345 0.657939 0.963443 1.054073 0.806412 1.948564 1.958137 1.348036 1.482479 1.537572 1.857354 1.851922 1.108895 1.091615 0.589291 1.266093 1.326966 
1.499138 1.411011 1.546809 1.794335 1.406595 1.655550 1.036156 1.739269 0.936143 1.134504 0.504924 2.506250 0.685288 0.999497 1.097610 0.841328 2.032865 2.041511 1.412775 1.550424 1.591448 1.933923 1.924702 1.155578 1.139421 0.617854 1.321703 1.377696 
1.554893 1.470845 1.612522 1.864116 1.461828 1.725396 1.079350 1.811585 0.982059 1.177060 0.535977 2.607493 0.713039 1.035470 1.141242 0.876455 2.117748 2.125365 1.478442 1.619110 1.644884 2.010777 1.997513 1.202617 1.187736 0.646908 1.377747 1.428404 
1.610645 1.531157 1.678833 1.934197 1.517220 1.795664 1.122854 1.884372 1.028792 1.219666 0.568020 2.709047 0.741224 1.071367 1.184957 0.911786 2.203196 2.209683 1.545027 1.688524 1.697882 2.087906 2.070355 1.250017 1.236568 0.676460 1.434214 1.479094 
1.666398 1.591934 1.745735 2.004588 1.572764 1.866332 1.166661 1.957621 1.076338 1.262324 0.601057 2.810886 0.769873 1.107190 1.228742 0.947310 2.289194 2.294451 1.612516 1.758653 1.750448 2.165304 2.143225 1.297784 1.285926 0.706514 1.491096 1.529769 
1.722154 1.653164 1.813223 2.075303 1.628455 1.937378 1.210768 2.031327 1.124692 1.305040 0.635093 2.912987 0.799019 1.142946 1.272584 0.983020 2.375725 2.379655 1.680894 1.829483 1.802588 2.242964 2.216123 1.345927 1.335820 0.737073 1.548385 1.580435 
1.777920 1.714833 1.881291 2.146355 1.684288 2.008781 1.255169 2.105483 1.173846 1.347820 0.670131 3.015325 0.828697 1.178638 1.316472 1.018907 2.462775 2.465281 1.750147 1.900999 1.854314 2.320880 2.289053 1.394452 1.386260 0.768141 1.606071 1.631098 
1.833700 1.776926 1.949933 2.217757 1.740259 2.080519 1.299861 2.180083 1.223794 1.390670 0.706174 3.117878 0.858940 1.214275 1.360395 1.054961 2.550327 2.551315 1.820258 1.973186 1.905635 2.399048 2.362017 1.443367 1.437256 0.799724 1.664148 1.681765 
1.889503 1.839430 2.019144 2.289528 1.796365 2.152571 1.344840 2.255124 1.274526 1.433597 0.743224 3.220625 0.889786 1.249865 1.404340 1.091175 2.638367 2.637743 1.891210 2.046031 1.956566 2.477465 2.435021 1.492681 1.488819 0.831825 1.722607 1.732445 
1.945338 1.902328 2.088916 2.361683 1.852602 2.224914 1.390100 2.330602 1.326033 1.476610 0.781282 3.323545 0.921270 1.285415 1.448298 1.127540 2.726878 2.724554 1.962986 2.119515 2.007123 2.556127 2.508071 1.542402 1.540960 0.864448 1.781441 1.783147 
2.001214 1.965607 2.159243 2.434243 1.908969 2.297528 1.435638 2.406512 1.378306 1.519719 0.820348 3.426619 0.953430 1.320937 1.492257 1.164048 2.815846 2.811734 2.035564 2.193625 2.057323 2.635034 2.581177 1.592541 1.593691 0.897597 1.840641 1.833883 
2.057143 2.029250 2.230119 2.507227 1.965463 2.370390 1.481451 2.482853 1.431334 1.562932 0.860420 3.529829 0.986307 1.356440 1.536209 1.200689 2.905254 2.899271 2.108926 2.268342 2.107188 2.714185 2.654349 1.643108 1.647025 0.931275 1.900202 1.884664 
2.113138 2.093240 2.301536 2.580657 2.022083 2.443479 1.527534 2.559622 1.485106 1.606262 0.901497 3.633158 1.019939 1.391938 1.580142 1.237457 2.995089 2.987153 2.183050 2.343650 2.156739 2.793579 2.727599 1.694112 1.700975 0.965487 1.960116 1.935503 
2.169211 2.157562 2.373487 2.654555 2.078829 2.516772 1.573883 2.636819 1.539608 1.649720 0.943576 3.736590 1.054368 1.427443 1.624049 1.274343 3.085333 3.075368 2.257913 2.419531 2.206002 2.873219 2.800939 1.745565 1.755553 1.000235 2.020375 1.986415 
2.225379 2.222198 2.445964 2.728947 2.135701 2.590249 1.620496 2.714443 1.594829 1.693319 0.986655 3.840110 1.089636 1.462969 1.667919 1.311339 3.175973 3.163904 2.333491 2.495967 2.255002 2.953107 2.874386 1.797478 1.810773 1.035524 2.080975 2.037415 
2.281658 2.287130 2.518961 2.803857 2.192699 2.663887 1.667369 2.792494 1.650753 1.737072 1.030727 3.943705 1.125786 1.498532 1.711745 1.348437 3.266994 3.252752 2.409761 2.572939 2.303770 3.033245 2.947957 1.849863 1.866649 1.071356 2.141909 2.088519 
2.338065 2.352341 2.592470 2.879313 2.249825 2.737665 1.714498 2.870973 1.707366 1.780995 1.075789 4.047362 1.162863 1.534146 1.755518 1.385629 3.358379 3.341899 2.486696 2.650430 2.352335 3.113638 3.021669 1.902733 1.923197 1.107736 2.203170 2.139745 
2.394619 2.417812 2.666482 2.955342 2.307081 2.811561 1.761881 2.949882 1.764653 1.825102 1.121833 4.151068 1.200911 1.569831 1.799231 1.422907 3.450115 3.431336 2.564271 2.728418 2.400731 3.194291 3.095543 1.956102 1.980431 1.144666 2.264752 2.191112 
2.451340 2.483524 2.740990 3.031975 2.364468 2.885552 1.809514 3.029223 1.822596 1.869411 1.168853 4.254814 1.239977 1.605603 1.842876 1.460264 3.542186 3.521053 2.642456 2.806885 2.448994 3.275211 3.169601 2.009981 2.038366 1.182149 2.326651 2.242639 
2.508250 2.549457 2.815984 3.109243 2.421990 2.959618 1.857395 3.109000 1.881180 1.913938 1.216840 4.358590 1.280108 1.641482 1.886446 1.497693 3.634578 3.611039 2.721224 2.885810 2.497162 3.356403 3.243866 2.064386 2.097020 1.220190 2.388861 2.294349 
2.565371 2.615593 2.891458 3.187177 2.479651 3.033736 1.905521 3.189215 1.940385 1.958701 1.265787 4.462388 1.321353 1.677489 1.929935 1.535185 3.727275 3.701285 2.800545 2.965172 2.545273 3.437877 3.318364 2.119331 2.156407 1.258790 2.451376 2.346262 
2.622727 2.681911 2.967401 3.265811 2.537454 3.107884 1.953889 3.269873 2.000193 2.003720 1.315683 4.566201 1.363761 1.713644 1.973336 1.572733 3.820263 3.791782 2.880388 3.044949 2.593370 3.519641 3.393121 2.174831 2.216546 1.297952 2.514192 2.398403 
2.680344 2.748390 3.043805 3.345181 2.595406 3.182041 2.002497 3.350979 2.060584 2.049015 1.366517 4.670022 1.407383 1.749969 2.016643 1.610330 3.913528 3.882521 2.960720 3.125121 2.641497 3.601706 3.468165 2.230901 2.277454 1.337680 2.577305 2.450795 
2.738247 2.815010 3.120661 3.425322 2.653510 3.256185 2.051343 3.432539 2.121539 2.094606 1.418278 4.773846 1.452269 1.786489 2.059851 1.647969 4.007054 3.973494 3.041510 3.205664 2.689700 3.684081 3.543526 2.287558 2.339148 1.377976 2.640709 2.503465 
2.796465 2.881748 3.197960 3.506273 2.711773 3.330293 2.100423 3.514560 2.183034 2.140516 1.470953 4.877669 1.498474 1.823228 2.102955 1.685642 4.100828 4.064692 3.122723 3.286557 2.738028 3.766779 3.619237 2.344817 2.401647 1.418844 2.704401 2.556438 
2.855026 2.948582 3.275692 3.588073 2.770203 3.404344 2.149737 3.597048 2.245049 2.186766 1.524530 4.981488 1.546050 1.860210 2.145950 1.723343 4.194834 4.156108 3.204325 3.367775 2.786531 3.849813 3.695331 2.402697 2.464970 1.460284 2.768376 2.609744 
2.913960 3.015491 3.353848 3.670761 2.828805 3.478316 2.199282 3.680012 2.307560 2.233380 1.578995 5.085302 1.595052 1.897462 2.188831 1.761065 4.289059 4.247734 3.286278 3.449296 2.835262 3.933196 3.771842 2.461215 2.529137 1.502301 2.832631 2.663411 
2.973300 3.082452 3.432417 3.754379 2.887588 3.552187 2.249057 3.763460 2.370545 2.280383 1.634331 5.189110 1.645535 1.935012 2.231595 1.798800 4.383487 4.339563 3.368546 3.531096 2.884276 4.016944 3.848807 2.520388 2.594166 1.544896 2.897163 2.717469 
3.033077 3.149441 3.511389 3.838971 2.946560 3.625935 2.299059 3.847400 2.433977 2.327800 1.690523 5.292912 1.697557 1.972889 2.274238 1.836542 4.478105 4.431587 3.451092 3.613149 2.933630 4.101072 3.926265 2.580236 2.660078 1.588071 2.961968 2.771949 
3.093325 3.216434 3.590755 3.924581 3.005730 3.699538 2.349288 3.931845 2.497832 2.375657 1.747555 5.396708 1.751176 2.011121 2.316757 1.874284 4.572899 4.523801 3.533875 3.695430 2.983382 4.185596 4.004255 2.640777 2.726895 1.631830 3.027043 2.826884 
3.154081 3.283408 3.670504 4.011255 3.065108 3.772974 2.399741 4.016803 2.562084 2.423981 1.805409 5.500503 1.806449 2.049740 2.359148 1.912020 4.667854 4.616197 3.616856 3.777915 3.033596 4.270535 4.082820 2.702031 2.794636 1.676174 3.092385 2.882308 
3.215380 3.350337 3.750625 4.099039 3.124705 3.846221 2.450418 4.102286 2.626706 2.472801 1.864065 5.604300 1.863438 2.088776 2.401410 1.949743 4.762956 4.708771 3.699993 3.860577 3.084333 4.355906 4.162001 2.764018 2.863324 1.721105 3.157992 2.938255 
3.277259 3.417198 3.831107 4.187983 3.184530 3.919256 2.501316 4.188306 2.691670 2.522144 1.923506 5.708102 1.922202 2.128263 2.443540 1.987447 4.858191 4.801515 3.783244 3.943391 3.135660 4.441730 4.241845 2.826758 2.932981 1.766625 3.223861 2.994760 
3.339759 3.483963 3.911939 4.278135 3.244596 3.992059 2.552436 4.274876 2.756947 2.572042 1.983709 5.811916 1.982805 2.168233 2.485537 2.025124 4.953546 4.894426 3.866565 4.026328 3.187645 4.528027 4.322397 2.890273 3.003630 1.812737 3.289990 3.051862 
3.402920 3.550608 3.993111 4.369547 3.304914 4.064606 2.603777 4.362009 2.822508 2.622524 2.044655 5.915749 2.045308 2.208723 2.527398 2.062770 5.049006 4.987497 3.949913 4.109362 3.240357 4.614819 4.403706 2.954584 3.075292 1.859441 3.356378 3.109598 
3.466782 3.617106 4.074610 4.462272 3.365497 4.136876 2.655337 4.449720 2.888323 2.673622 2.106321 6.019609 2.109777 2.249767 2.569124 2.100377 5.144557 5.080725 4.033242 4.192464 3.293869 4.702127 4.485822 3.019714 3.147993 1.906741 3.423022 3.168008 
3.531388 3.683431 4.156426 4.556363 3.426358 4.208846 2.707115 4.538022 2.954360 2.725369 2.168683 6.123504 2.176275 2.291402 2.610713 2.137940 5.240185 5.174105 4.116505 4.275608 3.348256 4.789975 4.568796 3.085684 3.221756 1.954636 3.489922 3.227131 
3.596783 3.749554 4.238546 4.651875 3.487511 4.280496 2.759112 4.626933 3.020589 2.777797 2.231719 6.227445 2.244870 2.333665 2.652166 2.175453 5.335878 5.267632 4.199655 4.358763 3.403593 4.878388 4.652681 3.152519 3.296606 2.003130 3.557076 3.287009 
3.663013 3.815449 4.320958 4.748865 3.548971 4.351801 2.811327 4.716467 3.086975 2.830942 2.295403 6.331442 2.315629 2.376597 2.693481 2.212910 5.431620 5.361304 4.282643 4.441901 3.459960 4.967391 4.737532 3.220241 3.372566 2.052223 3.624482 3.347686 
3.730122 3.881087 4.403650 4.847391 3.610753 4.422741 2.863759 4.806641 3.153487 2.884838 2.359710 6.435509 2.388619 2.420236 2.734661 2.250304 5.527400 5.455116 4.365420 4.524992 3.517437 5.057011 4.823406 3.288874 3.449664 2.101917 3.692141 3.409204 
3.798160 3.946440 4.486610 4.947512 3.672871 4.493293 2.916409 4.897474 3.220089 2.939520 2.424613 6.539658 2.463911 2.464623 2.775706 2.287631 5.623202 5.549065 4.447934 4.608006 3.576108 5.147273 4.910360 3.358444 3.527924 2.152214 3.760052 3.471610 
3.867175 4.011479 4.569825 5.049287 3.735343 4.563434 2.969277 4.988983 3.286746 2.995027 2.490085 6.643904 2.541573 2.509800 2.816616 2.324885 5.719014 5.643150 4.530135 4.690913 3.636058 5.238208 4.998454 3.428975 3.607373 2.203114 3.828214 3.534948 
3.937218 4.076174 4.653282 5.152780 3.798185 4.633144 3.022361 5.081188 3.353424 3.051396 2.556097 6.748263 2.621679 2.555810 2.857395 2.362059 5.814821 5.737366 4.611970 4.773681 3.697373 5.329843 5.087750 3.500494 3.688038 2.254618 3.896627 3.599266 
4.008340 4.140495 4.736969 5.258054 3.861415 4.702399 3.075664 5.174108 3.420084 3.108666 2.622620 6.852750 2.704300 2.602697 2.898043 2.399149 5.910612 5.831713 4.693384 4.856278 3.760144 5.422209 5.178310 3.573025 3.769945 2.306728 3.965292 3.664613 
4.080595 4.204413 4.820872 5.365172 3.925050 4.771177 3.129185 5.267762 3.486689 3.166875 2.689625 6.957384 2.789510 2.650506 2.938563 2.436149 6.006372 5.926188 4.774323 4.938673 3.824462 5.515338 5.270200 3.646596 3.853124 2.359445 4.034210 3.731038 
4.154035 4.267896 4.904978 5.474200 3.989109 4.839456 3.182925 5.362174 3.553201 3.226066 2.757080 7.062183 2.877383 2.699283 2.978959 2.473054 6.102088 6.020790 4.854732 5.020834 3.890421 5.609260 5.363484 3.721233 3.937601 2.412770 4.103379 3.798592 
4.228717 4.330913 4.989273 5.585207 4.053612 4.907215 3.236884 5.457363 3.619582 3.286278 2.824953 7.167168 2.967995 2.749075 3.019232 2.509859 6.197747 6.115517 4.934552 5.102727 3.958118 5.704010 5.458233 3.796966 4.023406 2.466703 4.172802 3.867326 
4.304697 4.393434 5.073744 5.698260 4.118579 4.974429 3.291063 5.553353 3.685790 3.347554 2.893213 7.272358 3.061422 2.799929 3.059387 2.546559 6.293336 6.210369 5.013726 5.184320 4.027649 5.799621 5.554514 3.873820 4.110567 2.521245 4.242480 3.937293 
4.382034 4.455424 5.158377 5.813430 4.184029 5.041079 3.345463 5.650167 3.751785 3.409938 2.961824 7.377777 3.157742 2.851896 3.099427 2.583147 6.388842 6.305346 5.092196 5.265577 4.099116 5.896127 5.652400 3.951826 4.199115 2.576397 4.312414 4.008548 
4.460785 4.516853 5.243157 5.930787 4.249983 5.107140 3.400086 5.747828 3.817526 3.473474 3.030753 7.483447 3.257034 2.905024 3.139357 2.619621 6.484251 6.400446 5.169901 5.346466 4.172622 5.993566 5.751962 4.031012 4.289079 2.632160 4.382605 4.081146 
4.541012 4.577688 5.328070 6.050404 4.316465 5.172591 3.454931 5.846361 3.882971 3.538205 3.099964 7.589392 3.359378 2.959366 3.179182 2.655974 6.579552 6.495670 5.246780 5.426951 4.248270 6.091974 5.853277 4.111409 4.380490 2.688533 4.453055 4.155143 
4.622777 4.637894 5.413102 6.172356 4.383494 5.237409 3.510001 5.945791 3.948075 3.604179 3.169421 7.695638 3.464854 3.014973 3.218906 2.692202 6.674730 6.591018 5.322770 5.506997 4.326168 6.191388 5.956419 4.193045 4.473379 2.745518 4.523767 4.230596 
4.706141 4.697438 5.498239 6.296716 4.451095 5.301572 3.565296 6.046143 4.012795 3.671442 3.239087 7.802211 3.573544 3.071898 3.258535 2.728300 6.769774 6.686492 5.397810 5.586568 4.406424 6.291848 6.061467 4.275952 4.567778 2.803114 4.594742 4.307565 
4.791170 4.756285 5.583464 6.423563 4.519291 5.365058 3.620820 6.147446 4.077087 3.740041 3.308924 7.909139 3.685532 3.130196 3.298075 2.764264 6.864670 6.782092 5.471833 5.665628 4.489150 6.393393 6.168500 4.360161 4.663717 2.861322 4.665983 4.386108 
4.877929 4.814402 5.668764 6.552974 4.588106 5.427845 3.676572 6.249725 4.140904 3.810025 3.378894 8.016449 3.800900 3.189922 3.337532 2.800090 6.959406 6.877819 5.544776 5.744140 4.574460 6.496063 6.277600 4.445703 4.761230 2.920143 4.737492 4.466287 
4.966484 4.871753 5.754122 6.685027 4.657564 5.489909 3.732555 6.353009 4.204200 3.881444 3.448955 8.124172 3.919734 3.251133 3.376912 2.835772 7.053969 6.973676 5.616572 5.822068 4.662468 6.599902 6.388848 4.532611 4.860350 2.979575 4.809273 4.548164 
5.056903 4.928302 5.839524 6.819805 4.727690 5.551229 3.788771 6.457327 4.266929 3.954347 3.519068 8.232338 4.042120 3.313885 3.416222 2.871306 7.148346 7.069663 5.687154 5.899374 4.753292 6.704950 6.502330 4.620918 4.961109 3.039620 4.881329 4.631802 
5.149256 4.984014 5.924953 6.957389 4.798512 5.611782 3.845222 6.562707 4.329041 4.028787 3.589190 8.340980 4.168146 3.378236 3.455470 2.906689 7.242526 7.165785 5.756452 5.976020 4.847053 6.811252 6.618132 4.710656 5.063542 3.100276 4.953663 4.717265 
5.243614 5.038852 6.010394 7.097861 4.870054 5.671545 3.901909 6.669180 4.390488 4.104814 3.659281 8.450129 4.297898 3.444247 3.494663 2.941915 7.336495 7.262042 5.824398 6.051967 4.943871 6.918853 6.736341 4.801859 5.167683 3.161545 5.026279 4.804619 
5.340047 5.092778 6.095830 7.241308 4.942344 5.730497 3.958837 6.776776 4.451220 4.182482 3.729295 8.559820 4.431467 3.511978 3.533809 2.976982 7.430241 7.358438 5.890921 6.127177 5.043872 7.027797 6.857047 4.894561 5.273567 3.223424 5.099180 4.893931 
5.438629 5.145757 6.181247 7.387814 5.015409 5.788615 4.016006 6.885528 4.511188 4.261845 3.799190 8.670088 4.568942 3.581489 3.572918 3.011885 7.523752 7.454977 5.955950 6.201609 5.147182 7.138132 6.980340 4.988798 5.381229 3.285915 5.172371 4.985267 
5.539433 5.197749 6.266626 7.537467 5.089278 5.845876 4.073419 6.995467 4.570338 4.342957 3.868920 8.780969 4.710415 3.652844 3.611996 3.046619 7.617016 7.551661 6.019412 6.275225 5.253929 7.249905 7.106313 5.084603 5.490704 3.349017 5.245855 5.078698 
5.642537 5.248717 6.351951 7.690357 5.163980 5.902259 4.131080 7.106625 4.628621 4.425875 3.938438 8.892499 4.855978 3.726106 3.651055 3.081182 7.710021 7.648496 6.081234 6.347983 5.364243 7.363163 7.235062 5.182014 5.602029 3.412729 5.319639 5.174292 
5.748015 5.298623 6.437207 7.846572 5.239544 5.957739 4.188990 7.219037 4.685981 4.510654 4.007699 9.004719 5.005724 3.801340 3.690103 3.115570 7.802753 7.745484 6.141340 6.419844 5.478258 7.477957 7.366681 5.281065 5.715240 3.477051 5.393725 5.272122 
5.855947 5.347426 6.522374 8.006204 5.315999 6.012295 4.247154 7.332736 4.742366 4.597352 4.076654 9.117666 5.159748 3.878610 3.729150 3.149779 7.895202 7.842631 6.199655 6.490765 5.596108 7.594337 7.501268 5.381795 5.830374 3.541982 5.468120 5.372259 
5.966412 5.395088 6.607437 8.169347 5.393377 6.065905 4.305573 7.447758 4.797722 4.686028 4.145255 9.231381 5.318145 3.957984 3.768206 3.183805 7.987355 7.939942 6.256103 6.560705 5.717931 7.712355 7.638922 5.484239 5.947469 3.607521 5.542828 5.474777 
6.079490 5.441569 6.692378 8.336093 5.471709 6.118545 4.364252 7.564138 4.851992 4.776740 4.213452 9.345906 5.481012 4.039529 3.807283 3.217645 8.079200 8.037421 6.310605 6.629622 5.843866 7.832061 7.779745 5.588436 6.066563 3.673667 5.617855 5.579750 
6.195262 5.486827 6.777179 8.506539 5.551027 6.170193 4.423193 7.681913 4.905121 4.869549 4.281196 9.461284 5.648446 4.123314 3.846391 3.251296 8.170726 8.135074 6.363082 6.697473 5.974055 7.953510 7.923839 5.694423 6.187695 3.740419 5.693206 5.687254 
6.313813 5.530823 6.861823 8.680781 5.631362 6.220828 4.482400 7.801119 4.957052 4.964516 4.348433 9.577557 5.820546 4.209408 3.885542 3.284754 8.261920 8.232907 6.413456 6.764215 6.108640 8.076756 8.071307 5.802240 6.310903 3.807777 5.768888 5.797366 
