0.033845 
0.026388 
0.031012 
0.035439 
0.027141 
0.024418 
0.030814 
0.023491 
0.022346 
0.018780 
0.018579 
0.036452 
0.023636 
0.019190 
0.022510 
0.022302 
0.026348 
0.035372 
0.031038 
0.028330 
0.032016 
0.025773 
0.020042 
0.023810 
0.024728 
0.010035 
0.021111 
0.018409 
0.000000 
0.000000 
0.000000 
0.036614 
0.030394 
0.025390 
0.025312 
0.022633 
0.024442 
0.000000 
0.017397 
0.000000 
0.000000 
0.000000 
0.024259 
0.022439 
0.000000 
0.029599 
0.032044 
0.000000 
0.022773 
0.000000 
0.000000 
0.025429 
0.000000 
0.000000 
0.000000 
0.000000 
0.000000 
0.000000 
0.000000 
0.038208 
0.024427 
0.024161 
0.019564 
0.020702 
0.026220 
0.000000 
0.020009 
0.000000 
0.000000 
0.000000 
0.000000 
0.000000 
0.000000 
0.020411 
0.026338 
0.000000 
0.024256 
0.000000 
0.000000 
0.024954 
0.000000 
0.000000 
0.000000 
0.000000 
0.000000 
0.000000 
0.000000 
0.035490 
0.026061 
0.000000 
0.017829 
0.020540 
0.020521 
0.000000 
0.000000 
0.000000 
0.000000 
0.000000 
0.000000 
0.000000 
0.000000 
0.034348 
0.031458 
0.000000 
0.000000 
0.000000 
0.000000 
0.000000 
0.000000 
0.000000 
0.000000 
0.000000 
0.000000 
0.000000 
0.000000 
0.040562 
0.028126 
0.000000 
0.027238 
0.023272 
0.026634 
0.000000 
0.000000 
0.000000 
0.000000 
0.000000 
0.000000 
0.000000 
0.000000 
0.000000 
0.000000 
0.000000 
0.000000 
0.000000 
0.000000 
0.000000 
0.000000 
0.000000 
0.000000 
0.000000 
0.000000 
0.000000 
0.000000 
0.000000 
0.029887 
0.000000 
0.000000 
0.023502 
0.020424 
0.000000 
0.000000 
0.000000 
0.000000 
0.000000 
0.000000 
0.000000 
0.000000 
0.000000 
0.000000 
0.000000 
0.000000 
0.000000 
0.000000 
0.000000 
0.000000 
0.000000 
0.000000 
0.000000 
0.000000 
0.000000 
0.000000 
0.000000 
0.000000 
0.000000 
0.000000 
0.021109 
0.000000 
0.000000 
0.000000 
0.000000 
0.000000 
0.000000 
0.000000 
0.000000 
0.000000 
0.000000 
0.000000 
0.000000 
0.000000 
0.000000 
0.000000 
0.000000 
0.000000 
0.000000 
0.000000 
0.000000 
0.000000 
0.000000 
0.000000 
0.000000 
0.000000 
0.000000 
0.000000 
0.027213 
0.000000 
0.000000 
0.000000 
0.000000 
0.000000 
0.000000 
0.000000 
0.000000 
0.000000 
0.000000 
0.000000 
0.000000 
0.000000 
0.000000 
0.000000 
0.000000 
0.000000 
0.000000 
0.000000 
0.000000 
0.000000 
0.000000 
0.000000 
0.000000 
0.000000 
0.000000 
0.000000 
0.023747 
0.000000 
0.000000 
0.000000 
0.000000 
0.000000 
0.000000 
0.000000 
0.000000 
0.000000 
0.000000 
0.000000 
0.000000 
0.000000 
0.000000 
0.000000 
0.000000 
0.000000 
0.000000 
0.000000 
0.000000 
0.000000 
0.000000 
0.000000 
0.000000 
0.000000 
0.000000 
0.000000 
0.015624 
0.000000 
0.000000 
0.000000 
0.000000 
0.000000 
0.000000 
0.000000 
0.000000 
0.000000 
0.000000 
0.000000 
0.000000 
0.000000 
0.000000 
0.000000 
0.000000 
0.000000 
0.000000 
0.000000 
0.000000 
