0.033816 
0.035505 
0.045201 
0.046274 
0.037617 
0.043064 
0.035578 
0.041949 
0.036911 
0.031731 
0.035022 
0.048728 
0.028950 
0.027974 
0.030759 
0.026448 
0.042644 
0.048570 
0.046772 
0.046213 
0.034778 
0.050692 
0.048078 
0.036728 
0.036865 
0.033550 
0.034966 
0.033076 
0.000000 
0.000000 
0.000000 
0.047427 
0.036626 
0.043194 
0.036390 
0.041450 
0.037493 
0.000000 
0.035072 
0.000000 
0.000000 
0.000000 
0.030712 
0.026636 
0.000000 
0.049215 
0.045125 
0.000000 
0.034435 
0.000000 
0.000000 
0.037075 
0.000000 
0.000000 
0.000000 
0.000000 
0.000000 
0.000000 
0.000000 
0.046827 
0.035852 
0.043238 
0.036215 
0.040364 
0.036118 
0.000000 
0.034711 
0.000000 
0.000000 
0.000000 
0.000000 
0.000000 
0.000000 
0.047832 
0.046089 
0.000000 
0.034171 
0.000000 
0.000000 
0.038156 
0.000000 
0.000000 
0.000000 
0.000000 
0.000000 
0.000000 
0.000000 
0.046782 
0.036899 
0.000000 
0.035105 
0.040991 
0.037092 
0.000000 
0.000000 
0.000000 
0.000000 
0.000000 
0.000000 
0.000000 
0.000000 
0.048497 
0.045478 
0.000000 
0.000000 
0.000000 
0.000000 
0.000000 
0.000000 
0.000000 
0.000000 
0.000000 
0.000000 
0.000000 
0.000000 
0.047585 
0.036725 
0.000000 
0.036243 
0.042634 
0.036538 
0.000000 
0.000000 
0.000000 
0.000000 
0.000000 
0.000000 
0.000000 
0.000000 
0.000000 
0.000000 
0.000000 
0.000000 
0.000000 
0.000000 
0.000000 
0.000000 
0.000000 
0.000000 
0.000000 
0.000000 
0.000000 
0.000000 
0.000000 
0.035982 
0.000000 
0.000000 
0.041972 
0.037083 
0.000000 
0.000000 
0.000000 
0.000000 
0.000000 
0.000000 
0.000000 
0.000000 
0.000000 
0.000000 
0.000000 
0.000000 
0.000000 
0.000000 
0.000000 
0.000000 
0.000000 
0.000000 
0.000000 
0.000000 
0.000000 
0.000000 
0.000000 
0.000000 
0.000000 
0.000000 
0.042486 
0.000000 
0.000000 
0.000000 
0.000000 
0.000000 
0.000000 
0.000000 
0.000000 
0.000000 
0.000000 
0.000000 
0.000000 
0.000000 
0.000000 
0.000000 
0.000000 
0.000000 
0.000000 
0.000000 
0.000000 
0.000000 
0.000000 
0.000000 
0.000000 
0.000000 
0.000000 
0.000000 
0.040628 
0.000000 
0.000000 
0.000000 
0.000000 
0.000000 
0.000000 
0.000000 
0.000000 
0.000000 
0.000000 
0.000000 
0.000000 
0.000000 
0.000000 
0.000000 
0.000000 
0.000000 
0.000000 
0.000000 
0.000000 
0.000000 
0.000000 
0.000000 
0.000000 
0.000000 
0.000000 
0.000000 
0.040375 
0.000000 
0.000000 
0.000000 
0.000000 
0.000000 
0.000000 
0.000000 
0.000000 
0.000000 
0.000000 
0.000000 
0.000000 
0.000000 
0.000000 
0.000000 
0.000000 
0.000000 
0.000000 
0.000000 
0.000000 
0.000000 
0.000000 
0.000000 
0.000000 
0.000000 
0.000000 
0.000000 
0.040883 
0.000000 
0.000000 
0.000000 
0.000000 
0.000000 
0.000000 
0.000000 
0.000000 
0.000000 
0.000000 
0.000000 
0.000000 
0.000000 
0.000000 
0.000000 
0.000000 
0.000000 
0.000000 
0.000000 
0.000000 
