0.715497 
0.917672 
0.780862 
0.633797 
0.860970 
1.002286 
1.237777 
0.889851 
1.180069 
1.289472 
1.207355 
0.664322 
1.024531 
1.261895 
1.075765 
1.079202 
0.919097 
1.186433 
0.755705 
0.854790 
1.063342 
0.939580 
1.208254 
0.970422 
0.979300 
0.883167 
1.147076 
1.271510 
0.736061 
0.944047 
0.803305 
0.652014 
0.885716 
1.031093 
1.269371 
0.915427 
0.950114 
1.326533 
1.319811 
0.683415 
1.053977 
1.298164 
1.026924 
1.110220 
0.945513 
0.704292 
0.777425 
0.879357 
1.093904 
0.966585 
1.242981 
0.979656 
1.007447 
0.908550 
1.180045 
1.308054 
0.731597 
0.938322 
0.798433 
0.697682 
0.814666 
0.975224 
1.265630 
1.054044 
0.944352 
1.318488 
1.311806 
0.679270 
1.047585 
1.290291 
1.020696 
1.110233 
0.939779 
0.700020 
0.787096 
0.874024 
1.087269 
0.960723 
1.235443 
1.039937 
1.001337 
0.903040 
1.172888 
1.300122 
0.745671 
0.956372 
0.813792 
0.660525 
0.844418 
1.033546 
0.997044 
1.073839 
1.129406 
1.343850 
1.258271 
0.692337 
1.067737 
1.315111 
1.040330 
1.131590 
0.957857 
0.734752 
0.813103 
0.890837 
0.788264 
0.979204 
1.259208 
1.011346 
1.020599 
0.920411 
1.195450 
1.325131 
0.745023 
0.955541 
0.813085 
0.621645 
0.967541 
1.043647 
0.818301 
1.072907 
1.031641 
1.342684 
1.335880 
0.691736 
1.066809 
1.313969 
1.039427 
1.130607 
0.957025 
0.712867 
0.957370 
0.890064 
0.787579 
0.978353 
1.258114 
1.010468 
1.019713 
0.919612 
1.194412 
1.323980 
0.726946 
0.932356 
0.793357 
0.671969 
0.944064 
1.018324 
0.903267 
1.197824 
1.198951 
1.310105 
1.303466 
0.674951 
1.040924 
1.282087 
1.092979 
1.096471 
0.933804 
0.695570 
0.782091 
0.868467 
1.014320 
0.954615 
1.227587 
0.985950 
0.994970 
0.897298 
1.165431 
1.291855 
0.739757 
0.948787 
0.807338 
0.655287 
0.890163 
1.025349 
0.919186 
0.920023 
1.220081 
1.333193 
1.248292 
0.686846 
1.059269 
1.304682 
1.032080 
1.115794 
0.950260 
0.728925 
0.781328 
0.883772 
1.099396 
0.971438 
1.249221 
1.003325 
1.012505 
0.913112 
1.185969 
1.314622 
0.729191 
0.935235 
0.795807 
0.645927 
0.946979 
1.021469 
1.261466 
1.060473 
1.202654 
1.314150 
1.307491 
0.677036 
1.044139 
1.286046 
1.096354 
1.106581 
0.936687 
0.697718 
0.770168 
0.871149 
0.770842 
0.957563 
1.231378 
0.970511 
0.998043 
0.900069 
1.169030 
1.295844 
0.739219 
0.948097 
0.806751 
0.616802 
0.889515 
0.985384 
0.918517 
1.053552 
0.954190 
1.332223 
1.247385 
0.686347 
1.058498 
1.303733 
1.031329 
1.114982 
0.949569 
1.225768 
0.780760 
0.883130 
0.781443 
0.970732 
1.248313 
1.050771 
1.011769 
0.912448 
1.185107 
1.313666 
0.727780 
0.933426 
0.794267 
0.695038 
0.875751 
0.970136 
1.255090 
1.058422 
0.939425 
1.311609 
1.304962 
0.675726 
1.042119 
1.283559 
1.015371 
1.097729 
0.934876 
0.832169 
0.793595 
0.869464 
1.081597 
0.955711 
1.228997 
0.968634 
0.996112 
0.898328 
1.166769 
1.293338 
0.734296 
0.941784 
0.801379 
0.678764 
0.817672 
0.978822 
1.266327 
1.209936 
0.933085 
1.323352 
1.242075 
0.681776 
1.051450 
1.295051 
1.024462 
1.114329 
0.943246 
0.723544 
0.943586 
0.877249 
0.776240 
0.964267 
1.240000 
1.043774 
1.005031 
0.906372 
1.177215 
1.304918 
0.745651 
0.956346 
0.813770 
0.711084 
0.844396 
0.993958 
0.926509 
1.115040 
0.947513 
1.343815 
1.258238 
0.692319 
1.067708 
1.315076 
1.040303 
1.124684 
0.957831 
0.734732 
0.787553 
0.890813 
1.040419 
0.979178 
1.259174 
0.992418 
1.020572 
0.920387 
1.195418 
1.325096 
0.752468 
0.965089 
0.821210 
0.718614 
0.852115 
1.003044 
0.826477 
0.935831 
1.139701 
1.356100 
1.269741 
0.698648 
1.077469 
1.327099 
1.131351 
1.141905 
0.966588 
0.719990 
0.820515 
0.898957 
0.795449 
0.988129 
1.270686 
1.020565 
1.029902 
0.928801 
1.206347 
1.337210 
0.740356 
0.949556 
0.807992 
0.617751 
0.890884 
0.986900 
0.989938 
1.187064 
1.025179 
1.334273 
1.249304 
0.687403 
1.060127 
1.305739 
1.032916 
1.123525 
0.951030 
0.708401 
0.796519 
0.884488 
1.033032 
0.972225 
1.250234 
0.985372 
1.013325 
0.913851 
1.186930 
1.315687 
0.734754 
0.942371 
0.801878 
0.700693 
0.954205 
0.979432 
0.912970 
1.058118 
1.217544 
1.324177 
1.239850 
0.682201 
1.052105 
1.295858 
1.025100 
1.108248 
0.943834 
0.723995 
0.801200 
0.877796 
1.025215 
0.964868 
1.240773 
0.996540 
1.005658 
0.906936 
1.177949 
1.305731 
0.718211 
0.921153 
0.783824 
0.685899 
0.932720 
0.995485 
0.892414 
1.074006 
1.184545 
1.294362 
1.211935 
0.666841 
1.028416 
1.266681 
1.079845 
1.089918 
0.922583 
1.190933 
0.772694 
0.858032 
1.002132 
0.943144 
1.212837 
0.974102 
0.983015 
0.886516 
1.151427 
1.276332 
0.742304 
0.952054 
0.810117 
0.686166 
0.826588 
0.989496 
0.922350 
1.213555 
0.958172 
1.337783 
1.252590 
0.689211 
1.062915 
1.309173 
1.035633 
1.126480 
0.953532 
0.848775 
0.953875 
0.886815 
0.784704 
0.974782 
1.253522 
0.987964 
1.015990 
0.916255 
1.190052 
1.319147 
0.734152 
0.941599 
0.801222 
0.612574 
0.953423 
1.028419 
0.981643 
1.177117 
1.210837 
1.323092 
1.316388 
0.681643 
1.051244 
1.294797 
1.024261 
1.107340 
0.943061 
0.723402 
0.800543 
0.877077 
0.776088 
0.964078 
1.239757 
1.043569 
1.004834 
0.906194 
1.176984 
1.304662 
0.728500 
0.934349 
0.795052 
0.694728 
1.009363 
1.020501 
0.905198 
1.168054 
1.207180 
1.312905 
1.229296 
0.676394 
1.043149 
1.284828 
1.016374 
1.105532 
0.935799 
0.717832 
0.794379 
0.870323 
1.016488 
0.956655 
1.230211 
0.988057 
0.997097 
0.899216 
1.167922 
1.294616 
0.732091 
0.938956 
0.798972 
0.698153 
0.950747 
0.975883 
0.978888 
1.135015 
1.207438 
1.319378 
1.238345 
0.679729 
1.048292 
1.291162 
1.100715 
1.110983 
0.940413 
0.837099 
0.798296 
0.874615 
0.773909 
0.961372 
1.236277 
0.992929 
1.002013 
0.903650 
1.173680 
1.301000 
0.709693 
0.910229 
0.774528 
0.677764 
0.983306 
0.983679 
1.223898 
1.160242 
1.170497 
1.279012 
1.197562 
0.658933 
1.016220 
1.251660 
1.067039 
1.076993 
0.911642 
0.811488 
0.911970 
0.847856 
0.990247 
0.931959 
1.198453 
1.008801 
0.971357 
0.876003 
1.137772 
1.261196 
0.759008 
0.973478 
0.828348 
0.672340 
0.845189 
1.011763 
0.833662 
0.943965 
0.979734 
1.367888 
1.360956 
0.704721 
1.086835 
1.338635 
1.058939 
1.144831 
0.974990 
0.747894 
0.827647 
0.906772 
0.802363 
0.996719 
1.281731 
1.010197 
1.038854 
0.936874 
1.216833 
1.348833 
0.735778 
0.943684 
0.802996 
0.680134 
0.955535 
1.030697 
0.914242 
1.070054 
1.114423 
1.326022 
1.241579 
0.683152 
1.053572 
1.297665 
1.026529 
1.109793 
0.945149 
0.704021 
0.802316 
0.879019 
1.026644 
0.966213 
1.242503 
1.045880 
1.007059 
0.908201 
1.179591 
1.307551 
0.728933 
0.934904 
0.795525 
0.645699 
0.946644 
1.010346 
1.257077 
0.906561 
0.940912 
1.313685 
1.230027 
0.676796 
1.043769 
1.285591 
1.016978 
1.099467 
0.936356 
1.208711 
0.794852 
0.870841 
0.770570 
0.957224 
1.230942 
1.036149 
0.997690 
0.899751 
1.168616 
1.295386 
0.720686 
0.924328 
0.786525 
0.666183 
0.816125 
0.998916 
0.963637 
1.117332 
0.930268 
1.298823 
1.292242 
0.669139 
1.031961 
1.271047 
1.005473 
1.093675 
0.925763 
1.195037 
0.926096 
0.860989 
1.071053 
0.946394 
1.217017 
0.959192 
0.986403 
0.889572 
1.155395 
1.280731 
0.701570 
0.899810 
0.765662 
0.669047 
0.911109 
0.972420 
1.209888 
1.124875 
1.062610 
1.264372 
1.257965 
0.651390 
1.004588 
1.237332 
1.054825 
1.064665 
0.901207 
1.163339 
0.901531 
0.838151 
1.042644 
0.921291 
1.184735 
0.997254 
0.960238 
0.865976 
1.124748 
1.246759 
0.735619 
0.943480 
0.802822 
0.679986 
0.885183 
0.980585 
1.272586 
1.202626 
0.934765 
1.325735 
1.244311 
0.683004 
1.053343 
1.297383 
1.026306 
1.109552 
0.944944 
0.841132 
0.791422 
0.878828 
0.777638 
0.966004 
1.242233 
0.979066 
1.006841 
0.908004 
1.179335 
1.307268 
0.713515 
0.915130 
0.778698 
0.632041 
0.808004 
0.999509 
1.234347 
1.166489 
1.176799 
1.285899 
1.204010 
0.662481 
1.021692 
1.258399 
1.072784 
1.082792 
0.916550 
0.815857 
0.916881 
0.852421 
1.060395 
0.936977 
1.204906 
1.014233 
0.976587 
0.880720 
1.143898 
1.267986 
0.735930 
0.943878 
0.803161 
0.702820 
0.833387 
1.020044 
0.914430 
1.048864 
1.219492 
1.326295 
1.241834 
0.683293 
1.053788 
1.297932 
1.026740 
1.116807 
0.945344 
0.725153 
0.777286 
0.879200 
1.093708 
0.966412 
1.242758 
0.998134 
1.007266 
0.908387 
1.179833 
1.307820 
0.723864 
0.928403 
0.789993 
0.603989 
0.806054 
1.003320 
0.899438 
1.160621 
1.096377 
1.304550 
1.221474 
0.672090 
1.036511 
1.276651 
1.009906 
1.098497 
0.929844 
1.200306 
0.764542 
0.864785 
1.075776 
0.950567 
1.222383 
1.028944 
0.990752 
0.893494 
1.160489 
1.286378 
0.731942 
0.938764 
0.798809 
0.676587 
1.014132 
1.014517 
0.978687 
1.206056 
1.212884 
1.319108 
1.312424 
0.679590 
1.048078 
1.290898 
1.021176 
1.110756 
0.940221 
0.700350 
0.787466 
0.874436 
0.773750 
0.961175 
1.236024 
0.992726 
1.001808 
0.903465 
1.173440 
1.300733 
0.743071 
0.953038 
0.810955 
0.658223 
0.827442 
0.990519 
1.281459 
1.080660 
1.028938 
1.339166 
1.253885 
0.689923 
1.064014 
1.310527 
1.036704 
1.127645 
0.954517 
0.710999 
0.799440 
0.887732 
0.785516 
0.975790 
1.254818 
0.988985 
1.017041 
0.917202 
1.191282 
1.320511 
0.718654 
0.921721 
0.784307 
0.636593 
0.800253 
1.006708 
1.243238 
1.174891 
1.190865 
1.295160 
1.215614 
0.667252 
1.029051 
1.267462 
1.002637 
1.083963 
0.923152 
0.821733 
0.923484 
0.858561 
1.002750 
0.943725 
1.213584 
0.974703 
0.983621 
0.887063 
1.152137 
1.277119 
0.727617 
0.933216 
0.794089 
0.694881 
0.907335 
1.008522 
0.972904 
1.048308 
0.939214 
1.311313 
1.227806 
0.675574 
1.041885 
1.283270 
1.015142 
1.104192 
0.934665 
1.206529 
0.782813 
0.869268 
1.015256 
0.955495 
1.228720 
0.968416 
0.995888 
0.898126 
1.166506 
1.293047 
0.739117 
0.947967 
0.806640 
0.654721 
0.889393 
0.985249 
0.918391 
1.074910 
0.954059 
1.332040 
1.325290 
0.686253 
1.058353 
1.303554 
1.111279 
1.114829 
0.949439 
0.728295 
0.795186 
0.883008 
1.098445 
0.970598 
1.248142 
1.002458 
1.011630 
0.912322 
1.184944 
1.313485 
0.719058 
0.922239 
0.784748 
0.636952 
0.996281 
0.996659 
1.243937 
1.035978 
1.185942 
1.295889 
1.289322 
0.667628 
1.029630 
1.268176 
1.081119 
1.084573 
0.923671 
0.708529 
0.784084 
0.859044 
1.068634 
0.944256 
1.214267 
0.957025 
0.984174 
0.887562 
1.152785 
1.277838 
0.721345 
0.925173 
0.787244 
0.601888 
0.899515 
1.010478 
0.896308 
1.039273 
1.189714 
1.300011 
1.293423 
0.669751 
1.032904 
1.272209 
1.006392 
1.094675 
0.926609 
1.196130 
0.761882 
0.861776 
1.006505 
0.947260 
1.218129 
1.025364 
0.987304 
0.890385 
1.156451 
1.281902 
0.734126 
0.941565 
0.801193 
0.612552 
0.953389 
1.017545 
0.806332 
0.913020 
0.932868 
1.323045 
1.241787 
0.681618 
1.051206 
1.294751 
1.103774 
1.114071 
0.943027 
1.217323 
0.775381 
0.877045 
1.091028 
0.964044 
1.239713 
0.977080 
1.004798 
0.906161 
1.176942 
1.304615 
0.734943 
0.942614 
0.802085 
0.700873 
1.018291 
0.979685 
0.807230 
1.099028 
1.212142 
1.324518 
1.240170 
0.682377 
1.052376 
1.296192 
1.025364 
1.108533 
0.944077 
0.724182 
0.801406 
0.878022 
1.025479 
0.965117 
1.241093 
0.996797 
1.005917 
0.907170 
1.178252 
1.306068 
0.721927 
0.925919 
0.787880 
0.602374 
0.937547 
1.011294 
1.248901 
1.049910 
0.917367 
1.301060 
1.218206 
0.670292 
1.033738 
1.273236 
1.007205 
1.088901 
0.927357 
1.197095 
0.762497 
0.862471 
1.007317 
0.948024 
1.219113 
0.960844 
0.988101 
0.891104 
1.157385 
1.282937 
0.745279 
0.955870 
0.813365 
0.621858 
0.967873 
1.033003 
0.818582 
1.073275 
0.947041 
1.343145 
1.260652 
0.691973 
1.067176 
1.314421 
1.120543 
1.124123 
0.957354 
0.713112 
0.812676 
0.890369 
1.039901 
0.978690 
1.258547 
0.991924 
1.020063 
0.919928 
1.194822 
1.324435 
0.721669 
0.925589 
0.787598 
0.639265 
0.868398 
0.961990 
1.248455 
1.039275 
1.195862 
1.300595 
1.294005 
0.670052 
1.033369 
1.272781 
1.085045 
1.095167 
0.927026 
0.825182 
0.776415 
0.862163 
1.006958 
0.947686 
1.218677 
0.978793 
0.987748 
0.890785 
1.156972 
1.282478 
0.749269 
0.960987 
0.817719 
0.663713 
0.834344 
1.038534 
0.822964 
1.079504 
0.967163 
1.350336 
1.264344 
0.695678 
1.072889 
1.321458 
1.045351 
1.130141 
0.962479 
0.716929 
0.817027 
0.895136 
1.045468 
0.983929 
1.265285 
1.016227 
1.025524 
0.924853 
1.201219 
1.331526 
0.715804 
0.918066 
0.781197 
0.683600 
0.861340 
0.992149 
1.234436 
1.147698 
1.180575 
1.290025 
1.207874 
0.664607 
1.024970 
1.262437 
1.076227 
1.086266 
0.919491 
1.186942 
0.770105 
0.855156 
0.756691 
0.939984 
1.208773 
0.952694 
0.979721 
0.883546 
1.147568 
1.272055 
0.733983 
0.941382 
0.801037 
0.678474 
0.883215 
1.017347 
0.806175 
1.137947 
1.216267 
1.322787 
1.241545 
0.681485 
1.051001 
1.294499 
1.024024 
1.107085 
0.942843 
0.723235 
0.789663 
0.876874 
1.090815 
0.963856 
1.239471 
1.043328 
1.004602 
0.905985 
1.176713 
1.304361 
0.719103 
0.922298 
0.784798 
0.600017 
0.933879 
1.007338 
1.244016 
1.045803 
0.995749 
1.295971 
1.216375 
0.667670 
1.029695 
1.268256 
1.003265 
1.084641 
0.923729 
1.192413 
0.784133 
0.859098 
1.003377 
0.944316 
1.214344 
0.957085 
0.984236 
0.887618 
1.152858 
1.277918 
0.732177 
0.939065 
0.799065 
0.699236 
0.881041 
1.014843 
0.804191 
1.135147 
1.213274 
1.319532 
1.235501 
0.679808 
1.048415 
1.291313 
1.021504 
1.104360 
0.940523 
0.837196 
0.787719 
0.874716 
1.088130 
0.961484 
1.236421 
0.974485 
1.002130 
0.903755 
1.173817 
1.301151 
0.727988 
0.933692 
0.794494 
0.672932 
0.876001 
1.009036 
1.259385 
1.037545 
0.925068 
1.311982 
1.228433 
0.675919 
1.042416 
1.283925 
1.094545 
1.098042 
0.935142 
0.696567 
0.935479 
0.869712 
1.015774 
0.955983 
1.229347 
1.034806 
0.996396 
0.898584 
1.167101 
1.293707 
0.732457 
0.939425 
0.799372 
0.699504 
0.951222 
0.976371 
0.910116 
1.174400 
0.945463 
1.320038 
1.238964 
0.680069 
1.048817 
1.291808 
1.101266 
1.104784 
0.940884 
0.837517 
0.788021 
0.875052 
1.022011 
0.961853 
1.236895 
1.041160 
1.002514 
0.904102 
1.174267 
1.301650 
0.733560 
0.940839 
0.800575 
0.678083 
0.816851 
1.027589 
0.911485 
1.066827 
1.111062 
1.322024 
1.315325 
0.681092 
1.050395 
1.293752 
1.023434 
1.106446 
0.942299 
0.701898 
0.942639 
0.876368 
1.023548 
0.963300 
1.238756 
1.042726 
1.004023 
0.905462 
1.176034 
1.303609 
0.729039 
0.935041 
0.795641 
0.673904 
0.946783 
1.021257 
1.261204 
1.130283 
1.009508 
1.313878 
1.233182 
0.676895 
1.043922 
1.285779 
1.017127 
1.106351 
0.936493 
0.718364 
0.936830 
0.870968 
0.770682 
0.957364 
1.231123 
1.036301 
0.997836 
0.899882 
1.168787 
1.295575 
0.746256 
0.957123 
0.814431 
0.661044 
0.969142 
0.994765 
0.819655 
1.063582 
1.033349 
1.344906 
1.259260 
0.692881 
1.068575 
1.316144 
1.041148 
1.125597 
0.958609 
0.714047 
0.788193 
0.891537 
1.041264 
0.979973 
1.260197 
0.993224 
1.021401 
0.921134 
1.196389 
1.326172 
0.719942 
0.923374 
0.785713 
0.687552 
0.997506 
0.997885 
1.241573 
1.037252 
1.193000 
1.297483 
1.217794 
0.668449 
1.030896 
1.269735 
1.004435 
1.085907 
0.924807 
0.709400 
0.785048 
0.860100 
1.069948 
0.945418 
1.215761 
1.023370 
0.985385 
0.888654 
1.154203 
1.279409 
0.739814 
0.948861 
0.807401 
0.655338 
0.837787 
1.036351 
0.989214 
0.920094 
1.024428 
1.333296 
1.326540 
0.686900 
1.059351 
1.304783 
1.112327 
1.122703 
0.950334 
0.728981 
0.781389 
0.883841 
1.099481 
0.971513 
1.249319 
1.003403 
1.012583 
0.913183 
1.186061 
1.314724 
0.728809 
0.934745 
0.795390 
0.608116 
0.946483 
1.010174 
1.260805 
1.129925 
1.207692 
1.313462 
1.229818 
0.676681 
1.043592 
1.285373 
1.095780 
1.106001 
0.936197 
0.718137 
0.794717 
0.870693 
0.770439 
0.957061 
1.230733 
0.988476 
0.997520 
0.899598 
1.168417 
1.295166 
0.731314 
0.937959 
0.798124 
0.698412 
0.911946 
1.024443 
0.908695 
1.093601 
1.107661 
1.317977 
1.234045 
0.679007 
1.047179 
1.289791 
1.020301 
1.103059 
0.939415 
0.836210 
0.797448 
0.873686 
1.086848 
0.960351 
1.234964 
0.991874 
1.000949 
0.902690 
1.172434 
1.299618 
0.733799 
0.941146 
0.800836 
0.612279 
1.016705 
1.027924 
0.911783 
1.097317 
1.016099 
1.322455 
1.238239 
0.681314 
1.050737 
1.294174 
1.023768 
1.106807 
0.942607 
0.702127 
0.942947 
0.876654 
1.023882 
0.963614 
1.239160 
1.043066 
1.004350 
0.905758 
1.176418 
1.304034 
0.733502 
0.940765 
0.800512 
0.612032 
0.882637 
1.027509 
0.805647 
1.056316 
1.215470 
1.321921 
1.240731 
0.681039 
1.050313 
1.293651 
1.102837 
1.113124 
0.942226 
0.838712 
0.789145 
0.876300 
1.090100 
0.963225 
1.238659 
0.994842 
1.003944 
0.905391 
1.175942 
1.303507 
0.728263 
0.934046 
0.794794 
0.694503 
1.009035 
1.020170 
0.973769 
0.905728 
1.206789 
1.312479 
1.228898 
0.676175 
1.042811 
1.284411 
1.094959 
1.105173 
0.935496 
0.717599 
0.935833 
0.870041 
1.016158 
0.956345 
1.229812 
0.969277 
0.996773 
0.898925 
1.167543 
1.294196 
0.716338 
0.918751 
0.781780 
0.662164 
0.992513 
1.003465 
1.239232 
1.171105 
1.181456 
1.290988 
1.208775 
0.665103 
1.025735 
1.263379 
1.077030 
1.087077 
0.920177 
0.685420 
0.781118 
0.855794 
1.064592 
0.940685 
1.209675 
0.971563 
0.980452 
0.884205 
1.148425 
1.273004 
0.721154 
0.924928 
0.787036 
0.601728 
0.899276 
0.999565 
1.243662 
1.078408 
1.189399 
1.299667 
1.219844 
0.669574 
1.032631 
1.271872 
1.084270 
1.087735 
0.926364 
0.710594 
0.926697 
0.861548 
1.006239 
0.947009 
1.217807 
0.978094 
0.987043 
0.890149 
1.156145 
1.281563 
0.741056 
0.950453 
0.808756 
0.618334 
0.924094 
1.038090 
0.813943 
1.067193 
0.956561 
1.335534 
1.253508 
0.688052 
1.061129 
1.306972 
1.033892 
1.117753 
0.951929 
0.730204 
0.952272 
0.885324 
1.101326 
0.973144 
1.251415 
1.005087 
1.014283 
0.914715 
1.188052 
1.316930 
0.722729 
0.926948 
0.788755 
0.640203 
1.001367 
1.012417 
0.898028 
1.041267 
0.918386 
1.302505 
1.219559 
0.671036 
1.034886 
1.274650 
1.008323 
1.090110 
0.928387 
1.198425 
0.928721 
0.863429 
1.074090 
0.949077 
1.220467 
0.961911 
0.989199 
0.892093 
1.158670 
1.284361 
0.735276 
0.943040 
0.802448 
0.679669 
0.954882 
1.029993 
0.807595 
1.069323 
1.113662 
1.325117 
1.240731 
0.682686 
1.052852 
1.296778 
1.105503 
1.109035 
0.944504 
0.840740 
0.776595 
0.878419 
1.025943 
0.965553 
1.241654 
0.978610 
1.006371 
0.907580 
1.178785 
1.306658 
0.741619 
0.951176 
0.809371 
0.656937 
0.825826 
1.027931 
0.991628 
1.056974 
1.228921 
1.336550 
1.329777 
0.688576 
1.061936 
1.307967 
1.034678 
1.118603 
0.952653 
0.730760 
0.808686 
0.885997 
0.783981 
0.973884 
1.252367 
1.005852 
1.015054 
0.915411 
1.188955 
1.317932 
0.734920 
0.942584 
0.802060 
0.651003 
0.832245 
1.018646 
1.271379 
1.201485 
0.948642 
1.324477 
1.317765 
0.682356 
1.052343 
1.296152 
1.104969 
1.115276 
0.944048 
0.703200 
0.801381 
0.877994 
0.776900 
0.965087 
1.241054 
0.996766 
1.005885 
0.907142 
1.178216 
1.306027 
0.726286 
0.931510 
0.792636 
0.692617 
0.808751 
1.006678 
1.256441 
1.164504 
1.197863 
1.308915 
1.302282 
0.674339 
1.039979 
1.280923 
1.013285 
1.095475 
0.932956 
0.694938 
0.933292 
0.867679 
0.767772 
0.953748 
1.226473 
0.985055 
0.994067 
0.896484 
1.164372 
1.290682 
0.718183 
0.921118 
0.783794 
0.685872 
0.813291 
1.006049 
1.238539 
1.113452 
1.087773 
1.294313 
1.211888 
0.666816 
1.028377 
1.266633 
1.079804 
1.083254 
0.922548 
0.821196 
0.922880 
0.857999 
1.067334 
0.943108 
1.212790 
0.955861 
0.982977 
0.886483 
1.151383 
1.276283 
0.719709 
0.923075 
0.785459 
0.600523 
0.801428 
0.959377 
1.241171 
1.115818 
1.192614 
1.297063 
1.290490 
0.668233 
1.030562 
1.269324 
1.082098 
1.085556 
0.924508 
1.193418 
0.774306 
0.859822 
0.760819 
0.945112 
1.215367 
0.957892 
0.985066 
0.888366 
1.153829 
1.278995 
0.738358 
0.946993 
0.805812 
0.705140 
0.958885 
1.034311 
0.917448 
1.052326 
0.938246 
1.330672 
1.248945 
0.685548 
1.057266 
1.302215 
1.030128 
1.120493 
0.948463 
0.844264 
0.805130 
0.882101 
1.030244 
0.969601 
1.246860 
0.982712 
1.010590 
0.911385 
1.183727 
1.312136 
0.723188 
0.927536 
0.789255 
0.690652 
0.939183 
0.964014 
1.247169 
1.191632 
0.918969 
1.303332 
1.296727 
0.671462 
1.035543 
1.275459 
1.087328 
1.090802 
0.928976 
0.712598 
0.788587 
0.863977 
1.074771 
0.949679 
1.221241 
0.980853 
0.989826 
0.892659 
1.159406 
1.285176 
0.734618 
0.942196 
0.801730 
0.679061 
0.954028 
1.018227 
0.912801 
1.068367 
1.017233 
1.323932 
1.239621 
0.682075 
1.051910 
1.295618 
1.104514 
1.114817 
0.943659 
0.839987 
0.775901 
0.877633 
1.025025 
0.964690 
1.240543 
0.996356 
1.005471 
0.906768 
1.177731 
1.305489 
0.727820 
0.933477 
0.794310 
0.672777 
0.810459 
1.008804 
1.259095 
1.166964 
1.007819 
1.311680 
1.305033 
0.675763 
1.042176 
1.283628 
1.015426 
1.104500 
0.934926 
0.717162 
0.768720 
0.869511 
1.081655 
0.955762 
1.229063 
0.968686 
0.996166 
0.898377 
1.166832 
1.293408 
0.725242 
0.930171 
0.791497 
0.670394 
0.872697 
1.015937 
1.254635 
1.084521 
0.921579 
1.307034 
1.300411 
0.673369 
1.038485 
1.279082 
1.011829 
1.100588 
0.931615 
0.714622 
0.931951 
0.866432 
1.077824 
0.952377 
1.224710 
0.983639 
0.992638 
0.895195 
1.162699 
1.288827 
0.740253 
0.949424 
0.807880 
0.684270 
1.025648 
1.026037 
0.813062 
1.066038 
0.940654 
1.334087 
1.252151 
0.687307 
1.059979 
1.305557 
1.032772 
1.116542 
0.950898 
0.846431 
0.807196 
0.884365 
1.032888 
0.972090 
1.250060 
0.985235 
1.013184 
0.913724 
1.186765 
1.315504 
0.726365 
0.931611 
0.792723 
0.671432 
0.943310 
1.017510 
1.252649 
1.196867 
0.937598 
1.309058 
1.228658 
0.674412 
1.040093 
1.281063 
1.092105 
1.095594 
0.933057 
0.715729 
0.767184 
0.867773 
1.013510 
0.953852 
1.226607 
0.985162 
0.994175 
0.896581 
1.164499 
1.290823 
0.728902 
0.934866 
0.795492 
0.696109 
0.811665 
1.021065 
0.800595 
1.130071 
0.926231 
1.313631 
1.232951 
0.676768 
1.043726 
1.285538 
1.016936 
1.106144 
0.936317 
1.208662 
0.794819 
0.870805 
1.083264 
0.957184 
1.230892 
1.036106 
0.997648 
0.899714 
1.168568 
1.295332 
0.723502 
0.927940 
0.789598 
0.689962 
0.939592 
1.013500 
1.247712 
1.031153 
1.193272 
1.303899 
1.220864 
0.671754 
1.035993 
1.276014 
1.009402 
1.091277 
0.929380 
0.712908 
0.788930 
0.864353 
1.075239 
0.950093 
1.221772 
0.962940 
0.990257 
0.893048 
1.159910 
1.285736 
0.737961 
0.946484 
0.805378 
0.704760 
1.022472 
1.022860 
0.916955 
1.062737 
1.222859 
1.329956 
1.245262 
0.685179 
1.056697 
1.301514 
1.029574 
1.119890 
0.947953 
0.706109 
0.793942 
0.881627 
0.780114 
0.969080 
1.246189 
1.048983 
1.010047 
0.910895 
1.183090 
1.311430 
0.722608 
0.926793 
0.788623 
0.689110 
0.818302 
0.963241 
1.246170 
1.120312 
1.191797 
1.302287 
1.222303 
0.670924 
1.034713 
1.274437 
1.008154 
1.096591 
0.928231 
0.826255 
0.777425 
0.863285 
1.073910 
0.948918 
1.220262 
0.961750 
0.989033 
0.891944 
1.158476 
1.284146 
0.724510 
0.929232 
0.790698 
0.690923 
1.003835 
1.014912 
1.253369 
0.901061 
1.200569 
1.305715 
1.225521 
0.672690 
1.037437 
1.277792 
1.089317 
1.099478 
0.930675 
0.693239 
0.790029 
0.865557 
1.010922 
0.951416 
1.223474 
0.982646 
0.991637 
0.894292 
1.161526 
1.287527 
0.742418 
0.952201 
0.810243 
0.709017 
0.826716 
1.029039 
0.922493 
0.923333 
0.943406 
1.337990 
1.252784 
0.689318 
1.063080 
1.309376 
1.035793 
1.119808 
0.953679 
1.231074 
0.798738 
0.886952 
0.784826 
0.974933 
1.253716 
1.006935 
1.016148 
0.916397 
1.190236 
1.319352 
0.719273 
0.922515 
0.784983 
0.685929 
0.896931 
0.958795 
1.240418 
1.175903 
0.995984 
1.296276 
1.289707 
0.667827 
1.029937 
1.268554 
1.003501 
1.091530 
0.923947 
0.822441 
0.924280 
0.859300 
1.003614 
0.944538 
1.214630 
0.975543 
0.984468 
0.887827 
1.153129 
1.278219 
0.727116 
0.932575 
0.793543 
0.606704 
0.823407 
1.007829 
1.257878 
1.036304 
1.204888 
1.310412 
1.229930 
0.675110 
1.041169 
1.282388 
1.093235 
1.096728 
0.934023 
0.695733 
0.782275 
0.868671 
1.080610 
0.954839 
1.227876 
0.986181 
0.995204 
0.897509 
1.165704 
1.292159 
0.741710 
0.951292 
0.809469 
0.618880 
1.027666 
1.028056 
0.814661 
1.222151 
0.942505 
1.336712 
1.254614 
0.688659 
1.062065 
1.308126 
1.034804 
1.125579 
0.952769 
0.709696 
0.797975 
0.886105 
1.034920 
0.974002 
1.252519 
0.987173 
1.015178 
0.915522 
1.189100 
1.318092 
0.739994 
0.949091 
0.807597 
0.705689 
0.890448 
0.986417 
0.812777 
1.066141 
0.940324 
1.333620 
1.326862 
0.687066 
1.059608 
1.305099 
1.112596 
1.116151 
0.950564 
0.729158 
0.796129 
0.884055 
1.099748 
0.971749 
1.249621 
1.051872 
1.012829 
0.913404 
1.186349 
1.315043 
0.737310 
0.945649 
0.804667 
0.704138 
1.021570 
1.021958 
0.916145 
1.072281 
1.221779 
1.328783 
1.244163 
0.684574 
1.055765 
1.300366 
1.028666 
1.112103 
0.947117 
0.726513 
0.793242 
0.880849 
0.779425 
0.968225 
1.245089 
1.048057 
1.009156 
0.910091 
1.182046 
1.310273 
0.744381 
0.954717 
0.812384 
0.688085 
0.842957 
1.031758 
0.924931 
1.113141 
0.945899 
1.341526 
1.256095 
0.691139 
1.065889 
1.312836 
1.038531 
1.129632 
0.956199 
0.712252 
0.811697 
0.889296 
1.038647 
0.977510 
1.257029 
1.009596 
1.018833 
0.918819 
1.193382 
1.322838 
0.734702 
0.942304 
0.801821 
0.650809 
0.954136 
0.979362 
0.806964 
1.201127 
1.211743 
1.324082 
1.242760 
0.682153 
1.052030 
1.295766 
1.025027 
1.114944 
0.943766 
0.840083 
0.944106 
0.877733 
0.776668 
0.964799 
1.240685 
0.996469 
1.005586 
0.906872 
1.177865 
1.305638 
0.712970 
0.914432 
0.778105 
0.659051 
0.987847 
0.998747 
1.233406 
1.174796 
1.181447 
1.284918 
1.203092 
0.661976 
1.020913 
1.257439 
0.994708 
1.081966 
0.915851 
1.182243 
0.777446 
0.851771 
0.753696 
0.936262 
1.203987 
0.966995 
0.975842 
0.880048 
1.143025 
1.267020 
0.722318 
0.926421 
0.788306 
0.602700 
1.000798 
1.001178 
1.245670 
1.119863 
1.191319 
1.301765 
1.218866 
0.670655 
1.034298 
1.273926 
1.007750 
1.089491 
0.927859 
0.711741 
0.777113 
0.862939 
1.073479 
0.948538 
1.219773 
0.961364 
0.988637 
0.891587 
1.158012 
1.283632 
0.736463 
0.944562 
0.803743 
0.652369 
0.820084 
0.981710 
0.808898 
1.060579 
1.220376 
1.327256 
1.242734 
0.683788 
1.054552 
1.298872 
1.027484 
1.117617 
0.946029 
0.842097 
0.792330 
0.879837 
1.094500 
0.967112 
1.243659 
1.046853 
1.007996 
0.909046 
1.180688 
1.308768 
0.733194 
0.940369 
0.800175 
0.677744 
0.952178 
1.016252 
1.264425 
1.208119 
0.931683 
1.321364 
1.237217 
0.680752 
1.049871 
1.293106 
1.102372 
1.112655 
0.941829 
0.722457 
0.799498 
0.875931 
0.775074 
0.962819 
1.238138 
0.975839 
1.003522 
0.905010 
1.175447 
1.302958 
0.732889 
0.939978 
0.799843 
0.649203 
0.881898 
1.026649 
0.804973 
1.055904 
1.208753 
1.320815 
1.239694 
0.680469 
1.049434 
1.292569 
1.101914 
1.105435 
0.941438 
0.701256 
0.941777 
0.875567 
1.022612 
0.962419 
1.237623 
1.041773 
1.003105 
0.904634 
1.174958 
1.302417 
0.737516 
0.945914 
0.804893 
0.615381 
0.835184 
0.983114 
1.271880 
0.917236 
1.117056 
1.329155 
1.322420 
0.684766 
1.056061 
1.300730 
1.108872 
1.112414 
0.947382 
0.843302 
0.778962 
0.881096 
0.779644 
0.968496 
1.245438 
1.000287 
1.009438 
0.910346 
1.182377 
1.310640 
0.733956 
0.941347 
0.801007 
0.612411 
0.831153 
1.017309 
1.265740 
0.912808 
0.947397 
1.322739 
1.316036 
0.681460 
1.050963 
1.294451 
1.023987 
1.107044 
0.942809 
0.839231 
0.800330 
0.876842 
1.090775 
0.963821 
1.239426 
0.995458 
1.004565 
0.905952 
1.176670 
1.304313 
0.739109 
0.947956 
0.806631 
0.616710 
1.024063 
0.985238 
0.918381 
1.145895 
0.939200 
1.332025 
1.250215 
0.686245 
1.058341 
1.303539 
1.111266 
1.114817 
0.949428 
0.707208 
0.805948 
0.882998 
1.031292 
0.970587 
1.248128 
1.002447 
1.011618 
0.912312 
1.184931 
1.313471 
0.742466 
0.952262 
0.810295 
0.619511 
0.925853 
0.989713 
0.922552 
1.213821 
1.124553 
1.338076 
1.331295 
0.689362 
1.063148 
1.309460 
1.035860 
1.126727 
0.953740 
0.710420 
0.809609 
0.887009 
0.784876 
0.974996 
1.253797 
0.988180 
1.016213 
0.916456 
1.190313 
1.319437 
0.720009 
0.923459 
0.785786 
0.600773 
0.935055 
1.008606 
1.241687 
1.026173 
1.187510 
1.297602 
1.217907 
0.668510 
1.030991 
1.269852 
1.082548 
1.086007 
0.924892 
0.709466 
0.925226 
0.860179 
1.070047 
0.945505 
1.215873 
0.958290 
0.985475 
0.888736 
1.154309 
1.279527 
0.716227 
0.918609 
0.781659 
0.597617 
0.893133 
0.954736 
1.235166 
1.031438 
0.924512 
1.290787 
1.208587 
0.664999 
1.025576 
1.263183 
1.076863 
1.080303 
0.920035 
1.187643 
0.920366 
0.855662 
0.999364 
0.940539 
1.209487 
1.018089 
0.980300 
0.884068 
1.148247 
1.272807 
