1.070994 
1.042571 
0.837514 
1.207924 
1.044734 
0.736775 
0.766471 
1.262680 
1.103084 
1.016794 
0.735248 
0.722368 
0.576870 
0.970184 
1.006648 
0.840750 
1.084180 
1.227295 
1.098888 
1.084215 
1.012855 
0.920468 
0.800271 
1.288379 
1.259743 
1.252293 
1.263256 
1.100406 
1.121579 
0.544564 
1.048675 
1.020844 
0.820060 
1.182751 
1.022961 
0.893602 
0.786460 
1.237706 
1.080096 
0.987008 
0.588612 
0.707313 
1.049941 
1.103456 
0.985669 
0.823229 
1.061586 
1.201718 
1.075987 
1.061620 
0.878466 
0.733785 
0.783593 
1.261529 
1.233490 
1.226195 
1.166556 
1.077474 
1.098205 
0.801412 
1.085449 
1.056642 
0.848817 
1.224227 
1.058834 
0.746719 
0.754409 
1.113063 
1.117972 
1.021620 
0.542714 
0.593378 
1.148970 
1.142150 
1.020234 
0.852097 
1.098813 
1.243859 
1.113719 
1.098848 
0.848456 
0.759517 
0.811071 
1.305768 
1.276745 
1.269194 
1.280306 
0.877783 
1.136716 
0.551914 
1.081053 
1.052363 
0.845380 
1.219270 
1.021605 
0.921193 
0.810743 
1.108556 
1.113445 
1.233129 
0.554174 
0.697747 
0.865300 
0.688137 
1.016103 
0.848647 
1.094363 
1.238823 
1.109209 
1.094398 
0.905590 
0.756442 
0.807787 
1.300480 
1.237050 
1.264055 
1.202574 
1.110742 
1.132113 
0.669528 
1.080119 
1.051036 
0.844650 
1.218216 
1.053635 
0.920397 
0.750705 
1.252845 
1.112483 
1.232064 
0.654158 
0.697144 
0.662953 
0.686588 
1.015225 
0.847913 
1.093418 
1.237752 
1.108251 
1.093453 
0.939599 
0.928311 
0.807089 
1.299357 
1.284196 
1.262963 
1.187362 
0.873473 
1.131135 
0.673511 
1.093390 
1.063950 
0.855028 
1.233184 
1.066580 
0.752182 
0.819995 
1.121207 
1.126151 
1.147596 
0.596133 
0.705709 
1.083174 
0.695024 
1.027698 
0.858331 
1.106852 
1.252960 
1.121868 
1.106887 
0.951143 
0.765074 
0.817005 
1.315321 
1.299974 
1.134100 
0.937865 
1.123418 
1.145033 
0.677169 
1.117649 
0.713531 
0.873998 
1.260544 
1.056189 
0.768870 
0.776789 
1.326555 
1.151137 
1.061088 
0.669672 
0.610981 
0.586115 
1.012447 
1.050499 
0.877375 
1.131410 
1.280759 
1.146758 
1.131446 
1.056977 
0.960566 
0.835132 
1.344504 
1.314621 
1.159262 
0.958673 
0.903823 
1.170437 
0.692193 
1.077834 
1.048812 
0.842862 
1.215638 
1.018563 
0.741480 
0.749117 
1.250193 
1.110128 
1.229456 
0.722494 
0.726981 
1.079135 
0.685135 
1.013076 
0.846119 
1.091104 
1.235133 
1.105906 
1.091139 
0.915360 
0.926346 
0.805381 
1.296607 
1.281478 
1.117964 
1.144662 
0.871625 
1.128741 
0.631532 
1.072475 
1.043598 
0.838672 
1.209594 
1.013499 
0.737794 
0.804309 
1.264426 
1.104609 
1.223344 
0.536227 
0.723366 
0.858434 
0.682676 
1.008039 
0.841912 
1.085679 
1.228992 
1.100407 
1.085714 
0.932949 
0.921741 
0.801377 
1.290161 
1.261485 
1.254024 
1.029840 
1.101928 
1.123130 
0.819600 
1.077598 
1.048583 
0.842678 
1.215373 
1.051176 
0.918249 
0.748953 
0.878127 
1.109886 
1.229188 
0.616109 
0.726822 
1.078899 
0.685937 
1.012855 
0.845934 
1.090866 
1.234863 
1.105664 
1.090901 
0.902695 
0.926144 
0.805205 
1.296324 
1.233097 
1.260015 
1.144412 
0.871435 
1.128495 
0.823516 
1.105378 
1.075615 
0.864402 
1.246704 
1.078275 
0.941921 
0.768261 
1.303219 
1.138499 
1.049438 
0.631992 
0.604272 
0.595390 
0.702644 
1.038966 
0.867742 
1.118988 
1.266697 
1.134168 
1.119023 
0.938752 
0.950019 
0.825963 
1.329742 
1.314227 
1.146534 
1.229633 
0.893900 
1.157587 
0.562048 
1.078421 
1.049384 
0.843322 
1.216301 
1.051978 
0.918950 
0.749525 
1.279995 
1.110734 
1.043653 
0.617044 
0.589536 
1.079723 
0.976911 
1.013628 
0.846580 
1.091699 
1.235806 
1.106509 
1.091733 
0.842963 
0.926851 
0.805820 
1.297314 
1.282177 
1.118574 
1.101537 
0.872100 
1.129357 
0.631876 
1.084783 
0.692549 
0.848297 
1.223476 
1.025130 
0.746261 
0.813540 
1.280324 
1.117286 
1.020993 
0.694506 
0.731668 
0.665816 
0.982675 
1.019608 
0.851574 
1.098139 
1.243097 
1.113036 
1.098174 
0.921262 
0.932319 
0.810574 
1.304967 
1.289741 
1.268416 
1.279521 
0.877245 
1.136019 
0.829006 
1.114395 
0.711453 
0.871453 
1.256874 
1.053113 
0.766632 
0.835747 
1.292601 
1.147785 
1.057998 
0.641301 
0.719266 
0.683990 
0.709360 
1.047441 
0.874820 
1.128115 
1.277030 
1.143419 
1.128151 
0.871082 
0.779771 
0.832700 
1.340589 
1.310793 
1.303040 
1.181225 
0.901191 
1.167029 
0.851636 
1.100536 
0.702605 
0.860615 
1.241243 
1.040016 
0.937794 
0.787612 
1.128534 
1.133511 
1.065055 
0.710321 
0.742293 
0.675484 
0.699566 
1.034414 
0.863940 
1.114085 
1.261148 
1.129199 
1.114121 
1.040793 
0.945857 
0.822345 
1.323917 
1.294491 
1.141511 
1.124125 
1.130759 
1.152516 
0.681594 
1.062251 
0.678164 
0.830677 
1.198063 
1.003837 
0.905171 
0.796642 
1.232119 
1.094079 
1.008493 
0.637875 
0.580696 
1.124415 
1.117741 
0.998430 
0.833886 
1.075330 
1.217276 
1.089917 
1.075364 
0.902126 
0.912954 
0.793738 
1.277862 
1.262952 
1.242070 
1.181658 
1.091423 
1.112423 
0.662369 
1.098425 
0.701258 
0.858965 
1.238862 
1.038022 
0.755646 
0.786102 
1.295021 
1.131337 
1.042837 
0.510519 
0.708959 
0.591645 
1.155805 
1.032430 
0.862284 
1.111949 
1.258729 
1.127033 
1.111984 
1.045083 
0.768597 
0.820768 
1.321378 
1.305960 
1.139322 
1.221898 
1.128591 
1.150305 
0.680287 
1.065293 
1.037022 
0.833056 
1.201495 
1.006712 
0.907764 
0.798923 
1.264413 
1.097213 
1.215152 
0.609073 
0.718523 
1.066579 
0.678105 
1.001289 
0.836275 
1.078409 
1.220763 
1.093039 
1.078444 
1.013560 
0.745414 
0.796011 
1.281522 
1.253038 
1.245627 
1.022944 
1.094549 
1.115609 
0.624185 
1.075872 
1.046903 
0.841328 
1.213425 
1.016709 
0.740130 
0.806856 
1.276969 
1.108108 
1.012606 
0.721179 
0.694402 
0.861153 
0.684838 
1.011232 
0.844579 
1.089118 
1.232885 
1.103893 
1.089153 
0.901249 
0.924660 
0.803915 
1.294247 
1.265481 
1.257996 
1.182692 
1.105418 
1.126687 
0.666319 
1.097718 
0.700806 
0.858412 
1.238064 
1.037353 
0.935393 
0.762937 
1.295590 
1.130608 
1.042165 
0.609678 
0.600085 
0.878639 
1.155060 
1.031765 
0.861728 
1.111233 
1.257919 
1.126308 
1.111268 
0.858046 
0.768102 
0.820239 
1.320527 
1.305119 
1.283540 
1.121247 
0.887705 
1.149564 
0.643183 
1.101257 
1.071605 
0.861180 
1.242057 
1.074255 
0.938409 
0.825894 
1.277363 
1.134254 
1.036499 
0.629015 
0.742780 
0.577519 
0.700025 
1.035092 
0.864507 
1.114816 
1.261975 
1.129939 
1.114851 
0.957987 
0.770579 
0.822884 
1.324785 
1.260169 
1.142260 
1.298952 
0.890567 
1.153271 
0.645257 
1.077181 
1.048177 
0.842352 
1.214902 
1.050768 
0.741031 
0.770898 
1.249436 
1.109456 
1.042453 
0.615431 
0.695247 
0.862200 
1.133451 
1.012462 
0.845606 
1.090443 
1.234384 
1.105236 
1.090478 
0.937042 
0.925785 
0.804893 
1.295821 
1.232618 
1.117287 
1.184131 
0.871097 
1.128057 
0.671678 
1.064651 
1.035984 
0.832553 
1.200770 
1.006104 
0.907216 
0.739954 
1.263650 
1.096550 
1.010771 
0.656429 
0.718089 
1.054703 
0.964437 
1.000685 
0.835770 
1.077759 
1.220026 
1.092379 
1.077793 
1.012948 
0.915016 
0.795530 
1.280748 
1.218280 
1.104290 
1.027393 
0.860964 
1.114936 
0.813621 
1.078238 
1.049622 
0.843179 
1.216094 
1.051800 
0.918794 
0.808631 
1.250662 
1.110545 
1.131692 
0.647636 
0.589436 
0.863047 
0.686344 
1.013456 
0.846436 
1.091513 
1.235596 
1.106321 
1.091548 
1.019706 
0.926694 
0.805683 
1.297093 
1.233828 
1.118384 
1.142900 
0.871952 
1.129165 
0.824005 
1.116981 
1.086905 
0.873475 
1.259790 
1.089592 
0.768411 
0.837686 
0.910220 
1.150448 
1.051297 
0.652646 
0.720935 
0.601639 
0.711006 
1.049871 
0.876850 
1.130733 
1.279993 
1.146072 
1.130769 
0.948606 
0.781581 
0.834633 
1.343700 
1.313834 
1.306064 
1.140923 
1.147656 
1.169737 
0.567947 
1.078931 
1.050297 
0.843721 
1.216876 
1.052476 
0.919385 
0.772151 
1.280600 
1.111259 
1.044147 
0.501459 
0.727721 
0.863602 
1.135293 
1.014108 
0.846980 
1.092215 
1.236391 
1.107032 
1.092250 
0.916292 
0.754957 
0.806201 
1.297927 
1.234622 
1.261573 
1.190533 
0.872512 
1.129891 
0.548600 
1.106528 
1.076734 
0.865301 
1.248001 
1.079396 
0.761220 
0.829847 
1.283476 
1.139683 
1.070854 
0.514285 
0.604901 
0.596009 
1.002373 
1.040046 
0.868644 
1.120151 
1.268015 
1.135347 
1.120187 
0.864933 
0.774267 
0.826822 
1.331125 
1.266201 
1.293842 
1.172886 
0.894829 
1.158791 
0.685305 
1.083601 
1.054843 
0.847373 
1.222143 
1.057032 
0.923364 
0.812653 
1.111169 
1.116069 
1.048666 
0.693749 
0.730871 
0.568260 
0.981604 
1.018497 
0.850647 
1.096943 
1.241742 
1.111824 
1.096978 
1.024778 
0.758225 
0.809691 
1.303545 
1.239966 
1.267034 
1.045681 
1.113360 
1.134781 
0.634912 
1.065089 
1.036410 
0.832896 
1.201264 
1.006519 
0.907589 
0.740259 
1.255718 
1.097002 
1.030751 
0.617038 
0.582248 
1.127419 
0.964834 
1.001097 
0.836114 
1.078202 
1.220528 
1.092829 
1.078237 
0.904536 
0.745271 
0.795858 
1.281275 
1.252797 
1.245388 
1.128962 
1.094339 
1.115395 
0.664139 
1.075392 
0.686554 
0.840953 
1.212885 
1.049024 
0.916369 
0.806497 
1.267866 
1.107614 
1.020969 
0.771835 
0.694093 
1.076691 
0.683584 
1.010782 
0.844202 
1.088633 
1.232335 
1.103401 
1.088667 
0.840596 
0.924248 
0.803557 
1.293670 
1.278576 
1.115432 
1.268444 
1.104925 
1.126185 
0.666022 
1.064587 
1.035922 
0.832504 
1.200698 
1.006045 
0.732367 
0.761885 
1.091671 
1.096485 
1.214347 
0.713615 
0.581973 
1.065872 
0.964380 
1.000626 
0.835720 
1.077695 
1.219953 
1.092314 
1.077729 
1.006796 
0.744920 
0.795483 
1.280672 
1.218208 
1.244801 
1.174705 
1.093824 
1.114869 
0.659330 
1.087643 
1.058778 
0.850533 
1.226702 
1.027833 
0.748228 
0.815685 
1.282309 
1.120232 
1.023685 
0.621409 
0.594577 
0.667571 
1.144460 
1.022296 
0.853820 
1.101034 
1.246374 
1.115971 
1.101069 
0.850172 
0.761053 
0.812711 
1.308408 
1.244591 
1.271760 
1.110957 
1.117513 
1.139014 
0.673609 
1.098405 
1.068830 
0.858949 
1.238840 
1.038003 
0.935979 
0.786088 
0.895083 
1.131317 
1.062993 
0.610060 
0.600461 
1.162685 
0.699182 
1.032412 
0.862268 
1.111929 
1.258707 
1.127013 
1.111964 
0.920125 
0.768583 
0.820753 
1.321354 
1.305937 
1.284344 
1.164276 
0.888261 
1.150285 
0.684913 
1.094637 
1.065163 
0.856002 
1.234590 
1.067796 
0.932768 
0.783391 
1.269683 
1.127435 
1.059346 
0.632422 
0.706514 
0.589604 
1.151819 
1.028870 
0.859310 
1.108114 
1.254388 
1.123146 
1.108149 
0.916968 
0.765946 
0.817937 
1.316821 
1.287553 
1.135393 
1.118100 
0.885213 
1.146338 
0.556586 
1.096695 
0.700154 
0.857612 
1.236911 
1.036387 
0.754456 
0.784864 
1.294383 
1.129555 
1.041194 
0.599526 
0.599526 
1.160875 
0.697125 
1.030805 
0.860926 
1.110198 
1.256747 
1.125259 
1.110233 
1.043437 
0.767387 
0.819475 
1.319297 
1.254949 
1.137528 
1.219974 
1.126813 
1.148494 
0.679216 
1.080536 
0.689837 
0.844975 
1.218686 
1.054041 
0.743339 
0.773299 
1.273930 
1.112912 
1.134104 
0.701731 
0.590692 
1.070439 
0.687807 
1.015616 
0.848240 
1.093839 
1.238229 
1.108678 
1.093874 
1.021879 
0.928669 
0.807400 
1.299858 
1.284691 
1.263450 
1.103697 
1.110210 
1.131571 
0.673771 
1.098462 
0.701281 
0.858993 
1.238904 
1.038056 
0.755671 
0.786128 
1.296468 
1.131375 
1.033867 
0.659783 
0.708982 
1.162744 
0.995066 
1.032465 
0.862312 
1.111986 
1.258771 
1.127071 
1.112021 
0.920172 
0.768623 
0.820795 
1.321422 
1.256970 
1.284410 
1.060021 
0.888306 
1.150344 
0.558531 
1.125137 
0.718312 
0.879854 
1.268990 
1.097549 
0.774022 
0.805219 
1.153761 
1.158849 
1.088863 
0.627598 
0.726200 
1.126495 
0.716198 
1.057538 
0.883253 
1.138990 
1.289340 
1.154441 
1.139026 
0.879479 
0.787288 
0.840727 
1.353512 
1.287495 
1.167029 
0.965096 
0.909878 
1.178279 
0.701582 
1.082870 
1.053712 
0.846800 
1.221318 
1.023322 
0.922741 
0.752617 
1.276681 
1.115315 
1.019192 
0.552091 
0.698919 
1.146240 
0.688337 
1.017810 
0.850072 
1.096202 
1.240904 
1.111073 
1.096237 
1.024086 
0.930674 
0.809144 
1.302665 
1.287466 
1.123188 
1.150010 
0.875697 
1.134015 
0.550603 
1.072808 
1.044337 
0.838933 
1.209970 
1.013814 
0.914167 
0.767769 
1.100101 
1.104953 
1.223724 
0.610240 
0.723591 
0.858701 
0.682888 
1.008353 
0.842174 
1.086017 
1.229374 
1.100750 
1.086051 
0.911092 
0.922027 
0.801626 
1.290562 
1.227615 
1.254414 
1.183777 
1.102270 
1.123479 
0.664422 
1.075745 
1.046780 
0.841229 
1.213283 
1.049368 
0.740043 
0.806762 
1.268282 
1.107977 
1.041064 
0.551453 
0.588073 
1.077044 
0.684757 
1.011113 
0.844479 
1.088990 
1.232739 
1.103763 
1.089024 
1.017348 
0.924551 
0.803821 
1.294094 
1.278995 
1.257848 
1.182553 
1.105288 
1.126554 
0.546980 
1.093894 
1.064863 
0.855421 
1.233752 
1.033740 
0.752528 
0.782859 
1.268822 
1.126670 
1.148124 
0.633726 
0.597994 
0.875578 
0.695344 
1.028171 
0.858726 
1.107362 
1.253537 
1.122384 
1.107397 
0.951581 
0.765426 
0.817382 
1.315927 
1.286679 
1.279069 
1.117341 
1.123935 
1.145560 
0.556208 
1.084824 
1.055614 
0.848329 
1.223522 
1.025169 
0.746289 
0.753975 
1.280372 
1.117329 
1.138605 
0.689793 
0.593036 
0.584319 
0.689579 
1.019647 
0.851607 
1.098180 
1.243144 
1.113078 
1.098215 
1.025934 
0.759080 
0.810605 
1.305016 
1.289790 
1.268464 
1.206769 
1.114616 
1.136062 
0.829038 
1.084095 
0.692109 
0.847759 
1.222700 
1.057513 
0.923785 
0.753468 
1.111675 
1.116577 
1.137839 
0.540919 
0.592638 
1.085403 
1.140726 
1.018961 
0.851034 
1.097442 
1.242308 
1.112330 
1.097477 
1.025245 
0.931727 
0.810060 
1.304139 
1.240530 
1.124458 
1.149108 
0.876688 
1.135298 
0.675990 
1.087484 
1.058623 
0.850409 
1.226523 
1.060819 
0.926673 
0.815565 
1.261387 
1.120068 
1.032449 
0.610395 
0.594490 
0.570296 
0.985121 
1.022147 
0.853695 
1.100873 
1.246192 
1.115808 
1.100908 
0.923556 
0.934640 
0.812592 
1.308216 
1.292952 
1.127974 
1.110794 
0.879429 
1.138848 
0.831071 
1.080237 
1.051569 
0.844742 
1.218349 
1.053750 
0.920497 
0.773085 
1.274958 
1.112604 
1.045411 
0.606327 
0.590529 
0.663025 
0.686663 
1.015335 
0.848006 
1.093537 
1.237887 
1.108372 
1.093572 
0.844383 
0.928412 
0.807177 
1.299498 
1.270615 
1.263100 
1.201666 
1.109903 
1.131258 
0.825532 
1.120549 
0.715383 
0.876266 
1.263815 
1.093073 
0.770866 
0.801935 
1.149056 
1.154124 
1.054656 
0.717404 
0.612566 
0.587636 
0.712288 
1.053225 
0.879651 
1.134345 
1.284082 
1.149734 
1.134382 
0.938675 
0.963058 
0.837299 
1.347993 
1.332265 
1.310237 
1.231805 
0.906168 
1.173474 
0.693989 
1.087392 
1.058533 
0.850337 
1.226418 
1.027595 
0.748055 
0.815496 
1.290642 
1.119973 
1.240359 
0.682920 
0.701837 
0.585702 
0.691211 
1.022060 
0.853622 
1.100779 
1.246086 
1.115713 
1.100815 
0.849975 
0.934561 
0.812523 
1.308105 
1.279031 
1.271466 
1.049338 
1.117254 
1.138751 
0.673454 
1.083528 
1.054772 
0.847315 
1.222060 
1.056960 
0.923301 
0.753074 
1.277457 
1.115993 
1.048595 
0.699343 
0.699343 
0.867281 
0.689711 
1.018428 
0.850589 
1.096868 
1.241658 
1.111748 
1.096903 
0.846955 
0.758173 
0.809636 
1.303457 
1.288248 
1.123870 
1.191108 
1.113284 
1.134704 
0.675636 
1.097128 
1.068011 
0.857951 
1.237400 
1.036796 
0.754753 
0.762527 
1.302198 
1.130001 
1.251465 
0.584105 
0.599762 
1.086877 
0.697400 
1.031212 
0.861265 
1.110636 
1.257243 
1.125703 
1.110671 
0.857586 
0.767690 
0.819798 
1.319818 
1.255445 
1.137977 
1.162923 
0.887228 
1.148947 
0.679484 
1.125040 
0.718249 
0.879777 
1.268880 
1.097454 
0.773955 
0.781926 
1.326399 
1.158749 
1.088769 
0.577054 
0.758820 
0.690524 
0.715142 
1.057446 
0.883177 
1.138891 
1.289228 
1.154341 
1.138928 
1.063967 
0.787220 
0.840655 
1.353395 
1.337604 
1.166928 
1.080315 
0.909799 
1.178177 
0.659192 
1.104641 
0.705227 
0.863826 
1.245873 
1.077556 
0.759922 
0.828432 
1.311116 
1.137739 
1.159404 
0.581286 
0.603870 
0.594993 
1.162346 
1.038273 
0.867163 
1.118242 
1.265853 
1.133411 
1.118277 
1.044676 
0.772947 
0.825412 
1.328856 
1.264042 
1.291636 
1.060727 
0.893304 
1.156815 
0.684137 
1.090108 
1.061177 
0.852461 
1.229482 
1.030162 
0.928908 
0.757648 
1.293866 
1.122770 
1.243457 
0.672125 
0.703591 
0.587165 
0.693900 
1.024613 
0.855754 
1.103529 
1.249198 
1.118500 
1.103564 
0.948288 
0.762777 
0.814553 
1.311372 
1.296072 
1.130695 
1.198342 
1.120045 
1.141595 
0.554283 
1.077642 
1.048626 
0.842713 
1.215422 
1.018381 
0.918286 
0.771228 
1.105058 
1.109931 
1.229238 
0.660099 
0.695545 
1.140706 
0.685014 
1.012896 
0.845968 
1.090910 
1.234913 
1.105709 
1.090945 
0.842354 
0.754055 
0.805238 
1.296376 
1.233146 
1.117765 
1.184638 
1.107237 
1.128541 
0.631420 
1.080042 
0.689522 
0.844590 
1.218129 
1.053560 
0.743000 
0.772946 
1.273348 
1.112404 
1.133586 
0.691471 
0.728471 
0.662906 
1.136462 
1.015152 
0.847853 
1.093340 
1.237664 
1.108172 
1.093375 
1.021412 
0.928245 
0.807032 
1.299264 
1.270386 
1.120255 
1.103193 
1.109703 
1.131055 
0.673463 
1.120589 
0.715408 
0.876297 
1.263860 
1.058967 
0.770893 
0.778833 
0.913160 
1.154165 
1.054694 
0.671434 
0.612588 
1.110119 
0.713303 
1.053263 
0.879683 
1.134386 
1.284128 
1.149775 
1.134422 
0.875924 
0.963093 
0.837329 
1.348041 
1.318079 
1.310283 
0.961195 
0.906201 
1.173516 
0.856370 
1.057901 
1.029416 
0.827275 
1.193157 
1.031962 
0.727768 
0.735263 
1.247244 
1.089599 
0.995692 
0.601761 
0.713537 
1.119810 
1.113164 
0.994341 
0.830472 
1.070926 
1.212291 
1.085454 
1.070960 
1.000473 
0.909215 
0.790487 
1.272629 
1.210557 
1.097290 
1.121343 
1.086954 
1.107868 
0.655189 
1.091457 
1.062491 
0.853516 
1.231004 
1.064695 
0.750852 
0.758586 
1.288201 
1.124161 
1.027275 
0.657424 
0.736170 
0.587892 
0.694759 
1.025881 
0.856814 
1.104895 
1.250745 
1.119884 
1.104931 
0.853153 
0.763722 
0.815561 
1.312996 
1.283813 
1.276220 
1.204355 
1.121432 
1.143009 
0.834107 
1.116130 
1.086509 
0.872810 
1.258831 
1.088763 
0.767826 
0.798773 
1.315895 
1.149573 
1.050497 
0.619905 
0.610150 
0.685056 
0.709479 
1.049072 
0.876182 
1.129872 
1.279018 
1.145200 
1.129908 
0.872439 
0.780986 
0.833997 
1.342677 
1.327011 
1.157687 
1.183064 
0.902594 
1.168847 
0.691252 
1.098378 
1.069228 
0.858928 
1.238810 
1.071446 
0.935956 
0.786068 
1.126322 
1.131289 
1.152831 
0.628463 
0.708929 
0.576009 
0.698195 
1.032387 
0.862247 
1.111902 
1.258676 
1.126985 
1.111937 
1.038753 
0.944003 
0.820733 
1.321322 
1.256875 
1.139274 
1.211991 
0.888239 
1.150256 
0.643570 
1.120288 
1.090556 
0.876061 
1.263520 
1.058682 
0.770686 
0.801748 
0.912915 
1.153855 
1.084170 
0.640516 
0.612423 
0.603421 
0.713111 
1.052980 
0.879446 
1.134081 
1.283783 
1.149466 
1.134117 
1.065884 
0.962834 
0.837104 
1.347678 
1.281946 
1.309931 
1.081084 
0.905957 
1.173201 
0.698558 
1.105000 
1.075247 
0.864107 
1.246278 
1.044235 
0.760169 
0.767998 
1.133112 
1.138109 
1.260445 
0.552489 
0.745304 
0.595187 
0.702404 
1.038611 
0.867445 
1.118605 
1.266264 
1.133780 
1.118641 
0.925650 
0.949695 
0.825681 
1.329288 
1.264453 
1.146142 
1.171267 
1.135347 
1.157191 
0.561855 
1.081137 
1.052026 
0.845445 
1.219364 
1.021684 
0.743752 
0.810805 
1.254025 
1.113531 
1.233224 
0.539443 
0.729209 
0.663577 
1.137613 
1.016181 
0.848712 
1.094448 
1.238918 
1.109295 
1.094483 
0.940484 
0.756500 
0.807849 
1.300581 
1.285406 
1.121390 
1.148170 
1.110828 
1.132201 
0.549722 
1.095861 
0.699621 
0.856960 
1.235970 
1.035598 
0.753882 
0.784267 
1.293398 
1.128696 
1.040402 
0.561764 
0.599070 
1.085621 
0.697562 
1.030020 
0.860271 
1.109353 
1.255791 
1.124402 
1.109388 
1.042643 
0.941840 
0.818851 
1.318293 
1.302912 
1.281369 
1.219046 
0.886203 
1.147620 
0.683327 
1.083252 
1.054085 
0.847100 
1.221750 
1.023683 
0.923067 
0.752883 
1.110811 
1.115710 
1.019553 
0.555301 
0.592177 
0.867060 
0.981288 
1.018169 
0.850373 
1.096589 
1.241342 
1.111466 
1.096624 
1.030647 
0.757980 
0.809430 
1.303126 
1.239567 
1.266626 
1.148215 
1.113001 
1.134416 
0.634707 
1.072980 
1.044504 
0.839067 
1.210164 
1.046671 
0.914313 
0.767892 
1.266393 
1.105129 
1.126173 
0.550035 
0.723707 
1.062954 
0.971982 
1.008514 
0.842309 
1.086190 
1.229571 
1.100925 
1.086225 
0.933388 
0.922175 
0.801754 
1.290768 
1.227812 
1.112930 
1.035431 
0.867700 
1.123658 
0.628688 
1.095023 
0.699086 
0.856304 
1.235025 
1.034806 
0.753305 
0.761063 
1.122880 
1.127832 
1.149309 
0.785924 
0.598611 
1.159104 
0.697028 
1.029232 
0.859613 
1.108504 
1.254830 
1.123542 
1.108540 
0.952563 
0.941119 
0.818225 
1.317285 
1.301915 
1.280389 
1.118494 
0.885525 
1.146742 
0.678180 
1.074245 
1.045735 
0.840056 
1.211591 
1.015171 
0.915391 
0.746623 
1.101574 
1.106432 
1.011075 
0.574779 
0.693352 
1.064207 
1.130362 
1.009703 
0.843302 
1.087471 
1.231020 
1.102224 
1.087506 
0.934489 
0.923262 
0.802700 
1.292290 
1.277212 
1.114242 
1.140851 
0.868723 
1.124983 
0.629429 
1.103136 
1.073433 
0.862649 
1.244175 
1.076087 
0.758886 
0.827303 
1.301984 
1.136189 
1.258318 
0.565819 
0.744047 
0.578504 
0.702193 
1.036858 
0.865982 
1.116718 
1.264128 
1.131867 
1.116753 
1.043252 
0.771893 
0.824287 
1.327045 
1.262319 
1.144208 
1.126781 
0.892086 
1.155239 
0.687863 
1.083415 
0.691676 
0.847227 
1.221934 
1.023837 
0.923206 
0.752996 
1.110978 
1.115878 
1.235823 
0.726235 
0.592266 
1.146818 
0.689640 
1.018323 
0.850501 
1.096754 
1.241529 
1.111633 
1.096789 
0.920100 
0.758094 
0.809552 
1.303322 
1.288115 
1.266817 
1.277907 
1.113169 
1.134587 
0.550880 
1.074899 
1.046372 
0.840568 
1.212329 
1.048543 
0.915949 
0.769265 
1.246790 
1.107106 
1.040245 
0.532456 
0.725002 
0.860374 
1.131050 
1.010318 
0.843815 
1.088133 
1.231770 
1.102895 
1.088168 
0.900434 
0.752136 
0.803189 
1.293077 
1.264337 
1.256859 
1.037283 
1.104419 
1.125668 
0.546550 
1.100533 
0.702604 
0.860613 
1.241240 
1.073548 
0.757096 
0.825351 
1.276523 
1.133508 
1.044838 
0.613874 
0.710319 
1.164937 
0.996942 
1.034412 
0.863938 
1.114083 
1.261145 
1.129196 
1.114118 
0.860247 
0.770072 
0.822343 
1.323914 
1.294488 
1.141509 
1.166532 
0.889981 
1.152513 
0.559584 
1.081016 
0.690144 
0.845351 
1.219228 
1.021570 
0.921161 
0.751329 
1.283075 
1.113406 
1.017448 
0.666520 
0.697723 
1.082321 
0.687158 
1.016068 
0.848617 
1.094326 
1.238780 
1.109171 
1.094361 
0.918062 
0.929081 
0.807759 
1.300435 
1.271532 
1.121265 
1.104188 
1.110704 
1.132074 
0.826128 
1.100775 
0.702759 
0.860803 
1.241513 
1.040243 
0.937999 
0.765062 
1.299199 
1.133758 
1.045068 
0.550377 
0.601756 
0.881086 
0.997162 
1.034640 
0.864129 
1.114328 
1.261423 
1.129445 
1.114364 
0.957567 
0.770242 
0.822524 
1.324205 
1.308755 
1.287115 
1.124370 
0.890177 
1.152767 
0.686391 
1.089639 
0.695649 
0.852094 
1.228953 
1.062921 
0.928509 
0.757322 
1.284662 
1.122287 
1.054509 
0.594088 
0.595668 
0.668796 
0.987073 
1.024172 
0.855386 
1.103054 
1.248661 
1.118018 
1.103090 
0.947880 
0.936492 
0.814202 
1.310808 
1.246874 
1.274094 
1.154984 
1.119563 
1.141104 
0.679447 
1.090699 
0.696325 
0.852923 
1.230148 
1.030720 
0.750330 
0.780572 
1.285911 
1.123379 
1.026561 
0.660565 
0.596248 
0.669446 
1.147675 
1.025168 
0.856218 
1.104127 
1.249875 
1.119106 
1.104162 
0.852560 
0.937403 
0.814994 
1.312083 
1.296774 
1.131308 
1.158325 
1.120652 
1.142214 
0.833527 
1.080220 
0.689636 
0.844729 
1.218330 
1.053733 
0.743122 
0.750776 
1.252962 
1.112587 
1.133773 
0.522203 
0.590519 
1.081524 
1.136649 
1.015319 
0.847992 
1.093520 
1.237868 
1.108354 
1.093555 
1.027762 
0.755859 
0.807164 
1.299478 
1.284316 
1.120440 
1.187472 
1.109886 
1.131241 
0.669012 
1.043894 
1.015786 
0.816321 
1.177359 
1.018297 
0.889528 
0.747076 
1.239013 
1.075172 
0.991065 
0.716643 
0.704089 
1.104983 
1.098425 
0.981175 
0.819475 
1.056746 
1.196240 
1.071082 
1.056780 
0.874461 
0.897176 
0.780020 
1.255778 
1.227867 
1.220605 
1.147539 
1.072562 
1.093198 
0.611646 
1.091156 
1.061776 
0.853281 
1.230664 
1.031153 
0.750645 
0.818319 
1.287846 
1.123850 
1.145251 
0.623860 
0.704267 
0.572222 
0.693604 
1.025598 
0.856577 
1.104591 
1.250400 
1.119575 
1.104626 
1.031923 
0.763511 
0.815336 
1.312634 
1.297318 
1.275868 
1.114545 
1.121122 
1.142693 
0.675785 
1.050528 
1.022648 
0.821509 
1.184841 
1.024769 
0.895182 
0.751824 
1.238551 
1.082005 
1.198310 
0.574288 
0.574288 
1.051796 
1.105406 
0.987411 
0.824684 
1.063462 
1.203842 
1.077889 
1.063496 
0.892170 
0.902878 
0.784978 
1.263759 
1.235670 
1.089642 
1.239116 
1.079378 
1.100146 
0.615533 
1.093631 
0.698197 
0.855216 
1.233455 
1.066815 
0.931910 
0.760096 
1.298047 
1.126399 
1.147848 
0.541735 
0.705864 
0.875367 
0.990689 
1.027924 
0.858520 
1.107095 
1.253235 
1.122114 
1.107131 
0.916126 
0.939923 
0.817185 
1.315610 
1.251442 
1.134349 
1.117073 
0.884400 
1.145285 
0.677318 
1.083550 
0.691761 
0.847332 
1.222085 
1.023964 
0.745412 
0.775456 
1.278868 
1.116016 
1.137267 
0.582177 
0.699358 
1.084858 
0.688769 
1.018449 
0.850606 
1.096890 
1.241683 
1.111771 
1.096925 
1.030930 
0.931259 
0.809652 
1.303483 
1.288274 
1.123893 
1.195629 
1.113307 
1.134727 
0.675650 
1.096839 
1.067306 
0.857725 
1.237074 
1.036523 
0.934645 
0.784967 
1.301856 
1.129704 
1.151216 
0.577181 
0.739800 
0.575202 
0.698185 
1.030940 
0.861039 
1.110344 
1.256912 
1.125406 
1.110379 
1.037297 
0.767488 
0.819583 
1.319470 
1.255114 
1.282513 
1.120350 
0.886994 
1.148645 
0.679305 
1.089671 
1.060330 
0.852119 
1.228989 
1.062952 
0.749623 
0.757344 
1.293347 
1.122320 
1.034525 
0.629553 
0.595686 
1.079489 
0.693622 
1.024202 
0.855411 
1.103087 
1.248697 
1.118051 
1.103122 
0.851756 
0.936520 
0.814226 
1.310847 
1.295552 
1.274131 
1.113028 
0.881197 
1.141138 
0.679467 
1.088360 
1.059476 
0.851094 
1.227510 
1.028510 
0.748721 
0.778898 
1.116048 
1.120970 
1.142316 
0.621818 
0.734080 
0.668011 
1.145214 
1.022970 
0.854382 
1.101760 
1.247195 
1.116706 
1.101795 
1.035506 
0.935393 
0.813247 
1.309270 
1.293993 
1.128882 
1.050273 
0.880137 
1.139765 
0.637700 
1.106184 
0.706212 
0.865033 
1.247614 
1.045354 
0.760984 
0.791655 
1.305583 
1.139329 
1.161024 
0.534755 
0.604713 
0.580103 
0.703157 
1.039724 
0.868375 
1.119804 
1.267621 
1.134995 
1.119839 
0.962273 
0.774027 
0.826565 
1.330712 
1.265808 
1.293440 
1.304764 
1.136563 
1.158431 
0.845362 
1.093199 
0.697921 
0.854878 
1.232968 
1.066394 
0.752050 
0.759796 
0.890840 
1.125954 
1.057954 
0.597614 
0.597614 
1.157173 
0.990298 
1.027518 
0.858181 
1.106658 
1.252740 
1.121671 
1.106693 
0.928408 
0.764940 
0.816862 
1.315091 
1.299746 
1.133901 
1.289447 
1.123221 
1.144832 
0.835438 
1.093443 
1.064001 
0.855069 
1.233243 
1.066632 
0.931750 
0.759965 
1.297824 
1.126205 
1.058191 
0.638893 
0.705743 
0.588961 
0.696023 
1.027747 
0.858372 
1.106905 
1.253020 
1.121921 
1.106940 
0.951189 
0.765111 
0.817045 
1.315384 
1.286148 
1.278541 
1.049974 
1.123471 
1.145088 
0.677201 
1.103555 
0.704533 
0.862977 
1.244649 
1.042870 
0.759175 
0.766994 
1.131630 
1.136621 
1.067977 
0.567375 
0.603276 
1.104888 
1.161203 
1.037253 
0.866311 
1.117142 
1.264608 
1.132297 
1.117178 
0.862610 
0.948453 
0.824601 
1.327550 
1.262799 
1.144644 
1.227605 
0.892426 
1.155678 
0.561121 
1.125320 
0.718428 
0.879996 
1.269196 
1.063437 
0.958913 
0.782121 
1.153949 
1.159038 
1.059146 
0.561488 
0.759009 
0.690696 
0.715320 
1.057709 
0.883396 
1.139175 
1.289549 
1.154629 
1.139211 
0.942671 
0.787416 
0.840864 
1.353732 
1.323643 
1.315815 
1.085939 
0.910026 
1.178470 
0.701696 
1.115023 
0.711855 
0.871944 
1.257583 
1.087683 
0.950139 
0.797980 
0.908624 
1.148432 
1.271878 
0.609545 
0.609545 
1.180275 
0.708775 
1.048031 
0.875313 
1.128751 
1.277750 
1.144064 
1.128787 
0.969962 
0.780211 
0.833170 
1.341345 
1.311532 
1.156538 
1.138924 
0.901699 
1.167687 
0.566952 
1.088139 
1.059261 
0.850921 
1.227261 
1.028301 
0.748570 
0.756279 
1.262147 
1.120743 
1.024152 
0.539014 
0.702320 
0.586105 
1.144982 
1.022763 
0.854209 
1.101536 
1.246942 
1.116480 
1.101571 
1.035296 
0.935203 
0.813082 
1.309004 
1.279910 
1.272340 
1.200693 
0.879959 
1.139534 
0.553282 
1.084440 
1.055660 
0.848029 
1.223090 
1.024806 
0.746025 
0.776093 
1.112029 
1.116933 
1.138202 
0.744479 
0.592826 
1.085749 
0.689335 
1.019286 
0.851305 
1.097792 
1.242704 
1.112684 
1.097827 
0.847668 
0.758812 
0.810318 
1.304555 
1.289333 
1.124817 
1.279116 
1.114222 
1.135660 
0.676205 
1.077911 
1.048887 
0.842923 
1.215725 
1.051481 
0.918515 
0.771421 
0.878382 
1.110208 
1.229545 
0.622758 
0.695718 
1.079212 
0.976449 
1.013149 
0.846180 
1.091182 
1.235221 
1.105985 
1.091217 
0.902957 
0.754243 
0.805439 
1.296700 
1.281570 
1.118044 
1.035059 
1.107513 
1.128822 
0.667582 
1.086302 
0.693518 
0.849484 
1.225189 
1.059666 
0.925665 
0.814679 
1.260016 
1.118851 
1.031327 
0.728170 
0.701134 
0.869501 
0.984050 
1.021036 
0.852767 
1.099676 
1.244837 
1.114595 
1.099711 
1.033548 
0.760114 
0.811709 
1.306794 
1.291547 
1.126748 
1.043117 
0.878473 
1.137610 
0.830167 
1.067783 
0.681695 
0.835003 
1.204302 
1.041601 
0.909885 
0.764172 
1.238535 
1.099776 
1.217991 
0.593052 
0.720202 
0.854678 
1.123562 
1.003629 
0.838229 
1.080929 
1.223615 
1.095593 
1.080964 
1.015928 
0.917708 
0.797871 
1.284516 
1.269528 
1.107539 
1.133988 
0.863497 
1.118216 
0.816014 
1.114221 
0.711342 
0.871317 
1.256677 
1.052949 
0.766512 
0.774407 
0.907970 
1.147606 
1.270962 
0.609106 
0.609106 
1.103809 
0.709249 
1.047277 
0.874683 
1.127939 
1.276830 
1.143240 
1.127975 
0.969264 
0.779650 
0.832570 
1.340380 
1.275003 
1.155706 
1.224849 
0.901050 
1.166847 
0.851503 
1.072746 
0.684864 
0.838884 
1.209901 
1.013755 
0.914114 
0.804513 
1.264746 
1.104889 
1.125928 
0.531542 
0.586434 
1.062723 
0.971771 
1.008295 
0.842125 
1.085954 
1.229303 
1.100686 
1.085989 
1.014512 
0.750629 
0.801580 
1.290487 
1.261804 
1.112688 
1.183708 
1.102207 
1.123414 
0.819808 
1.107067 
0.706776 
0.865723 
1.248610 
1.046189 
0.943360 
0.792287 
1.284102 
1.140238 
1.051042 
0.543117 
0.714537 
0.580566 
0.703718 
1.040554 
0.869068 
1.120698 
1.268633 
1.135901 
1.120733 
0.927382 
0.951471 
0.827225 
1.331775 
1.266818 
1.294473 
1.130797 
1.137470 
1.159356 
0.690314 
1.072015 
1.043564 
0.838312 
1.209075 
1.045729 
0.913491 
0.803964 
1.099287 
1.104135 
1.125160 
0.609789 
0.691913 
1.061998 
0.681437 
1.007607 
0.841551 
1.085213 
1.228465 
1.099935 
1.085248 
1.019955 
0.921345 
0.801033 
1.289607 
1.260944 
1.111929 
1.138482 
0.866919 
1.122648 
0.819249 
